rf0002 -0.171380 0.150620 0.000000
rf0003 0.092210 0.075310 0.301240
rf0010 -0.434960 0.188270 0.000000
rf0011 -0.171380 0.150620 0.112960
rf0013 -0.209030 0.075310 0.000000
rf0015 0.242830 0.000000 0.414210
rf0016 -0.058410 0.075310 0.000000
rf0022 -0.171380 0.037660 0.112960
rf0024 -0.133720 0.188270 0.000000
rf0029 -0.322000 0.150620 0.150620
rf0030 -0.020760 0.075310 0.000000
rf0031 0.167520 0.037650 0.301240
rf0040 0.205170 0.037660 0.000000
rf0048 -0.397310 0.225930 0.112960
rf0053 -0.510270 0.188270 0.000000
rf0060 -0.284340 0.150620 0.112970
rf0062 -0.133720 0.150620 0.000000
rf0064 -0.585580 0.225930 0.112970
rf0065 -0.322000 0.150620 0.000000
rf0072 -0.698550 0.263590 0.112960
rf0073 -0.472620 0.225930 0.000000
rf0092 0.280480 0.037660 0.263580
rf0125 0.129860 0.075310 0.000000
rf0127 -0.284340 0.075310 0.075310
rf0129 -0.096070 0.112970 0.000000
rf0132 -0.133720 0.112960 0.112970
rf0134 0.054550 0.037660 0.000000
rf0138 -0.058410 0.075310 0.037660
rf0164 0.205170 0.037660 0.000000
rf0166 0.016900 0.075310 0.075310
rf0169 -0.359650 0.188270 0.000000
rf0176 0.092210 0.037650 0.414210
rf0180 -0.171380 0.188280 0.000000
rf0190 -0.171380 0.075310 0.112960
rf0201 -0.547930 0.301240 0.000000
rf0204 -0.510270 0.225930 0.112970
rf0205 -0.096070 0.263590 0.000000
rf0223 -0.096070 0.225930 0.150620
rf0234 -0.171380 0.301240 0.000000
rf0237 0.054550 0.075310 0.263580
rf0241 -0.698550 0.301240 0.000000
rf0248 -0.133720 0.075310 0.075310
rf0249 0.242830 0.037650 0.000000
rf0250 -0.623240 0.263590 0.112960
rf0251 -0.209030 0.188270 0.000000
rf0258 -0.133720 0.225930 0.150620
rf0263 -0.284340 0.225930 0.000000
rf0267 -0.171380 0.150620 0.188270
rf0271 0.016900 0.188270 0.000000
rf0283 0.016900 0.150620 0.225930
rf0284 -0.547930 0.263590 0.000000
rf0287 0.016900 0.150620 0.112970
rf0292 0.092210 0.075310 0.000000
rf0295 -0.020760 0.112970 0.112960
rf0298 -0.171380 0.150620 0.000000
rf0306 -0.434960 0.188270 0.112970
rf0309 -0.096070 0.112970 0.000000
rf0315 0.016900 0.150620 0.112970
rf0319 0.016900 0.150620 0.000000
rf0324 -0.171380 0.037660 0.037650
rf0338 -0.397310 0.112970 0.000000
rf0339 0.054550 0.075310 0.263580
rf0343 -0.058410 0.112960 0.000000
rf0348 0.280480 0.037660 0.376550
rf0351 -0.359650 0.188270 0.000000
rf0354 0.016900 0.075310 0.376550
rf0358 -0.585580 0.263580 0.000000
rf0363 -0.623240 0.225930 0.112960
rf0364 -0.020760 0.112970 0.000000
rf0366 -0.397310 0.150620 0.150620
rf0372 -0.133720 0.037650 0.000000
rf0375 -0.020760 0.112970 0.075310
rf0377 -0.133720 0.075310 0.000000
rf0383 -0.209030 0.301240 0.112970
rf0385 -0.171380 0.112970 0.000000
rf0386 0.054550 0.075310 0.301240
rf0388 0.242830 0.000000 0.000000
rf0396 0.016900 0.112960 0.188280
rf0397 0.016900 0.075310 0.000000
rf0399 -0.171380 0.112970 0.150620
rf0400 0.355790 0.037660 0.000000
rf0403 -0.434960 0.301240 0.075310
rf0415 -0.171380 0.188280 0.000000
rf0419 -0.623240 0.263590 0.112960
rf0428 -0.434960 0.263580 0.000000
rf0439 -0.698550 0.263590 0.112960
rf0444 -0.020760 0.188280 0.000000
rf0474 -0.510270 0.188270 0.112970
rf0477 -0.397310 0.188280 0.000000
rf0488 -0.209030 0.188270 0.150620
rf0496 -0.510270 0.263580 0.000000
rf0499 -0.397310 0.188280 0.112960
rf0500 0.092210 0.037650 0.000000
rf0503 -0.322000 0.150620 0.075310
rf0513 0.129860 0.075310 0.000000
rf0630 -0.736200 0.225930 0.112970
rf0795 -0.434960 0.338890 0.000000
rs0001 -0.510270 0.225930 0.112970
rs0003 -0.359650 0.225930 0.000000
rs0010 -0.246690 0.150620 0.112960
rs0012 -0.322000 0.263590 0.000000
rs0013 -0.284340 0.225930 0.112970
rs0022 -0.096070 0.075310 0.000000
rs0029 -0.096070 0.075310 0.075310
rs0030 -0.246690 0.188280 0.000000
rs0046 -0.058410 0.225930 0.150620
rs0051 -0.133720 0.225930 0.000000
rs0052 0.016900 0.075310 0.301240
rs0053 -0.020760 0.112970 0.000000
rs0054 -0.397310 0.188280 0.150620
rs0062 -0.472620 0.188280 0.000000
rs0087 -0.058410 0.112960 0.338900
rs0088 -0.434960 0.225930 0.000000
rs0089 -0.020760 0.188280 0.225930
rs0090 -0.510270 0.188270 0.000000
rs0092 -0.322000 0.225930 0.112960
rs0093 0.205170 0.037660 0.000000
rs0094 -0.284340 0.225930 0.112970
rs0095 -0.585580 0.225930 0.000000
rs0096 0.054550 0.112970 0.301240
rs0097 -0.547930 0.225930 0.000000
rs0098 -0.171380 0.263590 0.112960
rs0104 0.129860 0.037660 0.000000
rs0107 -0.096070 0.112970 0.112960
rs0109 -0.171380 0.150620 0.000000
rs0113 0.129860 0.075310 0.301240
rs0122 -0.510270 0.263580 0.000000
rs0124 -0.397310 0.150620 0.112960
rs0127 -0.322000 0.225930 0.000000
rs0133 -0.133720 0.188270 0.150620
rs0134 -0.058410 0.188270 0.000000
rs0136 -0.096070 0.112970 0.112960
rs0138 -0.397310 0.188280 0.000000
rs0140 -0.623240 0.225930 0.112960
rs0141 -0.171380 0.075310 0.000000
rs0143 0.129860 0.037660 0.338890
rs0145 0.054550 0.075310 0.000000
rs0146 -0.510270 0.301240 0.075310
rs0147 -0.171380 0.112970 0.000000
rs0150 -0.246690 0.150620 0.112960
rs0156 -0.284340 0.263580 0.000000
rs0159 0.092210 0.075310 0.188280
rs0163 -0.096070 0.150620 0.000000
rs0167 -0.510270 0.225930 0.112970
rs0168 -0.547930 0.225930 0.000000
rs0172 -0.133720 0.150620 0.150620
rs0175 -0.246690 0.188280 0.000000
rs0181 -0.209030 0.075310 0.075310
rs0183 0.054550 0.075310 0.000000
rs0196 -0.020760 0.112970 0.112960
rs0201 0.318140 0.037650 0.000000
rs0203 0.242830 0.037650 0.338900
rs0206 0.167520 0.037650 0.000000
rs0218 -0.284340 0.188270 0.112970
rs0221 0.016900 0.112960 0.000000
rs0225 0.016900 0.075310 0.301240
rs0226 -0.397310 0.225930 0.000000
rs0231 -0.246690 0.188280 0.150620
rs0237 0.016900 0.150620 0.000000
rs0240 0.355790 0.037660 0.188270
rs0242 -0.171380 0.188280 0.000000
rs0243 0.054550 0.037660 0.263580
rs0244 0.016900 0.150620 0.000000
rs0247 -0.623240 0.225930 0.112960
rs0256 -0.472620 0.263590 0.000000
rs0259 -0.171380 0.150620 0.112960
rs0261 -0.133720 0.112960 0.000000
rs0262 -0.434960 0.188270 0.112970
rs0264 -0.547930 0.188280 0.000000
rs0266 -0.096070 0.112970 0.075310
rs0267 -0.096070 0.188280 0.000000
rs0268 -0.096070 0.188280 0.150620
rs0273 -0.284340 0.188270 0.000000
rs0275 -0.359650 0.188270 0.112970
rs0276 -0.246690 0.188280 0.000000
rs0282 -0.058410 0.112960 0.188280
rs0306 0.016900 0.075310 0.000000
rs0315 -0.171380 0.112970 0.112960
rs0316 -0.020760 0.150620 0.000000
rs0318 -0.698550 0.301240 0.075310
rs0320 -0.020760 0.112970 0.000000
rs0323 -0.171380 0.112970 0.150620
rs0334 -0.209030 0.188270 0.000000
rs0337 -0.209030 0.188270 0.150620
rs0339 0.205170 0.037660 0.000000
rs0341 -0.359650 0.188270 0.112970
rs0344 -0.434960 0.225930 0.000000
rs0345 -0.510270 0.225930 0.112970
rs0349 -0.585580 0.225930 0.000000
rs0350 -0.096070 0.075310 0.301240
rs0351 -0.020760 0.150620 0.000000
rs0354 -0.510270 0.301240 0.075310
rs0358 -0.171380 0.188280 0.000000
rs0373 -0.284340 0.188270 0.150620
rs0386 -0.510270 0.338890 0.000000
rs0391 -0.209030 0.225930 0.112970
rs0392 -0.623240 0.301240 0.000000
rs0393 -0.209030 0.112960 0.150620
rs0406 -0.171380 0.037660 0.000000
rs0416 -0.472620 0.188280 0.112960
rs0419 -0.133720 0.150620 0.000000
rs0421 -0.434960 0.150620 0.150620
rs0424 -0.472620 0.263590 0.000000
rs0425 -0.209030 0.188270 0.150620
rs0429 -0.397310 0.150620 0.000000
rs0430 -0.397310 0.188280 0.112960
rs0432 -0.811510 0.338890 0.000000
rs0437 -0.510270 0.263580 0.112970
rs0440 -0.133720 0.075310 0.000000
rs0444 -0.397310 0.188280 0.112960
rs0452 -0.058410 0.112960 0.000000
rs0460 -0.472620 0.225930 0.112960
rs0463 -0.096070 0.075310 0.000000
rs0468 -0.058410 0.075310 0.301240
rs0472 -0.510270 0.188270 0.000000
rs0473 -0.547930 0.263590 0.112960
rs0477 -0.623240 0.338900 0.000000
rs0485 -0.472620 0.188280 0.112960
rs0493 -0.510270 0.301240 0.000000
rs0495 -0.322000 0.188280 0.112960
rs0503 -0.058410 0.112960 0.000000
rs0505 -0.133720 0.301240 0.150620
rs0508 -0.284340 0.188270 0.000000
rs0516 -0.472620 0.263590 0.112960
rs0517 0.242830 0.037650 0.000000
rs0519 -0.284340 0.225930 0.150620
rs0520 -0.284340 0.150620 0.000000
rs0528 0.242830 0.000000 0.414210
rs0532 -0.246690 0.225930 0.000000
rs0536 -0.472620 0.225930 0.112960
rs0538 -0.171380 0.150620 0.000000
rs0541 0.167520 0.037650 0.263590
rs0549 -0.284340 0.150620 0.000000
rs0554 0.205170 0.037660 0.338890
rs0555 -0.171380 0.263590 0.000000
rs0556 -0.811510 0.414200 0.037660
rs0560 -0.133720 0.188270 0.000000
rs0571 -0.510270 0.188270 0.112970
rs0573 -0.359650 0.188270 0.000000
rs0574 0.129860 0.075310 0.263580
rs0582 -0.020760 0.150620 0.000000
rs0586 -0.547930 0.225930 0.075310
rs0591 -0.133720 0.301240 0.000000
rs0612 -0.058410 0.037650 0.075310
rs0650 -0.096070 0.075310 0.000000
rs0656 -0.171380 0.112970 0.112960
rs0660 0.205170 0.000000 0.000000
rs0672 -0.096070 0.112970 0.112960
rs0679 0.054550 0.037660 0.000000
rs0724 0.054550 0.112970 0.263580
rs0731 -0.284340 0.225930 0.000000
rs0741 -0.133720 0.263580 0.150620
rs0745 -0.096070 0.150620 0.000000
rs0751 0.242830 0.037650 0.414210
rs0763 -0.020760 0.112970 0.000000
rs0768 -0.171380 0.188280 0.150620
rs0775 -0.322000 0.150620 0.000000
rs0779 0.016900 0.112960 0.225930
rs0781 0.054550 0.075310 0.000000
rs0788 -0.434960 0.225930 0.075310
rs0797 0.054550 0.075310 0.000000
rs0798 -0.133720 0.112960 0.075310
rs0804 -0.623240 0.263590 0.000000
rs0805 -0.698550 0.263590 0.112960
rs0806 -0.133720 0.225930 0.000000
rs0808 -0.058410 0.037650 0.075310
rs0809 0.205170 0.037660 0.000000
rs0812 0.205170 0.037660 0.338890
rs0815 -0.359650 0.188270 0.000000
rs0823 0.205170 0.037660 0.263580
rs0833 0.016900 0.075310 0.000000
rs0839 0.205170 0.037660 0.451860
rs0842 -0.472620 0.188280 0.000000
rs0847 0.054550 0.075310 0.301240
rs0868 -0.171380 0.188280 0.000000
rs0869 -0.434960 0.225930 0.112970
rs0871 -0.472620 0.376550 0.000000
rs0896 -0.096070 0.112970 0.075310
rs0906 -0.472620 0.188280 0.000000
rs0909 -0.209030 0.150620 0.150620
rs0916 -0.284340 0.150620 0.000000
rs0932 -0.359650 0.188270 0.112970
rs0933 -0.397310 0.150620 0.000000
rs0944 -0.284340 0.150620 0.150620
rs0950 -0.510270 0.376550 0.000000
rs0957 -0.585580 0.263580 0.112970
rs0958 0.129860 0.037660 0.000000
rs0959 -0.510270 0.263580 0.112970
rs0960 -0.434960 0.188270 0.000000
rs0967 -0.284340 0.225930 0.112970
rs0970 0.054550 0.075310 0.000000
rs0974 0.054550 0.112970 0.188270
rs0978 -0.284340 0.112960 0.000000
rs0981 -0.397310 0.150620 0.150620
rs0983 -0.472620 0.225930 0.000000
rs0984 -0.284340 0.188270 0.112970
rs0985 -0.434960 0.263580 0.000000
rs0991 0.016900 0.150620 0.225930
rs0995 -0.133720 0.188270 0.000000
rs0997 -0.096070 0.150620 0.150620
rs1004 -0.020760 0.112970 0.000000
rs1014 -0.623240 0.263590 0.075310
rs1016 0.242830 0.037650 0.000000
rs1021 -0.284340 0.150620 0.112970
rs1023 -0.058410 0.112960 0.000000
rs1025 -0.096070 0.075310 0.075310
rs1029 -0.284340 0.188270 0.000000
rs1030 -0.322000 0.150620 0.112960
rs1035 -0.510270 0.263580 0.000000
rs1036 -0.209030 0.075310 0.112970
rs1038 -0.284340 0.112960 0.000000
rs1046 0.016900 0.225930 0.150620
rs1047 -0.209030 0.112960 0.000000
rs1050 -0.397310 0.150620 0.150620
rs1052 -0.246690 0.188280 0.000000
rs1055 -0.322000 0.150620 0.112960
rs1060 -0.698550 0.301240 0.000000
rs1062 0.129860 0.075310 0.301240
rs1072 -0.171380 0.150620 0.000000
rs1074 -0.397310 0.188280 0.112960
rs1075 0.129860 0.075310 0.000000
rs1081 -0.133720 0.112960 0.150620
rs1082 0.054550 0.075310 0.000000
rs1084 -0.246690 0.150620 0.112960
rs1091 0.016900 0.075310 0.000000
rs1098 -0.359650 0.188270 0.112970
rs1100 -0.096070 0.150620 0.000000
rs1102 0.280480 0.075310 0.263580
rs1103 -0.660890 0.376550 0.000000
rs1105 -0.322000 0.150620 0.112960
rs1106 -0.020760 0.075310 0.000000
rs1109 0.205170 0.037660 0.376550
rs1110 -0.020760 0.112970 0.000000
rs1111 -0.171380 0.037660 0.037650
rs1112 -0.171380 0.075310 0.000000
rs1116 -0.058410 0.075310 0.075310
rs1117 -0.322000 0.188280 0.000000
rs1118 -0.020760 0.112970 0.188270
rs1121 0.242830 0.000000 0.000000
rs1126 -0.359650 0.188270 0.112970
rs1129 -0.096070 0.112970 0.000000
rs1131 0.242830 0.037650 0.338900
rs1137 -0.133720 0.150620 0.000000
rs1143 -0.359650 0.150620 0.112970
rs1150 -0.171380 0.075310 0.000000
rs1152 0.016900 0.112960 0.150620
rs1154 -0.171380 0.150620 0.000000
rs1159 -0.359650 0.188270 0.112970
rs1163 -0.472620 0.376550 0.000000
rs1168 0.016900 0.112960 0.112970
rs1169 -0.171380 0.150620 0.000000
rs1178 -0.209030 0.188270 0.150620
rs1179 -0.359650 0.225930 0.000000
rs1182 -0.171380 0.225930 0.150620
rs1185 0.054550 0.075310 0.000000
rs1188 -0.510270 0.225930 0.112970
rs1191 -0.096070 0.188280 0.000000
rs1195 -0.133720 0.188270 0.112970
rs1197 -0.096070 0.112970 0.000000
rs1198 -0.547930 0.376550 0.075310
rs1200 -0.397310 0.150620 0.000000
rs1209 -0.434960 0.301240 0.112970
rs1212 -0.209030 0.150620 0.000000
rs1214 -0.284340 0.037650 0.075310
rs1220 0.016900 0.075310 0.000000
rs1248 -0.209030 0.225930 0.112970
rs1258 0.016900 0.075310 0.000000
rs1259 -0.547930 0.301240 0.075310
rs1264 -0.510270 0.188270 0.000000
rs1266 -0.171380 0.112970 0.376550
rs1267 0.280480 0.037660 0.000000
rs1270 -0.510270 0.376550 0.075310
rs1276 -0.434960 0.188270 0.000000
rs1284 -0.585580 0.225930 0.112970
rs1290 -0.623240 0.263590 0.000000
rs1291 -0.359650 0.188270 0.112970
rs1293 -0.171380 0.188280 0.000000
rs1296 -0.623240 0.225930 0.112960
rs1297 -0.547930 0.225930 0.000000
rs1337 -0.209030 0.225930 0.112970
rs1359 -0.510270 0.225930 0.000000
rs1437 0.092210 0.075310 0.225930
ECO05144 -0.171380 0.188280 0.000000
ECO11517 -0.284340 0.112960 0.112970
ECO09709 -0.020760 0.112970 0.000000
ECO03774 -0.171380 0.075310 0.037650
ECO11195 -0.284340 0.150620 0.000000
ECO11986 -0.020760 0.112970 0.188270
ECO10428 0.016900 0.075310 0.000000
ECO05163 -0.171380 0.188280 0.112960
ECO05563 -0.171380 0.112970 0.000000
ECO04997 -0.096070 0.150620 0.112960
ECO07859 -0.322000 0.225930 0.000000
ECO10692 -0.359650 0.188270 0.112970
ECO10007 0.092210 0.075310 0.000000
ECO09960 -0.585580 0.263580 0.112970
ECO10258 -0.510270 0.188270 0.000000
ECO07785 -0.322000 0.188280 0.112960
ECO04192 0.205170 0.037660 0.000000
ECO05764 -0.096070 0.188280 0.150620
ECO07019 -0.698550 0.301240 0.000000
ECO06341 -0.133720 0.150620 0.150620
ECO09664 -0.171380 0.112970 0.000000
ECO06592 0.016900 0.075310 0.301240
ECO09450 -0.171380 0.188280 0.000000
ECO03934 -0.434960 0.301240 0.075310
ECO09368 -0.322000 0.225930 0.000000
ECO08866 -0.171380 0.150620 0.188270
ECO09168 -0.397310 0.150620 0.000000
ECO11141 -0.472620 0.225930 0.112960
ECO06996 0.016900 0.075310 0.000000
ECO05115 -0.660890 0.301240 0.075310
ECO04817 -0.058410 0.112960 0.000000
ECO09561 -0.096070 0.112970 0.263580
ECO12308 -0.096070 0.112970 0.000000
ECO06894 -0.547930 0.225930 0.112960
ECO09738 -0.510270 0.338890 0.000000
ECO10431 -0.322000 0.188280 0.112960
ECO02845 0.054550 0.037660 0.000000
ECO09068 -0.359650 0.263580 0.150620
ECO06094 0.280480 0.075310 0.000000
ECO11300 -0.510270 0.188270 0.112970
ECO09275 -0.623240 0.263590 0.000000
ECO09858 -0.133720 0.188270 0.112970
ECO01034 -0.096070 0.150620 0.000000
ECO04927 -0.472620 0.225930 0.112960
ECO10862 -0.434960 0.188270 0.000000
ECO06033 -0.171380 0.112970 0.150620
ECO07199 -0.020760 0.075310 0.000000
ECO08990 -0.246690 0.112970 0.112960
ECO08305 -0.547930 0.263590 0.000000
ECO09940 -0.585580 0.301240 0.112970
ECO10010 0.205170 0.000000 0.000000
ECO03222 -0.096070 0.263590 0.150620
ECO10361 -0.058410 0.112960 0.000000
ECO08589 -0.547930 0.188280 0.112960
ECO07887 -0.547930 0.188280 0.000000
ECO10761 -0.698550 0.301240 0.112960
ECO05715 -0.359650 0.188270 0.000000
ECO01402 -0.434960 0.150620 0.150620
ECO09890 0.129860 0.075310 0.000000
ECO09558 0.129860 0.037660 0.301240
ECO11468 -0.171380 0.225930 0.000000
ECO10009 -0.322000 0.150620 0.150620
ECO01470 -0.849170 0.338900 0.000000
ECO11617 -0.322000 0.188280 0.112960
ECO05865 -0.133720 0.263580 0.000000
ECO03691 -0.171380 0.037660 0.112960
ECO05597 -0.020760 0.075310 0.000000
ECO11818 -0.359650 0.150620 0.075310
ECO01019 -0.510270 0.225930 0.000000
ECO05916 -0.547930 0.376550 0.075310
ECO10609 -0.133720 0.150620 0.000000
ECO06014 -0.623240 0.301240 0.112960
ECO08690 -0.058410 0.075310 0.000000
ECO06865 -0.020760 0.075310 0.112960
ECO03274 -0.510270 0.225930 0.000000
ECO11315 -0.171380 0.301240 0.112960
ECO05648 0.092210 0.037650 0.000000
ECO09792 -0.096070 0.075310 0.112960
ECO06163 -0.284340 0.150620 0.000000
ECO02121 -0.133720 0.188270 0.150620
ECO09907 -0.284340 0.150620 0.000000
ECO10228 -0.322000 0.188280 0.112960
ECO11654 -0.058410 0.188270 0.000000
ECO10307 -0.585580 0.301240 0.075310
ECO05057 -0.171380 0.112970 0.000000
ECO08933 -0.171380 0.188280 0.150620
ECO03983 -0.133720 0.150620 0.000000
ECO06292 -0.359650 0.150620 0.112970
ECO09149 0.092210 0.075310 0.000000
ECO11827 -0.171380 0.225930 0.150620
ECO06491 -0.397310 0.150620 0.000000
ECO04334 0.242830 0.037650 0.414210
ECO09299 -0.397310 0.188280 0.000000
ECO06305 -0.096070 0.112970 0.112960
ECO12012 -0.209030 0.225930 0.000000
ECO04519 -0.133720 0.188270 0.188280
ECO06791 -0.246690 0.188280 0.000000
ECO04734 -0.171380 0.075310 0.112960
ECO12363 -0.284340 0.112960 0.000000
ECO00339 -0.434960 0.263580 0.112970
ECO06642 -0.246690 0.225930 0.000000
ECO05319 -0.284340 0.188270 0.112970
ECO04284 -0.096070 0.225930 0.000000
ECO09800 -0.585580 0.338890 0.075310
ECO05670 -0.322000 0.188280 0.000000
ECO08378 -0.171380 0.150620 0.188270
ECO04820 -0.133720 0.150620 0.000000
ECO06556 0.129860 0.075310 0.301240
ECO11677 -0.397310 0.150620 0.000000
ECO11712 -0.133720 0.188270 0.150620
ECO04969 0.016900 0.150620 0.000000
ECO04033 0.355790 0.037660 0.150620
ECO05806 -0.623240 0.263590 0.000000
ECO05991 -0.322000 0.150620 0.112960
ECO05455 -0.397310 0.188280 0.000000
ECO08428 -0.133720 0.075310 0.075310
ECO11326 -0.472620 0.263590 0.000000
ECO06516 -0.096070 0.075310 0.225930
ECO11031 -0.322000 0.188280 0.000000
ECO04325 -0.209030 0.150620 0.150620
ECO04342 0.205170 0.000000 0.000000
ECO02321 -0.020760 0.112970 0.263580
ECO10392 -0.284340 0.225930 0.000000
ECO01244 -0.698550 0.301240 0.112960
ECO07809 0.016900 0.075310 0.000000
ECO12169 -0.359650 0.188270 0.112970
ECO10041 -0.133720 0.150620 0.000000
ECO08088 -0.472620 0.338900 0.112960
ECO12203 -0.434960 0.150620 0.000000
ECO01136 -0.434960 0.188270 0.112970
ECO02323 -0.171380 0.037660 0.000000
ECO10394 -0.096070 0.225930 0.150620
ECO04778 -0.322000 0.188280 0.000000
ECO06216 0.242830 0.037650 0.301240
ECO04344 -0.096070 0.075310 0.000000
ECO08854 -0.096070 0.150620 0.225930
ECO07803 -0.284340 0.150620 0.000000
ECO10326 -0.284340 0.188270 0.150620
ECO09641 -0.171380 0.188280 0.000000
ECO04995 0.205170 0.000000 0.414200
ECO05680 -0.096070 0.150620 0.000000
ECO09824 -0.058410 0.075310 0.075310
ECO08135 -0.133720 0.225930 0.000000
ECO03706 -0.133720 0.037650 0.075310
ECO05578 -0.096070 0.150620 0.000000
ECO06700 -0.020760 0.075310 0.338890
ECO03790 -0.058410 0.188270 0.000000
ECO09121 -0.397310 0.188280 0.075310
ECO06247 -0.171380 0.188280 0.000000
ECO03926 0.054550 0.075310 0.301240
ECO06849 -0.171380 0.188280 0.000000
ECO10629 0.092210 0.037650 0.301240
ECO03526 0.242830 0.037650 0.000000
ECO03656 -0.096070 0.225930 0.150620
ECO07685 -0.359650 0.188270 0.000000
ECO11968 -0.359650 0.263580 0.150620
ECO06449 -0.096070 0.075310 0.000000
ECO12370 -0.209030 0.150620 0.150620
ECO00833 -0.698550 0.263590 0.000000
ECO03139 -0.133720 0.225930 0.112970
ECO05698 0.205170 0.037660 0.000000
ECO00869 -0.698550 0.263590 0.112960
ECO10093 -0.472620 0.225930 0.000000
ECO10091 -0.284340 0.263580 0.188280
ECO10527 -0.510270 0.225930 0.000000
ECO10493 -0.096070 0.188280 0.188270
ECO09706 -0.284340 0.188270 0.000000
ECO03539 0.318140 0.037650 0.376550
ECO12355 -0.434960 0.188270 0.000000
ECO10378 -0.660890 0.301240 0.075310
ECO09591 -0.246690 0.150620 0.000000
ECO03390 -0.322000 0.188280 0.112960
ECO07670 -0.246690 0.188280 0.000000
ECO04762 -0.020760 0.150620 0.112960
ECO04477 -0.058410 0.075310 0.000000
ECO09406 -0.472620 0.263590 0.112960
ECO00448 -0.585580 0.414200 0.000000
ECO06634 -0.359650 0.188270 0.112970
ECO05798 -0.171380 0.150620 0.000000
ECO03241 -0.096070 0.112970 0.112960
ECO07183 -0.322000 0.188280 0.000000
ECO10127 -0.209030 0.112960 0.150620
ECO06883 -0.133720 0.188270 0.000000
ECO10642 -0.058410 0.263580 0.150620
ECO05411 0.280480 0.000000 0.000000
ECO05228 0.016900 0.112960 0.150620
ECO07955 -0.171380 0.188280 0.000000
ECO02990 -0.020760 0.112970 0.150620
ECO03141 -0.058410 0.112960 0.000000
ECO08989 -0.397310 0.188280 0.075310
ECO06415 -0.322000 0.150620 0.000000
ECO08789 -0.058410 0.112960 0.112970
ECO08938 -0.322000 0.188280 0.000000
ECO05545 -0.133720 0.188270 0.150620
ECO03422 -0.171380 0.075310 0.000000
ECO02924 0.167520 0.037650 0.263590
ECO05096 -0.171380 0.188280 0.000000
ECO04494 -0.209030 0.188270 0.150620
ECO12338 -0.585580 0.376550 0.000000
ECO12387 -0.359650 0.188270 0.112970
ECO06096 -0.434960 0.263580 0.000000
ECO12287 -0.472620 0.188280 0.112960
ECO09389 -0.322000 0.150620 0.000000
ECO06617 -0.020760 0.075310 0.263580
ECO09810 -0.284340 0.150620 0.000000
ECO10962 -0.020760 0.075310 0.112960
ECO08887 0.054550 0.075310 0.000000
ECO09959 -0.547930 0.338900 0.075310
ECO06015 0.092210 0.075310 0.000000
ECO03224 -0.171380 0.112970 0.112960
ECO04743 0.280480 0.037660 0.000000
ECO10610 -0.171380 0.225930 0.150620
ECO09240 0.054550 0.075310 0.000000
ECO11316 -0.171380 0.150620 0.112960
ECO05394 -0.359650 0.225930 0.000000
ECO02573 0.092210 0.037650 0.414210
ECO04425 -0.434960 0.301240 0.000000
ECO08386 -0.020760 0.075310 0.225930
ECO08922 0.167520 0.037650 0.000000
ECO09105 0.242830 0.000000 0.414210
ECO01855 -0.510270 0.225930 0.000000
ECO03740 -0.171380 0.263590 0.150620
ECO02506 -0.133720 0.188270 0.000000
ECO10360 -0.397310 0.188280 0.075310
ECO06501 -0.020760 0.075310 0.000000
ECO00200 -0.623240 0.263590 0.112960
ECO03998 0.054550 0.037660 0.000000
ECO11597 -0.096070 0.112970 0.075310
ECO10021 -0.322000 0.263590 0.000000
ECO03898 -0.133720 0.188270 0.150620
ECO08928 -0.397310 0.225930 0.000000
ECO04505 -0.133720 0.188270 0.112970
ECO01404 -0.397310 0.150620 0.000000
ECO09378 -0.246690 0.150620 0.112960
ECO09242 -0.510270 0.150620 0.000000
ECO01247 -0.698550 0.263590 0.112960
ECO09585 -0.359650 0.150620 0.000000
ECO05984 -0.284340 0.188270 0.150620
ECO10951 -0.585580 0.225930 0.000000
ECO05391 -0.547930 0.225930 0.112960
ECO05341 0.205170 0.037660 0.000000
ECO09428 -0.133720 0.188270 0.112970
ECO07763 0.016900 0.075310 0.000000
ECO05741 -0.322000 0.188280 0.112960
ECO06570 -0.133720 0.188270 0.000000
ECO10557 0.092210 0.075310 0.263590
ECO09778 -0.736200 0.301240 0.000000
ECO06034 -0.133720 0.150620 0.112970
ECO05477 -0.246690 0.188280 0.000000
ECO03605 -0.133720 0.150620 0.112970
ECO06756 0.092210 0.075310 0.000000
ECO11998 -0.284340 0.150620 0.112970
ECO04611 -0.133720 0.150620 0.000000
ECO11064 -0.397310 0.150620 0.075310
ECO11685 -0.133720 0.188270 0.000000
ECO00867 -0.472620 0.225930 0.112960
ECO05847 -0.133720 0.188270 0.000000
ECO09306 -0.020760 0.112970 0.150620
ECO05547 -0.547930 0.338900 0.000000
ECO12185 0.016900 0.112960 0.263590
ECO04911 -0.058410 0.112960 0.000000
ECO02639 -0.322000 0.150620 0.112960
ECO12619 -0.322000 0.188280 0.000000
ECO00984 -0.585580 0.225930 0.112970
ECO09643 -0.510270 0.225930 0.000000
ECO11954 -0.020760 0.112970 0.150620
ECO09524 -0.472620 0.188280 0.000000
ECO09175 -0.020760 0.075310 0.263580
ECO12422 -0.660890 0.451860 0.000000
ECO04461 0.242830 0.000000 0.414210
ECO05061 -0.397310 0.188280 0.000000
ECO06649 -0.284340 0.188270 0.112970
ECO11768 0.016900 0.075310 0.000000
ECO04712 -0.246690 0.225930 0.112960
ECO04426 -0.171380 0.112970 0.000000
ECO08521 -0.472620 0.263590 0.112960
ECO08955 -0.246690 0.225930 0.000000
ECO07119 -0.472620 0.188280 0.112960
ECO04175 -0.171380 0.075310 0.000000
ECO11885 -0.246690 0.188280 0.112960
ECO03791 -0.472620 0.263590 0.000000
ECO04008 -0.472620 0.301240 0.112960
ECO00617 -0.623240 0.263590 0.000000
ECO04259 -0.096070 0.188280 0.150620
ECO00366 -0.397310 0.188280 0.000000
ECO09475 -0.623240 0.263590 0.112960
ECO09088 -0.246690 0.150620 0.000000
ECO06097 -0.171380 0.112970 0.150620
ECO09054 0.016900 0.112960 0.000000
ECO09760 -0.058410 0.188270 0.150620
ECO06450 -0.171380 0.225930 0.000000
ECO08071 -0.547930 0.376550 0.075310
ECO05344 0.205170 0.037660 0.000000
ECO00332 -0.773860 0.301240 0.075310
ECO12437 -0.171380 0.112970 0.000000
ECO09224 -0.547930 0.263590 0.112960
ECO09305 -0.434960 0.225930 0.000000
ECO04408 -0.020760 0.112970 0.112960
ECO12403 -0.359650 0.225930 0.000000
ECO03174 -0.510270 0.188270 0.075310
ECO05948 -0.171380 0.150620 0.000000
ECO05114 -0.434960 0.150620 0.150620
ECO10458 -0.096070 0.150620 0.000000
ECO05412 -0.058410 0.112960 0.075310
ECO05982 0.129860 0.075310 0.000000
ECO11786 -0.171380 0.150620 0.188270
ECO09605 -0.322000 0.225930 0.000000
ECO05799 -0.209030 0.188270 0.150620
ECO11500 -0.284340 0.225930 0.000000
ECO07935 0.016900 0.075310 0.150620
ECO09226 -0.246690 0.188280 0.000000
ECO06754 -0.133720 0.150620 0.150620
ECO06043 -0.434960 0.188270 0.000000
ECO09726 -0.547930 0.188280 0.150620
ECO09943 -0.434960 0.188270 0.000000
ECO05663 -0.133720 0.225930 0.150620
ECO09909 -0.322000 0.225930 0.000000
ECO02991 0.016900 0.112960 0.112970
ECO09990 0.242830 0.037650 0.000000
ECO04693 -0.133720 0.112960 0.112970
ECO05812 -0.171380 0.188280 0.000000
ECO04727 -0.020760 0.150620 0.112960
ECO08356 -0.434960 0.225930 0.000000
ECO06382 -0.096070 0.075310 0.414200
ECO04076 -0.096070 0.112970 0.000000
ECO05080 -0.472620 0.188280 0.112960
ECO05331 -0.284340 0.150620 0.000000
ECO04544 -0.284340 0.225930 0.112970
ECO04457 -0.133720 0.150620 0.000000
ECO02024 -0.472620 0.150620 0.112960
ECO04296 -0.096070 0.075310 0.000000
ECO07840 -0.020760 0.112970 0.225930
ECO09426 -0.171380 0.112970 0.000000
ECO11950 -0.322000 0.150620 0.112960
ECO08026 -0.171380 0.188280 0.000000
ECO06461 -0.209030 0.112960 0.150620
ECO05243 -0.133720 0.112960 0.000000
ECO04096 -0.133720 0.263580 0.150620
ECO04383 0.280480 0.037660 0.000000
ECO11475 -0.284340 0.188270 0.150620
ECO09580 0.054550 0.075310 0.000000
ECO04775 0.280480 0.075310 0.188270
ECO09599 -0.547930 0.225930 0.000000
ECO10049 0.092210 0.112960 0.263590
ECO01225 -0.698550 0.301240 0.000000
ECO10135 -0.397310 0.188280 0.112960
ECO10486 -0.284340 0.150620 0.000000
ECO10585 -0.359650 0.225930 0.150620
ECO02997 -0.020760 0.112970 0.000000
ECO02548 -0.623240 0.301240 0.075310
ECO00027 -0.547930 0.225930 0.000000
ECO02848 -0.246690 0.112970 0.112960
ECO02948 -0.171380 0.225930 0.000000
ECO06742 -0.133720 0.112960 0.338900
ECO07913 -0.020760 0.112970 0.000000
ECO04619 0.016900 0.150620 0.150620
ECO09550 -0.020760 0.112970 0.000000
ECO09949 -0.096070 0.150620 0.188270
ECO09649 -0.171380 0.188280 0.000000
ECO10300 -0.623240 0.376550 0.075310
ECO12663 -0.246690 0.225930 0.000000
ECO10786 -0.698550 0.263590 0.112960
ECO05905 -0.472620 0.225930 0.000000
ECO03933 -0.359650 0.112960 0.075310
ECO08613 -0.397310 0.188280 0.000000
ECO10205 -0.397310 0.150620 0.150620
ECO10673 0.092210 0.075310 0.000000
ECO03210 -0.171380 0.075310 0.150620
ECO03989 -0.133720 0.112960 0.000000
ECO10073 -0.020760 0.150620 0.150620
ECO12468 -0.171380 0.150620 0.000000
ECO00190 -0.397310 0.150620 0.150620
ECO02062 -0.547930 0.225930 0.000000
ECO10745 -0.397310 0.188280 0.112960
ECO06699 -0.133720 0.150620 0.000000
ECO06499 -0.359650 0.188270 0.112970
ECO03257 -0.096070 0.188280 0.000000
ECO12218 -0.209030 0.263580 0.112970
ECO00347 -0.660890 0.301240 0.000000
ECO08439 -0.359650 0.188270 0.112970
ECO05495 -0.096070 0.112970 0.000000
ECO04044 -0.058410 0.188270 0.150620
ECO09358 -0.058410 0.075310 0.000000
ECO12188 -0.510270 0.263580 0.112970
ECO03525 0.280480 0.037660 0.000000
ECO10980 -0.585580 0.225930 0.112970
ECO11634 -0.623240 0.301240 0.000000
ECO07988 -0.547930 0.225930 0.112960
ECO01253 -0.359650 0.150620 0.000000
ECO07069 -0.171380 0.150620 0.301240
ECO02253 -0.397310 0.225930 0.000000
ECO12286 0.092210 0.037650 0.301240
ECO00700 -0.698550 0.301240 0.000000
ECO12537 -0.133720 0.112960 0.037660
ECO10141 -0.020760 0.112970 0.000000
ECO04593 -0.096070 0.225930 0.112960
ECO06448 -0.510270 0.225930 0.000000
ECO01202 -0.246690 0.188280 0.112960
ECO11767 0.242830 0.037650 0.000000
ECO09307 -0.246690 0.150620 0.112960
ECO04776 -0.171380 0.037660 0.000000
ECO09507 -0.058410 0.112960 0.263590
ECO02521 0.092210 0.075310 0.000000
ECO06703 -0.585580 0.376550 0.075310
ECO00185 -0.547930 0.301240 0.000000
ECO12431 -0.133720 0.188270 0.188280
ECO07818 -0.359650 0.263580 0.000000
ECO12656 -0.020760 0.075310 0.301240
ECO05814 -0.547930 0.225930 0.000000
ECO08239 -0.058410 0.225930 0.150620
ECO05848 -0.171380 0.112970 0.000000
ECO04142 -0.284340 0.150620 0.150620
ECO02623 0.054550 0.075310 0.000000
ECO03291 -0.434960 0.188270 0.112970
ECO03976 0.016900 0.188270 0.000000
ECO05193 -0.171380 0.150620 0.112960
ECO12039 -0.171380 0.263590 0.000000
ECO11924 -0.284340 0.150620 0.150620
ECO10950 -0.547930 0.263590 0.000000
ECO04439 -0.397310 0.188280 0.112960
ECO09937 -0.171380 0.112970 0.000000
ECO11327 -0.585580 0.376550 0.075310
ECO12064 -0.472620 0.301240 0.000000
ECO09519 -0.434960 0.263580 0.112970
ECO04950 0.280480 0.037660 0.000000
ECO03764 -0.133720 0.150620 0.263590
ECO09026 -0.284340 0.188270 0.000000
ECO02292 -0.020760 0.075310 0.301240
ECO03103 -0.397310 0.112970 0.000000
ECO03478 -0.209030 0.225930 0.150620
ECO04944 -0.096070 0.112970 0.000000
ECO07603 0.016900 0.075310 0.112970
ECO08369 -0.660890 0.301240 0.000000
ECO03106 0.016900 0.075310 0.150620
ECO02891 -0.397310 0.188280 0.000000
ECO04993 -0.133720 0.112960 0.150620
ECO00951 -0.585580 0.263580 0.000000
ECO05558 -0.284340 0.225930 0.225930
ECO09897 -0.096070 0.263590 0.000000
ECO06310 0.016900 0.112960 0.188280
ECO10505 -0.020760 0.112970 0.000000
ECO08124 -0.547930 0.301240 0.075310
ECO09503 -0.171380 0.225930 0.000000
ECO04216 -0.434960 0.263580 0.112970
ECO03216 -0.133720 0.225930 0.000000
ECO04051 -0.171380 0.188280 0.150620
ECO09081 -0.397310 0.188280 0.000000
ECO04002 -0.096070 0.112970 0.338890
ECO09746 -0.322000 0.150620 0.000000
ECO11119 -0.058410 0.112960 0.263590
ECO00807 -0.585580 0.263580 0.000000
ECO09032 -0.209030 0.150620 0.150620
ECO11557 -0.284340 0.188270 0.000000
ECO04788 -0.209030 0.188270 0.150620
ECO04437 0.280480 0.037660 0.000000
ECO11995 -0.322000 0.188280 0.112960
ECO07990 -0.246690 0.150620 0.000000
ECO12382 -0.547930 0.263590 0.112960
ECO09637 -0.284340 0.225930 0.000000
ECO12157 -0.171380 0.150620 0.112960
ECO03865 -0.133720 0.225930 0.000000
ECO05374 -0.171380 0.075310 0.037650
ECO07939 -0.209030 0.150620 0.000000
ECO04506 -0.585580 0.338890 0.075310
ECO06446 -0.246690 0.150620 0.000000
ECO00336 -0.434960 0.150620 0.112970
ECO04080 -0.472620 0.263590 0.000000
ECO04382 0.318140 0.037650 0.376550
ECO04464 -0.246690 0.037660 0.000000
ECO11445 -0.397310 0.188280 0.112960
ECO07815 -0.284340 0.150620 0.000000
ECO07846 0.205170 0.000000 0.414200
ECO07960 -0.698550 0.301240 0.000000
ECO00758 -0.322000 0.150620 0.112960
ECO01779 -0.284340 0.150620 0.000000
ECO10730 -0.547930 0.188280 0.150620
ECO09016 -0.058410 0.112960 0.000000
ECO04751 -0.020760 0.075310 0.150620
ECO05874 -0.246690 0.188280 0.000000
ECO11744 -0.322000 0.263590 0.150620
ECO06460 -0.171380 0.112970 0.000000
ECO08802 -0.133720 0.263580 0.112970
ECO11471 -0.246690 0.188280 0.000000
ECO06493 -0.171380 0.112970 0.188270
ECO03978 0.242830 0.037650 0.000000
ECO03646 -0.623240 0.263590 0.075310
ECO06893 -0.322000 0.188280 0.000000
ECO07926 -0.322000 0.150620 0.150620
ECO10334 -0.133720 0.188270 0.000000
ECO06423 -0.096070 0.150620 0.188270
ECO05737 -0.246690 0.188280 0.000000
ECO03694 0.016900 0.112960 0.188280
ECO03794 0.092210 0.075310 0.000000
ECO10489 -0.020760 0.037660 0.075310
ECO06209 -0.246690 0.188280 0.000000
ECO05658 -0.171380 0.188280 0.112960
ECO07130 -0.547930 0.301240 0.000000
ECO11674 -0.133720 0.112960 0.075310
ECO09981 -0.246690 0.075310 0.000000
ECO07816 -0.359650 0.188270 0.150620
ECO06075 -0.133720 0.188270 0.000000
ECO10530 -0.020760 0.075310 0.338890
ECO05957 -0.133720 0.150620 0.000000
ECO05627 -0.171380 0.150620 0.112960
ECO06413 -0.133720 0.112960 0.000000
ECO12055 -0.171380 0.188280 0.150620
ECO06027 -0.434960 0.225930 0.000000
ECO05791 -0.133720 0.112960 0.150620
ECO09185 -0.322000 0.263590 0.000000
ECO11741 -0.284340 0.150620 0.112970
ECO08542 -0.397310 0.188280 0.000000
ECO03888 -0.096070 0.225930 0.150620
ECO07774 -0.359650 0.188270 0.000000
ECO05902 -0.359650 0.188270 0.112970
ECO09839 -0.171380 0.150620 0.000000
ECO06002 -0.547930 0.263590 0.075310
ECO04573 -0.322000 0.188280 0.000000
ECO02962 0.016900 0.075310 0.414210
ECO07020 -0.096070 0.150620 0.000000
ECO10071 -0.020760 0.075310 0.225930
ECO09819 -0.510270 0.263580 0.000000
ECO09944 -0.246690 0.188280 0.150620
ECO03931 0.016900 0.150620 0.000000
ECO08776 -0.585580 0.263580 0.112970
ECO06511 0.129860 0.075310 0.000000
ECO12291 0.242830 0.037650 0.301240
ECO08385 -0.171380 0.150620 0.000000
ECO02876 -0.397310 0.150620 0.075310
ECO02426 -0.472620 0.188280 0.000000
ECO02819 -0.359650 0.188270 0.112970
ECO07106 -0.359650 0.188270 0.000000
ECO03330 -0.472620 0.188280 0.112960
ECO06574 -0.171380 0.150620 0.000000
ECO05684 -0.547930 0.338900 0.075310
ECO04698 0.092210 0.075310 0.000000
ECO04748 -0.096070 0.112970 0.301240
ECO08442 -0.171380 0.225930 0.000000
ECO08149 -0.472620 0.263590 0.112960
ECO08246 -0.209030 0.188270 0.000000
ECO03065 -0.020760 0.112970 0.112960
ECO07695 -0.133720 0.112960 0.000000
ECO08549 -0.284340 0.225930 0.150620
ECO11529 -0.359650 0.112960 0.000000
ECO06502 -0.133720 0.150620 0.188280
ECO12223 0.016900 0.112960 0.000000
ECO06727 -0.472620 0.188280 0.112960
ECO08632 -0.133720 0.112960 0.000000
ECO09295 -0.096070 0.112970 0.075310
ECO12274 0.242830 0.037650 0.000000
ECO05637 -0.397310 0.188280 0.112960
ECO04884 0.054550 0.112970 0.000000
ECO12584 -0.284340 0.225930 0.112970
ECO12191 -0.133720 0.112960 0.000000
ECO02074 -0.510270 0.150620 0.112970
ECO03130 -0.133720 0.112960 0.000000
ECO06193 -0.096070 0.225930 0.150620
ECO06977 -0.547930 0.338900 0.000000
ECO12613 -0.058410 0.075310 0.451860
ECO04869 0.242830 0.037650 0.000000
ECO11777 -0.284340 0.225930 0.112970
ECO07092 0.016900 0.150620 0.000000
ECO04684 0.318140 0.037650 0.188280
ECO08587 0.092210 0.037650 0.000000
ECO06217 0.092210 0.075310 0.301240
ECO02598 -0.322000 0.188280 0.000000
ECO04169 -0.058410 0.225930 0.150620
ECO02297 -0.171380 0.188280 0.000000
ECO12577 -0.547930 0.225930 0.112960
ECO11565 -0.472620 0.301240 0.000000
ECO11787 -0.171380 0.112970 0.150620
ECO05045 0.280480 0.037660 0.000000
ECO05515 -0.058410 0.112960 0.112970
ECO04143 -0.020760 0.150620 0.000000
ECO06966 -0.209030 0.150620 0.150620
ECO08187 -0.096070 0.112970 0.000000
ECO03071 -0.171380 0.263590 0.112960
ECO12589 0.016900 0.075310 0.000000
ECO02373 -0.397310 0.112970 0.150620
ECO12487 -0.585580 0.225930 0.000000
ECO01852 -0.510270 0.225930 0.112970
ECO07117 -0.284340 0.263580 0.000000
ECO04443 -0.246690 0.188280 0.150620
ECO04996 0.016900 0.075310 0.000000
ECO04896 -0.020760 0.150620 0.112960
ECO02771 -0.020760 0.075310 0.000000
ECO03273 0.016900 0.075310 0.301240
ECO11230 -0.623240 0.338900 0.000000
ECO08957 0.054550 0.075310 0.301240
ECO06983 0.054550 0.112970 0.000000
ECO02120 -0.020760 0.150620 0.075310
ECO05647 -0.133720 0.075310 0.000000
ECO05428 -0.171380 0.112970 0.075310
ECO07919 -0.510270 0.263580 0.000000
ECO03090 -0.133720 0.188270 0.150620
ECO09927 -0.322000 0.150620 0.000000
ECO05464 0.054550 0.150620 0.188270
ECO03592 0.318140 0.000000 0.000000
ECO12121 0.355790 0.037660 0.376550
ECO07101 0.129860 0.075310 0.000000
ECO05697 -0.510270 0.188270 0.112970
ECO06816 0.054550 0.075310 0.000000
ECO12335 -0.397310 0.188280 0.112960
ECO10058 -0.434960 0.301240 0.000000
ECO08857 -0.585580 0.263580 0.075310
ECO09372 0.092210 0.075310 0.000000
ECO00231 0.205170 0.037660 0.338890
ECO02456 -0.020760 0.225930 0.000000
ECO08470 -0.284340 0.150620 0.150620
ECO03105 -0.397310 0.225930 0.000000
ECO05013 -0.623240 0.225930 0.112960
ECO03439 -0.547930 0.263590 0.000000
ECO06483 -0.209030 0.188270 0.150620
ECO12606 -0.397310 0.150620 0.000000
ECO02490 0.242830 0.037650 0.301240
ECO09442 0.205170 0.000000 0.000000
ECO12504 -0.547930 0.301240 0.075310
ECO01954 -0.472620 0.188280 0.000000
ECO04877 -0.472620 0.263590 0.112960
ECO11819 0.167520 0.037650 0.000000
ECO11533 0.205170 0.000000 0.376550
ECO03175 0.016900 0.225930 0.000000
ECO08271 -0.058410 0.075310 0.376550
ECO05897 0.054550 0.075310 0.000000
ECO11449 -0.510270 0.263580 0.075310
ECO03340 -0.510270 0.414200 0.000000
ECO07118 -0.359650 0.188270 0.112970
ECO05782 -0.133720 0.188270 0.000000
ECO11803 0.242830 0.037650 0.263590
ECO08590 -0.171380 0.188280 0.000000
ECO06901 -0.472620 0.263590 0.075310
ECO09539 -0.058410 0.075310 0.000000
ECO09790 -0.547930 0.225930 0.112960
ECO09628 0.280480 0.075310 0.000000
ECO04448 -0.171380 0.188280 0.188270
ECO04898 -0.171380 0.150620 0.000000
ECO11611 -0.284340 0.263580 0.150620
ECO08878 -0.133720 0.150620 0.000000
ECO09092 -0.133720 0.263580 0.150620
ECO03162 -0.020760 0.075310 0.000000
ECO11848 0.092210 0.075310 0.263590
ECO08749 -0.020760 0.075310 0.000000
ECO04655 -0.133720 0.112960 0.150620
ECO07842 -0.171380 0.188280 0.000000
ECO11662 -0.322000 0.150620 0.112960
ECO05128 -0.434960 0.150620 0.000000
ECO11504 -0.397310 0.037660 0.037650
ECO12637 -0.472620 0.188280 0.000000
ECO06982 -0.434960 0.338890 0.075310
ECO07250 -0.547930 0.263590 0.000000
ECO08824 -0.510270 0.188270 0.112970
ECO08220 -0.397310 0.150620 0.000000
ECO05514 0.054550 0.075310 0.225930
ECO10559 -0.096070 0.150620 0.000000
ECO12489 -0.246690 0.188280 0.150620
ECO03124 0.205170 0.000000 0.000000
ECO02152 -0.359650 0.150620 0.112970
ECO02317 -0.397310 0.188280 0.000000
ECO10605 -0.171380 0.188280 0.150620
ECO06647 -0.434960 0.225930 0.000000
ECO03410 -0.096070 0.075310 0.075310
ECO08894 -0.284340 0.188270 0.000000
ECO11857 -0.133720 0.112960 0.150620
ECO10566 0.242830 0.000000 0.000000
ECO08626 -0.171380 0.150620 0.150620
ECO05550 -0.510270 0.263580 0.000000
ECO02424 -0.322000 0.150620 0.112960
ECO04389 -0.133720 0.225930 0.000000
ECO02878 -0.171380 0.150620 0.150620
ECO07933 -0.472620 0.301240 0.000000
ECO02224 -0.284340 0.150620 0.112970
ECO05775 -0.284340 0.188270 0.000000
ECO03117 -0.096070 0.150620 0.150620
ECO06554 -0.133720 0.150620 0.000000
ECO05457 -0.171380 0.188280 0.150620
ECO06529 -0.434960 0.188270 0.000000
ECO05843 -0.171380 0.225930 0.188270
ECO03696 0.205170 0.037660 0.000000
ECO11771 -0.434960 0.301240 0.075310
ECO03678 0.280480 0.037660 0.000000
ECO12575 -0.171380 0.112970 0.150620
ECO02492 -0.133720 0.150620 0.000000
ECO12443 -0.359650 0.188270 0.150620
ECO06636 -0.284340 0.225930 0.000000
ECO06622 -0.171380 0.225930 0.112960
ECO12201 0.092210 0.075310 0.000000
ECO10626 -0.171380 0.037660 0.075310
ECO04678 -0.096070 0.075310 0.000000
ECO04512 0.242830 0.000000 0.414210
ECO06082 -0.246690 0.150620 0.000000
ECO09005 0.129860 0.037660 0.263580
ECO08480 -0.171380 0.112970 0.000000
ECO12161 -0.359650 0.188270 0.112970
ECO10684 -0.246690 0.188280 0.000000
ECO03959 -0.246690 0.225930 0.150620
ECO00615 -0.585580 0.188270 0.000000
ECO03057 0.355790 0.037660 0.225930
ECO09375 -0.547930 0.451860 0.000000
ECO03206 -0.096070 0.150620 0.263580
ECO04227 -0.020760 0.075310 0.000000
ECO00255 -0.660890 0.338890 0.075310
ECO04535 0.242830 0.037650 0.000000
ECO09330 -0.585580 0.188270 0.150620
ECO03389 -0.133720 0.150620 0.000000
ECO12205 -0.209030 0.075310 0.112970
ECO09934 -0.020760 0.112970 0.000000
ECO03050 -0.020760 0.112970 0.112960
ECO10752 -0.472620 0.225930 0.000000
ECO05682 0.167520 0.037650 0.263590
ECO08605 -0.472620 0.188280 0.000000
ECO04410 0.205170 0.037660 0.338890
ECO04061 -0.020760 0.188280 0.000000
ECO02189 -0.284340 0.188270 0.150620
ECO07194 -0.434960 0.225930 0.000000
ECO10002 -0.585580 0.451860 0.037660
ECO05180 -0.133720 0.225930 0.000000
ECO12354 -0.510270 0.225930 0.112970
ECO03406 -0.020760 0.150620 0.000000
ECO08971 -0.322000 0.263590 0.150620
ECO09843 -0.397310 0.150620 0.000000
ECO10026 -0.284340 0.188270 0.150620
ECO06533 0.016900 0.075310 0.000000
ECO04729 -0.020760 0.075310 0.150620
ECO10545 -0.171380 0.150620 0.000000
ECO06550 0.054550 0.075310 0.301240
ECO05512 -0.397310 0.263590 0.000000
ECO12320 -0.096070 0.112970 0.263580
ECO10294 -0.510270 0.188270 0.000000
ECO06801 -0.171380 0.075310 0.188270
ECO05461 0.016900 0.112960 0.000000
ECO04159 -0.171380 0.188280 0.150620
ECO03606 -0.472620 0.301240 0.000000
ECO02806 -0.096070 0.075310 0.075310
ECO08354 0.054550 0.075310 0.000000
ECO07184 -0.397310 0.150620 0.150620
ECO12103 -0.171380 0.112970 0.000000
ECO02371 -0.660890 0.451860 0.112970
ECO12136 -0.322000 0.188280 0.000000
ECO02169 -0.547930 0.188280 0.112960
ECO05947 -0.698550 0.263590 0.000000
ECO05220 -0.472620 0.376550 0.112960
ECO05306 -0.171380 0.150620 0.000000
ECO03183 -0.058410 0.112960 0.225930
ECO11705 -0.585580 0.263580 0.000000
ECO03226 0.242830 0.037650 0.414210
ECO08685 -0.397310 0.225930 0.000000
ECO04055 -0.171380 0.112970 0.112960
ECO00068 -0.434960 0.188270 0.000000
ECO02376 -0.284340 0.263580 0.112970
ECO02669 0.054550 0.075310 0.000000
ECO06620 -0.020760 0.112970 0.112960
ECO02683 -0.510270 0.263580 0.000000
ECO02719 -0.171380 0.150620 0.150620
ECO08249 -0.133720 0.188270 0.000000
ECO01990 -0.434960 0.150620 0.112970
ECO05661 -0.397310 0.225930 0.000000
ECO08315 -0.472620 0.188280 0.112960
ECO03610 -0.058410 0.112960 0.000000
ECO04576 -0.472620 0.188280 0.112960
ECO02270 0.129860 0.075310 0.000000
ECO05797 -0.585580 0.225930 0.112970
ECO02504 -0.284340 0.188270 0.000000
ECO07869 -0.020760 0.112970 0.075310
ECO05746 0.016900 0.075310 0.000000
ECO00220 -0.547930 0.188280 0.112960
ECO02624 -0.246690 0.150620 0.000000
ECO06954 0.016900 0.112960 0.263590
ECO02585 -0.058410 0.075310 0.000000
ECO12505 -0.246690 0.075310 0.075310
ECO08505 -0.171380 0.112970 0.000000
ECO08790 -0.510270 0.188270 0.112970
ECO02455 -0.133720 0.037650 0.000000
ECO02923 -0.171380 0.075310 0.075310
ECO03208 -0.058410 0.150620 0.000000
ECO05765 0.205170 0.037660 0.414200
ECO12654 -0.322000 0.225930 0.000000
ECO01987 -0.472620 0.225930 0.112960
ECO02387 -0.585580 0.301240 0.000000
ECO08299 -0.246690 0.150620 0.112960
ECO02476 -0.246690 0.188280 0.000000
ECO04298 -0.133720 0.150620 0.112970
ECO11260 -0.434960 0.225930 0.000000
ECO08843 0.129860 0.075310 0.301240
ECO00989 -0.434960 0.301240 0.000000
ECO09277 -0.359650 0.188270 0.112970
ECO09354 -0.246690 0.075310 0.000000
ECO05878 -0.133720 0.225930 0.150620
ECO06971 -0.209030 0.150620 0.000000
ECO05031 -0.058410 0.150620 0.225930
ECO06712 -0.397310 0.225930 0.000000
ECO12392 -0.322000 0.112970 0.112960
ECO03738 -0.547930 0.225930 0.000000
ECO04040 -0.020760 0.075310 0.112960
ECO03227 -0.133720 0.225930 0.000000
ECO07112 -0.171380 0.112970 0.188270
ECO06903 -0.397310 0.225930 0.000000
ECO06503 -0.547930 0.338900 0.112960
ECO03236 0.280480 0.037660 0.000000
ECO05040 0.318140 0.037650 0.338900
ECO12333 -0.284340 0.188270 0.000000
ECO10022 -0.096070 0.263590 0.150620
ECO05410 -0.058410 0.112960 0.000000
ECO05099 -0.171380 0.112970 0.112960
ECO03806 0.280480 0.037660 0.000000
ECO10422 -0.397310 0.150620 0.150620
ECO10554 0.054550 0.075310 0.000000
ECO05006 -0.020760 0.075310 0.112960
ECO07805 -0.472620 0.225930 0.000000
ECO05440 -0.359650 0.188270 0.112970
ECO05308 -0.171380 0.112970 0.000000
ECO09554 -0.510270 0.263580 0.075310
ECO07775 -0.246690 0.150620 0.000000
ECO00794 -0.359650 0.188270 0.112970
ECO04806 -0.246690 0.188280 0.000000
ECO10324 0.205170 0.037660 0.263580
ECO08150 0.054550 0.075310 0.000000
ECO11319 -0.171380 0.150620 0.150620
ECO08243 -0.472620 0.301240 0.000000
ECO05533 -0.058410 0.075310 0.414210
ECO09184 0.016900 0.112960 0.000000
ECO04888 -0.133720 0.112960 0.037660
ECO05488 -0.472620 0.225930 0.000000
ECO11643 -0.133720 0.263580 0.150620
ECO06174 0.092210 0.075310 0.000000
ECO07009 0.054550 0.075310 0.301240
ECO09532 -0.322000 0.188280 0.000000
ECO11105 -0.623240 0.301240 0.112960
ECO09581 -0.171380 0.112970 0.000000
ECO08832 -0.133720 0.188270 0.150620
ECO05388 -0.284340 0.150620 0.000000
ECO11457 -0.359650 0.188270 0.112970
ECO08581 -0.246690 0.150620 0.000000
ECO11343 0.318140 0.037650 0.301240
ECO02430 -0.096070 0.112970 0.000000
ECO03016 -0.246690 0.188280 0.112960
ECO02130 0.054550 0.150620 0.000000
ECO03416 -0.058410 0.225930 0.188280
ECO04737 0.129860 0.075310 0.000000
ECO04602 -0.058410 0.075310 0.112970
ECO09618 -0.510270 0.188270 0.000000
ECO02179 -0.397310 0.225930 0.075310
ECO03494 0.092210 0.075310 0.000000
ECO06545 -0.660890 0.263580 0.075310
ECO09296 -0.359650 0.188270 0.000000
ECO09310 -0.133720 0.188270 0.150620
ECO03194 -0.397310 0.150620 0.000000
ECO00629 -0.472620 0.263590 0.112960
ECO12273 0.016900 0.075310 0.000000
ECO04373 -0.133720 0.188270 0.150620
ECO03873 0.016900 0.150620 0.000000
ECO02608 -0.209030 0.150620 0.150620
ECO03301 -0.020760 0.112970 0.000000
ECO09689 -0.171380 0.150620 0.150620
ECO03487 -0.096070 0.112970 0.000000
ECO05666 -0.397310 0.150620 0.150620
ECO08324 0.242830 0.037650 0.000000
ECO06538 -0.096070 0.112970 0.376550
ECO04766 -0.020760 0.075310 0.000000
ECO04773 -0.058410 0.075310 0.075310
ECO10396 -0.133720 0.075310 0.000000
ECO05452 -0.246690 0.188280 0.150620
ECO03187 -0.209030 0.150620 0.000000
ECO06652 -0.133720 0.225930 0.150620
ECO03594 0.205170 0.000000 0.000000
ECO04287 -0.133720 0.188270 0.188280
ECO02408 -0.171380 0.263590 0.000000
ECO02638 -0.209030 0.112960 0.150620
ECO06400 -0.020760 0.112970 0.000000
ECO06683 0.129860 0.037660 0.376550
ECO03375 0.129860 0.075310 0.000000
ECO00348 -0.510270 0.301240 0.112970
ECO12068 -0.096070 0.150620 0.000000
ECO07085 -0.397310 0.225930 0.112960
ECO08372 -0.020760 0.112970 0.000000
ECO04711 -0.058410 0.112960 0.225930
ECO06298 0.092210 0.075310 0.000000
ECO03475 -0.246690 0.225930 0.112960
ECO01218 -0.020760 0.075310 0.000000
ECO05028 -0.058410 0.112960 0.112970
ECO04928 -0.698550 0.301240 0.000000
ECO02790 0.280480 0.000000 0.489510
ECO04092 0.092210 0.075310 0.000000
ECO11668 0.205170 0.037660 0.338890
ECO09993 -0.434960 0.301240 0.000000
ECO05211 -0.322000 0.150620 0.150620
ECO03205 -0.020760 0.075310 0.000000
ECO04241 0.280480 0.037660 0.225930
ECO10542 -0.359650 0.225930 0.000000
ECO02701 -0.547930 0.225930 0.112960
ECO05459 -0.133720 0.075310 0.000000
ECO05659 -0.359650 0.150620 0.112970
ECO06798 -0.209030 0.150620 0.000000
ECO11680 0.242830 0.000000 0.338900
ECO12473 -0.623240 0.263590 0.000000
ECO03156 -0.171380 0.150620 0.150620
ECO09857 0.129860 0.075310 0.000000
ECO04562 0.016900 0.112960 0.150620
ECO12455 -0.397310 0.188280 0.000000
ECO01318 -0.322000 0.188280 0.112960
ECO03490 0.242830 0.037650 0.000000
ECO08121 -0.322000 0.188280 0.150620
ECO07600 -0.660890 0.338890 0.000000
ECO07736 -0.434960 0.188270 0.112970
ECO04926 -0.434960 0.263580 0.000000
ECO03741 -0.133720 0.150620 0.075310
ECO04430 -0.171380 0.112970 0.000000
ECO08474 0.129860 0.037660 0.376550
ECO05709 -0.171380 0.150620 0.000000
ECO03530 -0.020760 0.112970 0.150620
ECO06095 -0.133720 0.075310 0.000000
ECO04923 -0.171380 0.225930 0.112960
ECO11816 -0.246690 0.150620 0.000000
ECO04323 -0.171380 0.112970 0.188270
ECO12016 -0.322000 0.188280 0.000000
ECO04723 0.129860 0.075310 0.301240
ECO09167 -0.246690 0.301240 0.000000
ECO02658 -0.246690 0.112970 0.112960
ECO09646 0.054550 0.075310 0.000000
ECO06402 -0.510270 0.150620 0.112970
ECO09453 -0.510270 0.225930 0.000000
ECO10232 0.092210 0.037650 0.338900
ECO08760 -0.434960 0.225930 0.000000
ECO03630 -0.209030 0.225930 0.112970
ECO11133 -0.510270 0.225930 0.000000
ECO09053 -0.434960 0.263580 0.112970
ECO04916 0.016900 0.112960 0.000000
ECO05716 -0.096070 0.150620 0.263580
ECO07767 -0.472620 0.188280 0.000000
ECO05816 0.092210 0.075310 0.225930
ECO03737 -0.133720 0.263580 0.000000
ECO02165 -0.397310 0.150620 0.150620
ECO02644 -0.359650 0.188270 0.000000
ECO05402 -0.246690 0.188280 0.150620
ECO03138 -0.171380 0.075310 0.000000
ECO00917 -0.736200 0.263580 0.075310
ECO02155 -0.284340 0.150620 0.000000
ECO12503 -0.397310 0.188280 0.112960
ECO12520 -0.322000 0.188280 0.000000
ECO08303 -0.133720 0.150620 0.150620
ECO12303 -0.397310 0.188280 0.000000
ECO04800 -0.133720 0.075310 0.075310
ECO03221 -0.322000 0.225930 0.000000
ECO04071 -0.547930 0.301240 0.075310
ECO12032 -0.096070 0.225930 0.000000
ECO10641 0.205170 0.000000 0.376550
ECO04314 -0.058410 0.075310 0.000000
ECO09950 -0.585580 0.225930 0.112970
ECO08127 -0.284340 0.150620 0.000000
ECO06068 -0.171380 0.188280 0.150620
ECO05532 -0.171380 0.188280 0.000000
ECO05493 0.242830 0.037650 0.263590
ECO12089 0.016900 0.075310 0.000000
ECO06536 -0.284340 0.150620 0.112970
ECO06411 -0.171380 0.150620 0.000000
ECO05143 -0.020760 0.075310 0.075310
ECO11513 -0.472620 0.301240 0.000000
ECO06050 -0.359650 0.188270 0.112970
ECO03621 -0.284340 0.225930 0.000000
ECO08633 -0.171380 0.112970 0.112960
ECO04889 -0.096070 0.037660 0.000000
ECO11739 -0.209030 0.112960 0.150620
ECO04732 -0.209030 0.112960 0.000000
ECO07940 -0.284340 0.075310 0.075310
ECO03953 -0.096070 0.150620 0.000000
ECO06000 -0.209030 0.112960 0.112970
ECO10398 -0.284340 0.150620 0.000000
ECO05075 -0.209030 0.188270 0.150620
ECO09237 -0.510270 0.225930 0.000000
ECO09619 -0.660890 0.338890 0.075310
ECO06879 -0.322000 0.225930 0.000000
ECO10466 0.280480 0.037660 0.414200
ECO06604 -0.510270 0.225930 0.000000
ECO07765 -0.322000 0.188280 0.112960
ECO07872 -0.359650 0.188270 0.000000
ECO02199 -0.096070 0.225930 0.112960
ECO04264 -0.397310 0.263590 0.000000
ECO03396 -0.133720 0.188270 0.075310
ECO11288 0.129860 0.075310 0.000000
ECO05093 -0.171380 0.150620 0.112960
ECO02392 -0.133720 0.112960 0.000000
ECO02538 -0.472620 0.263590 0.112960
ECO00734 -0.397310 0.188280 0.000000
ECO02755 -0.171380 0.075310 0.112960
ECO08805 -0.171380 0.263590 0.000000
ECO12486 -0.284340 0.150620 0.112970
ECO04793 -0.434960 0.225930 0.000000
ECO09246 -0.397310 0.188280 0.150620
ECO06388 -0.434960 0.338890 0.000000
ECO08360 0.205170 0.037660 0.338890
ECO03730 -0.020760 0.075310 0.000000
ECO08374 -0.623240 0.263590 0.112960
ECO03937 -0.209030 0.225930 0.000000
ECO02451 -0.397310 0.225930 0.112960
ECO02944 0.092210 0.075310 0.000000
ECO08574 -0.133720 0.188270 0.150620
ECO06093 -0.547930 0.489520 0.000000
ECO07808 -0.397310 0.188280 0.075310
ECO08676 -0.397310 0.188280 0.000000
ECO02399 -0.096070 0.150620 0.112960
ECO11606 -0.133720 0.112960 0.000000
ECO11174 -0.322000 0.150620 0.112960
ECO04289 -0.020760 0.075310 0.000000
ECO00545 -0.359650 0.150620 0.112970
ECO05918 -0.397310 0.150620 0.000000
ECO11067 -0.397310 0.150620 0.112960
ECO04757 0.280480 0.037660 0.000000
ECO04982 -0.510270 0.225930 0.112970
ECO08969 -0.246690 0.188280 0.000000
ECO12368 0.167520 0.075310 0.263590
ECO04064 -0.246690 0.225930 0.000000
ECO10080 -0.133720 0.112960 0.037660
ECO10480 -0.359650 0.188270 0.000000
ECO08101 0.129860 0.075310 0.301240
ECO05675 -0.547930 0.188280 0.000000
ECO11782 -0.284340 0.150620 0.112970
ECO05207 -0.171380 0.188280 0.000000
ECO05586 -0.322000 0.225930 0.112960
ECO07965 -0.510270 0.188270 0.000000
ECO05382 0.016900 0.075310 0.301240
ECO07254 0.016900 0.112960 0.000000
ECO04689 -0.284340 0.225930 0.112970
ECO02953 -0.020760 0.112970 0.000000
ECO06336 0.016900 0.188270 0.150620
ECO05118 -0.096070 0.188280 0.000000
ECO12025 -0.133720 0.225930 0.112970
ECO07147 -0.246690 0.225930 0.000000
ECO11313 -0.246690 0.263590 0.112960
ECO08326 -0.322000 0.150620 0.000000
ECO02242 -0.133720 0.188270 0.188280
ECO06961 -0.209030 0.150620 0.000000
ECO02710 -0.020760 0.075310 0.112960
ECO05800 -0.171380 0.188280 0.000000
ECO02574 -0.284340 0.225930 0.112970
ECO04366 -0.171380 0.112970 0.000000
ECO08317 -0.171380 0.075310 0.075310
ECO07331 -0.397310 0.188280 0.000000
ECO11169 -0.472620 0.225930 0.112960
ECO09603 -0.284340 0.112960 0.000000
ECO09110 -0.322000 0.225930 0.150620
ECO12373 -0.020760 0.075310 0.000000
ECO02885 -0.698550 0.338900 0.075310
ECO02124 -0.434960 0.225930 0.000000
ECO04804 0.242830 0.037650 0.188280
ECO08347 -0.020760 0.112970 0.000000
ECO06757 -0.397310 0.150620 0.150620
ECO08598 0.016900 0.075310 0.000000
ECO03259 -0.133720 0.225930 0.112970
ECO06258 -0.246690 0.188280 0.000000
ECO06603 -0.472620 0.188280 0.112960
ECO09518 -0.133720 0.075310 0.000000
ECO01421 -0.284340 0.150620 0.112970
ECO07008 0.092210 0.075310 0.000000
ECO12629 -0.359650 0.150620 0.075310
ECO01259 -0.698550 0.263590 0.000000
ECO10569 0.016900 0.075310 0.263590
ECO08530 -0.322000 0.188280 0.000000
ECO03034 0.054550 0.112970 0.075310
ECO03204 -0.133720 0.037650 0.000000
ECO09547 -0.171380 0.150620 0.150620
ECO05889 -0.096070 0.112970 0.000000
ECO04854 0.092210 0.037650 0.301240
ECO12093 -0.585580 0.263580 0.000000
ECO09254 -0.510270 0.225930 0.112970
ECO08841 -0.284340 0.188270 0.000000
ECO03897 -0.472620 0.225930 0.112960
ECO04417 -0.133720 0.150620 0.000000
ECO04386 0.092210 0.112960 0.188280
ECO12347 -0.096070 0.150620 0.000000
ECO12360 0.054550 0.075310 0.301240
ECO07994 -0.209030 0.188270 0.000000
ECO10083 -0.133720 0.112960 0.075310
ECO06726 0.092210 0.075310 0.000000
ECO03936 0.242830 0.000000 0.451860
ECO03463 -0.133720 0.150620 0.000000
ECO05301 0.016900 0.075310 0.301240
ECO01460 -0.510270 0.188270 0.000000
ECO10734 -0.623240 0.263590 0.112960
ECO00242 -0.698550 0.263590 0.000000
ECO06540 -0.434960 0.338890 0.075310
ECO10501 -0.397310 0.188280 0.000000
ECO00409 -0.736200 0.263580 0.112970
ECO06590 -0.585580 0.188270 0.000000
ECO00723 -0.547930 0.263590 0.112960
ECO10970 -0.585580 0.188270 0.000000
ECO00927 -0.585580 0.225930 0.112970
ECO03429 -0.020760 0.112970 0.000000
ECO08582 0.129860 0.037660 0.338890
ECO09748 0.016900 0.037650 0.000000
ECO02545 -0.096070 0.225930 0.150620
ECO09952 -0.397310 0.188280 0.000000
ECO06608 -0.284340 0.150620 0.112970
ECO02331 -0.698550 0.301240 0.000000
ECO02846 -0.322000 0.225930 0.112960
ECO06705 -0.246690 0.188280 0.000000
ECO11999 0.092210 0.037650 0.301240
ECO04404 0.016900 0.075310 0.000000
ECO04365 -0.133720 0.112960 0.075310
ECO08148 -0.397310 0.150620 0.000000
ECO08279 -0.171380 0.150620 0.150620
ECO03918 -0.058410 0.075310 0.000000
ECO03217 -0.020760 0.112970 0.075310
ECO11965 0.016900 0.075310 0.000000
ECO03965 -0.058410 0.263580 0.150620
ECO08284 -0.397310 0.188280 0.000000
ECO08548 -0.209030 0.263580 0.112970
ECO11879 -0.246690 0.150620 0.000000
ECO12611 -0.472620 0.150620 0.112960
ECO03264 -0.585580 0.301240 0.000000
ECO02961 -0.246690 0.037660 0.075310
ECO04540 0.242830 0.037650 0.000000
ECO11756 -0.246690 0.225930 0.150620
ECO09309 -0.698550 0.301240 0.000000
ECO04663 0.280480 0.037660 0.338890
ECO06880 -0.171380 0.150620 0.000000
ECO07850 -0.472620 0.225930 0.112960
ECO09688 -0.322000 0.188280 0.000000
ECO05042 0.092210 0.037650 0.338900
ECO07416 -0.322000 0.150620 0.000000
ECO05199 -0.058410 0.112960 0.263590
ECO05408 -0.585580 0.263580 0.000000
ECO05442 -0.284340 0.188270 0.112970
ECO10957 -0.623240 0.225930 0.000000
ECO07280 -0.171380 0.112970 0.150620
ECO06778 -0.171380 0.150620 0.000000
ECO11321 -0.096070 0.112970 0.112960
ECO11287 -0.660890 0.301240 0.000000
ECO11025 -0.585580 0.225930 0.112970
ECO02268 -0.171380 0.225930 0.000000
ECO11250 -0.510270 0.376550 0.075310
ECO02859 -0.209030 0.225930 0.000000
ECO01332 0.092210 0.037650 0.414210
ECO11722 -0.510270 0.338890 0.000000
ECO08158 -0.510270 0.263580 0.112970
ECO05900 -0.359650 0.225930 0.000000
ECO09069 -0.284340 0.150620 0.112970
ECO09962 -0.359650 0.188270 0.000000
ECO09269 -0.284340 0.188270 0.112970
ECO09176 -0.322000 0.225930 0.000000
ECO03828 -0.171380 0.075310 0.075310
ECO02160 -0.434960 0.188270 0.000000
ECO03635 -0.171380 0.075310 0.188270
ECO06086 -0.171380 0.150620 0.000000
ECO03639 -0.058410 0.112960 0.150620
ECO11049 0.054550 0.075310 0.000000
ECO05100 0.054550 0.075310 0.301240
ECO07797 -0.284340 0.150620 0.000000
ECO08465 -0.510270 0.225930 0.112970
ECO04907 -0.171380 0.150620 0.000000
ECO12214 -0.623240 0.263590 0.112960
ECO10541 -0.359650 0.150620 0.000000
ECO09337 -0.623240 0.489520 0.037650
ECO04614 -0.133720 0.225930 0.000000
ECO08469 -0.171380 0.112970 0.150620
ECO07983 -0.284340 0.150620 0.000000
ECO07976 -0.472620 0.188280 0.112960
ECO05593 0.242830 0.075310 0.000000
ECO05218 -0.171380 0.150620 0.150620
ECO05014 -0.096070 0.112970 0.000000
ECO09455 -0.322000 0.263590 0.150620
ECO04839 0.167520 0.075310 0.000000
ECO08851 0.016900 0.150620 0.112970
ECO03614 0.205170 0.037660 0.000000
ECO04239 -0.058410 0.150620 0.225930
ECO06579 -0.171380 0.150620 0.000000
ECO05325 -0.284340 0.225930 0.150620
ECO03435 0.054550 0.150620 0.000000
ECO00470 -0.510270 0.188270 0.112970
ECO05232 0.242830 0.037650 0.000000
ECO05039 -0.171380 0.188280 0.150620
ECO11907 0.016900 0.075310 0.000000
ECO01674 -0.397310 0.075310 0.150620
ECO11320 -0.359650 0.225930 0.000000
ECO08376 -0.359650 0.188270 0.112970
ECO02342 -0.660890 0.263580 0.000000
ECO02635 0.016900 0.075310 0.263590
ECO02367 -0.171380 0.188280 0.000000
ECO04900 0.205170 0.037660 0.263580
ECO01928 -0.397310 0.188280 0.000000
ECO02378 -0.359650 0.188270 0.112970
ECO12679 -0.472620 0.225930 0.000000
ECO02464 -0.585580 0.301240 0.075310
ECO03379 0.054550 0.075310 0.000000
ECO08123 -0.397310 0.150620 0.112960
ECO08895 -0.246690 0.112970 0.000000
ECO04688 -0.322000 0.188280 0.112960
ECO07166 -0.623240 0.301240 0.000000
ECO03373 -0.246690 0.225930 0.150620
ECO04813 -0.058410 0.075310 0.000000
ECO07219 -0.133720 0.150620 0.188280
ECO05498 0.016900 0.112960 0.000000
ECO04126 -0.133720 0.150620 0.075310
ECO08821 -0.171380 0.225930 0.000000
ECO06264 -0.020760 0.112970 0.188270
ECO09302 -0.209030 0.188270 0.000000
ECO09304 -0.773860 0.301240 0.075310
ECO12481 0.092210 0.112960 0.000000
ECO09997 -0.434960 0.188270 0.112970
ECO10318 -0.020760 0.075310 0.000000
ECO03716 0.016900 0.075310 0.225930
ECO07460 -0.171380 0.188280 0.000000
ECO10653 -0.246690 0.225930 0.150620
ECO08495 -0.510270 0.263580 0.000000
ECO02144 0.242830 0.000000 0.451860
ECO07946 -0.020760 0.075310 0.000000
ECO03465 -0.020760 0.112970 0.150620
ECO10467 -0.284340 0.188270 0.000000
ECO10874 -0.133720 0.150620 0.075310
ECO08223 -0.322000 0.150620 0.000000
ECO00237 -0.736200 0.263580 0.112970
ECO08902 -0.359650 0.150620 0.000000
ECO04288 -0.359650 0.188270 0.112970
ECO04279 -0.322000 0.188280 0.000000
ECO06351 -0.322000 0.188280 0.112960
ECO04281 -0.096070 0.188280 0.000000
ECO04179 -0.020760 0.075310 0.112960
ECO10674 -0.284340 0.188270 0.000000
ECO04581 0.242830 0.037650 0.263590
ECO05951 -0.284340 0.225930 0.000000
ECO07123 -0.359650 0.150620 0.112970
ECO05158 -0.246690 0.150620 0.000000
ECO11774 -0.171380 0.150620 0.188270
ECO03986 -0.133720 0.112960 0.000000
ECO06530 0.242830 0.037650 0.301240
ECO09697 -0.547930 0.263590 0.000000
ECO07830 -0.510270 0.150620 0.150620
ECO11772 -0.284340 0.150620 0.000000
ECO05458 0.242830 0.000000 0.451860
ECO10304 -0.472620 0.263590 0.000000
ECO06060 -0.623240 0.263590 0.075310
ECO10975 -0.434960 0.188270 0.000000
ECO00614 -0.434960 0.188270 0.112970
ECO10767 -0.397310 0.150620 0.000000
ECO05360 -0.020760 0.112970 0.263580
ECO07223 -0.133720 0.112960 0.000000
ECO08323 -0.472620 0.225930 0.112960
ECO12374 0.016900 0.112960 0.000000
ECO05660 -0.133720 0.112960 0.225930
ECO05758 -0.133720 0.188270 0.000000
ECO03279 0.242830 0.000000 0.338900
ECO03479 0.242830 0.000000 0.000000
ECO02686 -0.434960 0.150620 0.112970
ECO08225 -0.209030 0.263580 0.000000
ECO05860 -0.660890 0.263580 0.075310
ECO02967 0.242830 0.037650 0.000000
ECO12525 0.205170 0.000000 0.376550
ECO12446 -0.096070 0.263590 0.000000
ECO11158 0.129860 0.037660 0.188270
ECO06720 -0.434960 0.188270 0.000000
ECO11748 -0.133720 0.150620 0.150620
ECO00854 -0.585580 0.225930 0.000000
ECO05047 0.205170 0.037660 0.301240
ECO09657 0.054550 0.037660 0.000000
ECO02726 -0.547930 0.225930 0.075310
ECO05298 -0.284340 0.188270 0.000000
ECO08885 -0.284340 0.188270 0.112970
ECO11798 -0.171380 0.150620 0.000000
ECO06420 -0.359650 0.188270 0.112970
ECO04362 -0.171380 0.150620 0.000000
ECO08592 -0.397310 0.188280 0.075310
ECO11855 -0.359650 0.188270 0.000000
ECO05191 0.016900 0.075310 0.301240
ECO00054 -0.623240 0.263590 0.000000
ECO06470 -0.171380 0.150620 0.150620
ECO03955 0.318140 0.037650 0.000000
ECO09764 -0.171380 0.112970 0.150620
ECO09678 -0.246690 0.150620 0.000000
ECO04755 -0.058410 0.075310 0.037660
ECO04598 0.242830 0.000000 0.000000
ECO00861 0.016900 0.112960 0.188280
ECO03126 0.242830 0.037650 0.000000
ECO06613 -0.510270 0.150620 0.112970
ECO11447 -0.284340 0.225930 0.000000
ECO05134 0.054550 0.037660 0.263580
ECO05884 -0.322000 0.188280 0.000000
ECO00990 -0.585580 0.225930 0.112970
ECO09685 -0.322000 0.225930 0.000000
ECO08192 -0.284340 0.150620 0.112970
ECO05327 -0.171380 0.112970 0.000000
ECO05920 -0.133720 0.112960 0.075310
ECO00004 -0.547930 0.188280 0.000000
ECO07806 -0.434960 0.188270 0.112970
ECO06070 -0.322000 0.188280 0.000000
ECO10564 -0.171380 0.150620 0.188270
ECO00061 -0.246690 0.112970 0.000000
ECO11561 -0.434960 0.338890 0.112970
ECO06956 -0.623240 0.338900 0.000000
ECO03769 0.016900 0.075310 0.301240
ECO11709 -0.171380 0.112970 0.000000
ECO12444 -0.773860 0.338900 0.075310
ECO03905 -0.246690 0.188280 0.000000
ECO08728 -0.284340 0.150620 0.112970
ECO02326 -0.547930 0.263590 0.000000
ECO01690 -0.698550 0.263590 0.112960
ECO02833 -0.510270 0.188270 0.000000
ECO09228 0.092210 0.075310 0.301240
ECO05970 -0.133720 0.112960 0.000000
ECO06077 -0.133720 0.150620 0.112970
ECO03212 -0.171380 0.188280 0.000000
ECO10614 -0.058410 0.150620 0.150620
ECO06763 0.129860 0.037660 0.000000
ECO05438 0.205170 0.037660 0.263580
ECO02269 -0.096070 0.188280 0.000000
ECO06364 -0.284340 0.150620 0.112970
ECO11770 -0.096070 0.150620 0.000000
ECO03917 -0.020760 0.075310 0.075310
ECO11661 -0.096070 0.263590 0.000000
ECO00424 -0.698550 0.263590 0.112960
ECO09333 -0.171380 0.075310 0.000000
ECO08452 -0.397310 0.188280 0.112960
ECO00117 -0.284340 0.263580 0.000000
ECO08375 -0.020760 0.075310 0.301240
ECO11018 -0.472620 0.225930 0.000000
ECO12533 -0.359650 0.188270 0.112970
ECO00457 -0.547930 0.225930 0.000000
ECO11353 -0.133720 0.150620 0.225930
ECO02359 -0.434960 0.301240 0.000000
ECO02457 -0.284340 0.150620 0.112970
ECO02466 -0.171380 0.112970 0.000000
ECO09052 -0.510270 0.225930 0.075310
ECO05678 -0.209030 0.112960 0.000000
ECO03159 -0.171380 0.075310 0.075310
ECO04206 -0.133720 0.188270 0.000000
ECO12524 -0.510270 0.188270 0.112970
ECO04738 -0.133720 0.301240 0.000000
ECO00194 -0.736200 0.301240 0.112970
ECO04508 0.129860 0.075310 0.000000
ECO05592 -0.133720 0.188270 0.112970
ECO03747 -0.096070 0.075310 0.000000
ECO10565 -0.171380 0.150620 0.112960
ECO07796 -0.284340 0.225930 0.000000
ECO04387 0.054550 0.075310 0.301240
ECO03318 0.016900 0.112960 0.000000
ECO06955 -0.020760 0.112970 0.150620
ECO08191 -0.020760 0.112970 0.000000
ECO09234 -0.434960 0.301240 0.075310
ECO10519 -0.096070 0.188280 0.000000
ECO04150 -0.020760 0.112970 0.112960
ECO05657 0.054550 0.037660 0.000000
ECO11607 -0.096070 0.150620 0.112960
ECO06238 -0.284340 0.188270 0.000000
ECO04983 -0.096070 0.112970 0.075310
ECO05020 -0.058410 0.150620 0.000000
ECO03197 -0.058410 0.150620 0.112970
ECO06256 0.092210 0.075310 0.000000
ECO12162 -0.510270 0.225930 0.112970
ECO06892 -0.434960 0.225930 0.000000
ECO09093 -0.284340 0.188270 0.112970
ECO06827 -0.246690 0.075310 0.000000
ECO10136 -0.397310 0.150620 0.112960
ECO07108 0.205170 0.000000 0.000000
ECO06591 -0.096070 0.112970 0.376550
ECO09336 -0.171380 0.188280 0.000000
ECO06710 -0.434960 0.301240 0.112970
ECO00957 -0.547930 0.225930 0.000000
ECO06124 -0.171380 0.075310 0.037650
ECO08047 -0.020760 0.112970 0.000000
ECO10719 -0.623240 0.263590 0.112960
ECO10035 -0.133720 0.075310 0.000000
ECO03048 -0.171380 0.112970 0.075310
ECO02384 -0.133720 0.188270 0.000000
ECO05103 -0.434960 0.225930 0.112970
ECO05389 -0.322000 0.263590 0.000000
ECO10787 0.016900 0.075310 0.150620
ECO09366 -0.322000 0.188280 0.000000
ECO09315 -0.133720 0.188270 0.150620
ECO09784 -0.472620 0.263590 0.000000
ECO00389 -0.585580 0.263580 0.112970
ECO05355 -0.547930 0.263590 0.000000
ECO12507 -0.434960 0.150620 0.112970
ECO11249 -0.209030 0.188270 0.000000
ECO06819 0.242830 0.000000 0.451860
ECO03320 -0.020760 0.225930 0.000000
ECO00912 -0.585580 0.263580 0.112970
ECO07755 -0.397310 0.188280 0.000000
ECO09733 -0.698550 0.263590 0.112960
ECO07912 -0.209030 0.150620 0.000000
ECO08447 0.129860 0.075310 0.301240
ECO02964 -0.133720 0.376550 0.000000
ECO05956 -0.133720 0.112960 0.150620
ECO06026 -0.020760 0.112970 0.000000
ECO05292 -0.397310 0.150620 0.112960
ECO01712 -0.397310 0.188280 0.000000
ECO09099 -0.434960 0.225930 0.112970
ECO06241 -0.434960 0.188270 0.000000
ECO03033 0.054550 0.112970 0.075310
ECO08431 -0.472620 0.188280 0.000000
ECO08996 -0.472620 0.188280 0.112960
ECO02711 -0.284340 0.188270 0.000000
ECO02675 -0.171380 0.075310 0.188270
ECO02418 -0.547930 0.263590 0.000000
ECO10536 -0.397310 0.150620 0.112960
ECO10871 -0.322000 0.225930 0.000000
ECO00139 -0.623240 0.263590 0.112960
ECO08345 -0.322000 0.225930 0.000000
ECO11323 -0.246690 0.188280 0.150620
ECO06991 -0.096070 0.225930 0.000000
ECO08414 -0.623240 0.263590 0.075310
ECO02018 -0.510270 0.188270 0.000000
ECO08745 -0.547930 0.188280 0.150620
ECO04687 0.016900 0.075310 0.000000
ECO05773 -0.020760 0.112970 0.112960
ECO02629 -0.058410 0.075310 0.000000
ECO12583 -0.209030 0.188270 0.150620
ECO09493 -0.623240 0.338900 0.000000
ECO06962 0.092210 0.037650 0.301240
ECO04084 0.205170 0.037660 0.000000
ECO02212 0.054550 0.075310 0.263580
ECO02847 -0.246690 0.188280 0.000000
ECO10068 -0.133720 0.112960 0.075310
ECO06724 -0.096070 0.112970 0.000000
ECO04384 -0.020760 0.112970 0.225930
ECO08013 -0.133720 0.225930 0.000000
ECO10236 -0.020760 0.112970 0.075310
ECO06575 -0.246690 0.150620 0.000000
ECO08329 -0.284340 0.225930 0.112970
ECO01643 -0.284340 0.150620 0.000000
ECO03015 -0.096070 0.112970 0.225930
ECO12480 -0.284340 0.225930 0.000000
ECO03705 -0.020760 0.075310 0.150620
ECO13577 -0.020760 0.075310 0.000000
ECO08256 -0.510270 0.225930 0.112970
ECO03176 -0.058410 0.263580 0.000000
ECO03362 0.205170 0.037660 0.301240
ECO03631 0.054550 0.075310 0.000000
ECO04836 -0.133720 0.225930 0.150620
ECO04436 -0.096070 0.150620 0.000000
ECO09817 -0.623240 0.263590 0.112960
ECO09782 -0.284340 0.150620 0.000000
ECO06624 -0.246690 0.225930 0.150620
ECO10303 -0.133720 0.188270 0.000000
ECO07710 -0.359650 0.263580 0.112970
ECO06373 -0.397310 0.150620 0.000000
ECO00357 -0.397310 0.225930 0.112960
ECO06122 -0.246690 0.112970 0.000000
ECO12046 -0.246690 0.225930 0.150620
ECO05003 -0.020760 0.075310 0.000000
ECO08266 -0.209030 0.112960 0.075310
ECO00871 -0.547930 0.188280 0.000000
ECO11808 -0.510270 0.225930 0.112970
ECO04715 -0.209030 0.150620 0.000000
ECO08761 -0.510270 0.225930 0.112970
ECO09961 -0.397310 0.150620 0.000000
ECO04145 -0.133720 0.037650 0.075310
ECO08089 -0.472620 0.225930 0.000000
ECO11738 -0.171380 0.225930 0.150620
ECO12015 -0.284340 0.188270 0.000000
ECO10538 -0.284340 0.150620 0.112970
ECO04522 -0.209030 0.188270 0.000000
ECO04922 -0.133720 0.075310 0.037660
ECO07959 -0.171380 0.188280 0.000000
ECO09438 -0.284340 0.225930 0.150620
ECO10731 -0.397310 0.188280 0.000000
ECO05494 0.205170 0.037660 0.414200
ECO10138 -0.472620 0.188280 0.000000
ECO05217 0.129860 0.037660 0.338890
ECO04315 0.129860 0.075310 0.000000
ECO00873 -0.660890 0.301240 0.075310
ECO09361 0.129860 0.037660 0.000000
ECO00001 0.092210 0.075310 0.263590
ECO09931 -0.472620 0.188280 0.000000
ECO09761 -0.096070 0.188280 0.150620
ECO12317 -0.133720 0.150620 0.000000
ECO12508 -0.284340 0.188270 0.112970
ECO02452 -0.058410 0.225930 0.000000
ECO04245 0.016900 0.150620 0.188280
ECO12417 -0.058410 0.188270 0.000000
ECO02950 -0.133720 0.225930 0.150620
ECO05224 0.092210 0.075310 0.000000
ECO03045 0.054550 0.037660 0.338890
ECO03052 -0.171380 0.225930 0.000000
ECO08568 -0.171380 0.112970 0.112960
ECO08272 0.129860 0.075310 0.000000
ECO02005 -0.698550 0.301240 0.075310
ECO12285 -0.058410 0.112960 0.000000
ECO10142 0.129860 0.075310 0.225930
ECO02905 -0.133720 0.075310 0.000000
ECO02139 -0.434960 0.150620 0.112970
ECO04616 0.205170 0.000000 0.000000
ECO08367 -0.171380 0.225930 0.112960
ECO07967 -0.209030 0.225930 0.000000
ECO09360 0.129860 0.075310 0.225930
ECO09739 -0.133720 0.263580 0.000000
ECO03137 -0.020760 0.075310 0.112960
ECO02458 -0.171380 0.188280 0.000000
ECO02744 -0.397310 0.150620 0.112960
ECO06895 0.129860 0.037660 0.000000
ECO08467 0.016900 0.075310 0.301240
ECO08074 -0.434960 0.188270 0.000000
ECO08260 -0.434960 0.225930 0.112970
ECO12609 -0.133720 0.188270 0.000000
ECO11233 -0.510270 0.188270 0.112970
ECO12516 -0.322000 0.225930 0.000000
ECO02365 -0.284340 0.150620 0.112970
ECO12523 -0.698550 0.301240 0.000000
ECO12623 -0.322000 0.188280 0.112960
ECO12602 -0.171380 0.188280 0.000000
ECO03537 -0.058410 0.075310 0.075310
ECO03430 0.242830 0.037650 0.000000
ECO06881 0.016900 0.112960 0.150620
ECO05316 0.129860 0.075310 0.000000
ECO12249 -0.284340 0.150620 0.112970
ECO00805 -0.133720 0.301240 0.000000
ECO11639 -0.585580 0.301240 0.075310
ECO04290 -0.133720 0.075310 0.000000
ECO11883 -0.246690 0.150620 0.112960
ECO12006 -0.434960 0.150620 0.000000
ECO04011 -0.020760 0.150620 0.112960
ECO10529 0.016900 0.075310 0.000000
ECO03054 -0.171380 0.037660 0.037650
ECO09870 -0.096070 0.112970 0.000000
ECO01312 -0.623240 0.301240 0.075310
ECO04756 -0.209030 0.150620 0.000000
ECO12548 -0.246690 0.150620 0.112960
ECO09978 0.205170 0.037660 0.000000
ECO03112 0.016900 0.075310 0.338900
ECO02226 -0.209030 0.150620 0.000000
ECO02469 -0.171380 0.263590 0.112960
ECO02383 -0.359650 0.188270 0.000000
ECO03679 -0.133720 0.075310 0.075310
ECO12551 -0.133720 0.150620 0.000000
ECO12081 -0.096070 0.112970 0.112960
ECO01707 -0.585580 0.225930 0.000000
ECO02207 -0.284340 0.188270 0.112970
ECO04858 0.318140 0.037650 0.000000
ECO08325 -0.133720 0.225930 0.150620
ECO08132 -0.171380 0.225930 0.000000
ECO00920 -0.698550 0.263590 0.075310
ECO08683 -0.397310 0.188280 0.000000
ECO08390 -0.171380 0.225930 0.112960
ECO00881 0.318140 0.037650 0.000000
ECO11495 0.205170 0.037660 0.301240
ECO06986 -0.133720 0.188270 0.000000
ECO11807 -0.246690 0.150620 0.112960
ECO03203 -0.585580 0.225930 0.000000
ECO02335 -0.284340 0.225930 0.150620
ECO12675 -0.322000 0.150620 0.000000
ECO00970 -0.397310 0.188280 0.075310
ECO00677 -0.585580 0.263580 0.000000
ECO01867 -0.510270 0.188270 0.112970
ECO12557 -0.322000 0.188280 0.000000
ECO05893 -0.284340 0.150620 0.112970
ECO12568 -0.434960 0.225930 0.000000
ECO03728 -0.133720 0.225930 0.150620
ECO06654 -0.397310 0.188280 0.000000
ECO12518 -0.547930 0.188280 0.112960
ECO09687 -0.472620 0.188280 0.000000
ECO04848 0.167520 0.075310 0.263590
ECO12334 -0.246690 0.188280 0.000000
ECO02433 -0.397310 0.188280 0.112960
ECO03319 -0.058410 0.112960 0.000000
ECO10976 -0.058410 0.112960 0.263590
ECO11479 -0.284340 0.263580 0.000000
ECO08617 -0.397310 0.188280 0.112960
ECO09803 0.205170 0.037660 0.000000
ECO08424 -0.246690 0.150620 0.150620
ECO10675 0.054550 0.075310 0.000000
ECO08024 -0.246690 0.225930 0.112960
ECO04073 -0.171380 0.263590 0.000000
ECO04966 -0.171380 0.150620 0.112960
ECO05759 -0.020760 0.112970 0.000000
ECO02801 -0.397310 0.188280 0.112960
ECO08410 -0.096070 0.150620 0.000000
ECO09217 -0.133720 0.150620 0.150620
ECO02394 -0.322000 0.150620 0.000000
ECO02355 -0.133720 0.188270 0.150620
ECO02287 -0.284340 0.188270 0.000000
ECO02138 0.129860 0.075310 0.301240
ECO09575 -0.284340 0.150620 0.000000
ECO02840 -0.547930 0.225930 0.112960
ECO02406 -0.171380 0.150620 0.000000
ECO01938 -0.547930 0.225930 0.112960
ECO05417 -0.585580 0.301240 0.000000
ECO02843 -0.133720 0.150620 0.188280
ECO12510 -0.472620 0.188280 0.000000
ECO08168 -0.096070 0.112970 0.075310
ECO00980 -0.322000 0.188280 0.000000
ECO03545 -0.096070 0.188280 0.188270
ECO07189 -0.209030 0.150620 0.000000
ECO02745 -0.171380 0.188280 0.112960
ECO02459 -0.020760 0.112970 0.000000
ECO11897 0.092210 0.075310 0.225930
ECO12467 0.092210 0.037650 0.000000
ECO02391 -0.133720 0.112960 0.150620
ECO05769 -0.397310 0.188280 0.000000
ECO03361 -0.434960 0.225930 0.112970
ECO06012 0.054550 0.112970 0.000000
ECO00655 -0.736200 0.301240 0.075310
ECO05910 -0.020760 0.075310 0.000000
ECO12535 -0.284340 0.150620 0.150620
ECO03102 -0.020760 0.112970 0.000000
ECO09050 0.318140 0.037650 0.301240
ECO12292 -0.434960 0.225930 0.000000
ECO06846 0.205170 0.000000 0.414200
ECO02409 -0.284340 0.263580 0.000000
ECO09495 0.242830 0.000000 0.414210
ECO03179 -0.171380 0.075310 0.000000
ECO04981 -0.171380 0.150620 0.112960
ECO08401 -0.171380 0.225930 0.000000
ECO04964 0.205170 0.075310 0.225930
ECO12668 -0.209030 0.225930 0.000000
ECO00420 -0.397310 0.150620 0.150620
ECO05818 -0.171380 0.075310 0.000000
ECO02167 -0.510270 0.263580 0.075310
ECO12475 -0.209030 0.112960 0.000000
ECO12300 -0.434960 0.150620 0.112970
ECO05468 0.205170 0.000000 0.000000
ECO11714 -0.284340 0.150620 0.112970
ECO02135 -0.472620 0.225930 0.000000
ECO03353 0.280480 0.037660 0.338890
ECO02485 -0.133720 0.301240 0.000000
ECO12632 -0.171380 0.188280 0.150620
ECO12582 -0.322000 0.150620 0.000000
ECO04621 -0.133720 0.188270 0.112970
ECO02467 -0.547930 0.225930 0.000000
ECO12651 -0.284340 0.188270 0.150620
ECO05762 -0.133720 0.112960 0.000000
ECO06695 -0.133720 0.188270 0.112970
ECO09394 0.016900 0.188270 0.000000
ECO04021 0.129860 0.112970 0.263580
ECO11563 -0.284340 0.225930 0.000000
ECO09725 -0.472620 0.225930 0.075310
ECO05481 -0.510270 0.263580 0.000000
ECO06762 -0.434960 0.188270 0.112970
ECO09929 -0.284340 0.188270 0.000000
ECO04713 -0.096070 0.225930 0.150620
ECO04990 0.016900 0.075310 0.000000
ECO04784 -0.171380 0.150620 0.150620
ECO08813 -0.359650 0.188270 0.000000
ECO06706 0.016900 0.075310 0.263590
ECO12063 0.054550 0.075310 0.000000
ECO06392 -0.020760 0.075310 0.301240
ECO01861 -0.547930 0.263590 0.000000
ECO09064 -0.246690 0.150620 0.112960
ECO03347 -0.020760 0.075310 0.000000
ECO12513 -0.171380 0.150620 0.150620
ECO08863 -0.322000 0.075310 0.000000
ECO10586 0.205170 0.037660 0.338890
ECO09250 -0.020760 0.150620 0.000000
ECO05420 -0.322000 0.225930 0.112960
ECO11812 0.092210 0.112960 0.000000
ECO10500 0.242830 0.075310 0.301240
ECO02662 -0.058410 0.075310 0.000000
ECO03969 -0.020760 0.150620 0.075310
ECO04484 0.129860 0.075310 0.000000
ECO11762 0.016900 0.075310 0.338900
ECO08963 -0.322000 0.150620 0.000000
ECO11776 -0.171380 0.112970 0.150620
ECO10400 -0.472620 0.225930 0.000000
ECO10550 0.167520 0.037650 0.301240
ECO02398 -0.397310 0.225930 0.000000
ECO02698 -0.171380 0.188280 0.150620
ECO04133 0.242830 0.000000 0.000000
ECO07977 -0.773860 0.338900 0.075310
ECO08264 -0.472620 0.188280 0.000000
ECO00526 -0.585580 0.338890 0.075310
ECO05755 -0.133720 0.188270 0.000000
ECO12612 -0.322000 0.188280 0.112960
ECO05506 0.054550 0.075310 0.000000
ECO05470 0.205170 0.075310 0.188270
ECO02514 -0.434960 0.301240 0.000000
ECO10015 0.092210 0.075310 0.263590
ECO02328 -0.171380 0.112970 0.000000
ECO12561 -0.434960 0.263580 0.112970
ECO11491 0.242830 0.037650 0.000000
ECO00776 -0.547930 0.225930 0.112960
ECO10435 0.016900 0.075310 0.000000
ECO05605 -0.171380 0.150620 0.112960
ECO03098 -0.133720 0.112960 0.000000
ECO02361 -0.623240 0.301240 0.112960
ECO02348 -0.472620 0.301240 0.000000
ECO09976 -0.133720 0.112960 0.150620
ECO07802 -0.171380 0.075310 0.000000
ECO05879 -0.096070 0.112970 0.150620
ECO11753 -0.284340 0.225930 0.000000
ECO04349 0.129860 0.075310 0.338890
ECO11599 -0.434960 0.188270 0.000000
ECO08623 -0.397310 0.188280 0.112960
ECO11247 -0.171380 0.150620 0.000000
ECO11751 -0.284340 0.188270 0.112970
ECO08653 -0.322000 0.188280 0.000000
ECO05385 -0.020760 0.112970 0.150620
ECO00069 -0.510270 0.188270 0.000000
ECO05426 -0.020760 0.112970 0.188270
ECO08357 0.092210 0.075310 0.000000
ECO03847 0.016900 0.150620 0.112970
ECO03809 0.355790 0.037660 0.000000
ECO04309 -0.058410 0.075310 0.075310
ECO00210 -0.322000 0.150620 0.000000
ECO02718 -0.020760 0.112970 0.075310
ECO03518 0.205170 0.000000 0.000000
ECO03118 -0.133720 0.150620 0.150620
ECO11552 -0.171380 0.075310 0.000000
ECO05681 -0.284340 0.225930 0.188280
ECO10576 0.167520 0.037650 0.000000
ECO05381 -0.510270 0.225930 0.112970
ECO12402 -0.322000 0.075310 0.000000
ECO06964 -0.058410 0.150620 0.225930
ECO09963 -0.698550 0.301240 0.000000
ECO08493 -0.133720 0.150620 0.112970
ECO05785 -0.547930 0.263590 0.000000
ECO04930 -0.322000 0.150620 0.150620
ECO03258 -0.020760 0.150620 0.000000
ECO04560 -0.209030 0.075310 0.037660
ECO05819 -0.284340 0.225930 0.000000
ECO06062 -0.660890 0.263580 0.112970
ECO03987 -0.058410 0.075310 0.000000
ECO02887 0.054550 0.075310 0.301240
ECO11196 -0.698550 0.301240 0.000000
ECO06902 -0.171380 0.150620 0.150620
ECO05826 0.242830 0.037650 0.000000
ECO08198 -0.058410 0.112960 0.112970
ECO06728 -0.397310 0.188280 0.000000
ECO02318 0.129860 0.075310 0.188270
ECO10606 -0.096070 0.263590 0.000000
ECO05832 0.016900 0.112960 0.188280
ECO05926 -0.209030 0.225930 0.000000
ECO01439 -0.623240 0.263590 0.112960
ECO08064 -0.472620 0.188280 0.000000
ECO04556 0.129860 0.037660 0.376550
ECO11450 -0.020760 0.075310 0.000000
ECO03058 -0.096070 0.075310 0.112960
ECO10506 0.016900 0.188270 0.000000
ECO11648 -0.133720 0.150620 0.188280
ECO06519 -0.547930 0.301240 0.000000
ECO02182 -0.096070 0.112970 0.338890
ECO06085 -0.397310 0.112970 0.000000
ECO09776 -0.510270 0.263580 0.112970
ECO11902 -0.171380 0.075310 0.000000
ECO04409 -0.133720 0.150620 0.112970
ECO06462 0.016900 0.112960 0.000000
ECO06221 -0.133720 0.188270 0.150620
ECO09876 -0.058410 0.112960 0.000000
ECO05060 -0.322000 0.150620 0.112960
ECO05530 -0.246690 0.225930 0.000000
ECO05526 -0.547930 0.338900 0.075310
ECO04460 0.054550 0.112970 0.000000
ECO05579 0.205170 0.000000 0.414200
ECO08491 -0.209030 0.075310 0.000000
ECO02375 0.280480 0.037660 0.376550
ECO06651 -0.359650 0.188270 0.000000
ECO06281 -0.434960 0.263580 0.075310
ECO08102 -0.096070 0.188280 0.000000
ECO07162 -0.472620 0.338900 0.075310
ECO03309 -0.020760 0.075310 0.000000
ECO02237 -0.510270 0.188270 0.112970
ECO04749 -0.472620 0.263590 0.000000
ECO02341 -0.058410 0.075310 0.112970
ECO02650 -0.585580 0.225930 0.000000
ECO06494 -0.020760 0.075310 0.225930
ECO12615 0.016900 0.075310 0.000000
ECO02352 -0.472620 0.225930 0.112960
ECO05015 -0.058410 0.112960 0.000000
ECO02653 -0.284340 0.188270 0.150620
ECO07865 -0.359650 0.150620 0.000000
ECO06619 -0.020760 0.075310 0.263580
ECO09236 -0.510270 0.301240 0.000000
ECO03418 -0.020760 0.150620 0.075310
ECO09672 -0.171380 0.150620 0.000000
ECO05290 -0.171380 0.112970 0.188270
ECO00639 -0.623240 0.301240 0.000000
ECO02984 -0.171380 0.112970 0.150620
ECO02684 -0.397310 0.188280 0.000000
ECO07855 0.092210 0.037650 0.451860
ECO06862 -0.359650 0.188270 0.000000
ECO12540 0.280480 0.037660 0.376550
ECO06585 0.092210 0.075310 0.000000
ECO01641 -0.397310 0.150620 0.112960
ECO03654 -0.171380 0.188280 0.000000
ECO05419 -0.096070 0.150620 0.263580
ECO05392 0.054550 0.150620 0.000000
ECO08091 -0.133720 0.075310 0.075310
ECO05283 -0.171380 0.150620 0.000000
ECO08057 0.016900 0.075310 0.263590
ECO10366 -0.058410 0.225930 0.000000
ECO03882 -0.284340 0.188270 0.150620
ECO01913 -0.547930 0.225930 0.000000
ECO03282 0.242830 0.037650 0.225930
ECO09447 -0.284340 0.225930 0.000000
ECO03985 -0.058410 0.112960 0.263590
ECO03950 -0.020760 0.075310 0.000000
ECO08715 -0.209030 0.188270 0.150620
ECO03682 -0.096070 0.225930 0.000000
ECO06240 0.016900 0.075310 0.150620
ECO02035 -0.510270 0.188270 0.000000
ECO07202 -0.547930 0.225930 0.112960
ECO11792 -0.171380 0.263590 0.000000
ECO11702 -0.020760 0.075310 0.338890
ECO04109 -0.096070 0.075310 0.000000
ECO08004 -0.359650 0.188270 0.112970
ECO04568 -0.284340 0.188270 0.000000
ECO11996 -0.434960 0.225930 0.112970
ECO04317 0.242830 0.000000 0.000000
ECO08698 -0.322000 0.188280 0.112960
ECO07094 -0.096070 0.112970 0.000000
ECO03096 -0.020760 0.112970 0.188270
ECO10401 -0.020760 0.075310 0.000000
ECO03960 0.092210 0.037650 0.451860
ECO12353 -0.171380 0.188280 0.000000
ECO12653 -0.209030 0.188270 0.150620
ECO12372 0.129860 0.075310 0.000000
ECO10395 0.242830 0.037650 0.338900
ECO08912 -0.096070 0.188280 0.000000
ECO00824 -0.623240 0.263590 0.112960
ECO04985 -0.171380 0.112970 0.000000
ECO11929 -0.322000 0.188280 0.112960
ECO10452 0.242830 0.037650 0.000000
ECO06626 -0.397310 0.225930 0.075310
ECO05503 0.016900 0.112960 0.000000
ECO08904 -0.623240 0.301240 0.112960
ECO05430 -0.359650 0.225930 0.000000
ECO07751 -0.510270 0.188270 0.112970
ECO08261 -0.359650 0.188270 0.000000
ECO09898 -0.359650 0.188270 0.150620
ECO11591 -0.020760 0.112970 0.000000
ECO05754 0.054550 0.112970 0.188270
ECO05554 0.280480 0.037660 0.000000
ECO04768 0.092210 0.075310 0.301240
ECO10001 -0.171380 0.188280 0.000000
ECO09298 -0.472620 0.188280 0.112960
ECO01713 -0.322000 0.225930 0.000000
ECO08312 -0.284340 0.188270 0.112970
ECO04971 -0.020760 0.112970 0.000000
ECO07729 -0.171380 0.112970 0.188270
ECO02631 0.016900 0.075310 0.000000
ECO07712 -0.246690 0.188280 0.112960
ECO05189 -0.359650 0.225930 0.000000
ECO02882 -0.209030 0.112960 0.188280
ECO07175 -0.284340 0.150620 0.000000
ECO08909 -0.623240 0.301240 0.075310
ECO05492 -0.623240 0.263590 0.000000
ECO12206 -0.397310 0.150620 0.150620
ECO09027 -0.397310 0.188280 0.000000
ECO09134 -0.547930 0.188280 0.112960
ECO09427 -0.322000 0.150620 0.000000
ECO05892 -0.133720 0.075310 0.075310
ECO02977 0.016900 0.112960 0.000000
ECO07007 -0.096070 0.112970 0.263580
ECO01242 -0.698550 0.263590 0.000000
ECO03681 0.092210 0.075310 0.225930
ECO04118 -0.020760 0.075310 0.000000
ECO12011 -0.284340 0.150620 0.112970
ECO06743 -0.171380 0.112970 0.000000
ECO12212 -0.623240 0.301240 0.075310
ECO11626 0.167520 0.037650 0.000000
ECO07091 0.205170 0.037660 0.338890
ECO02162 -0.246690 0.150620 0.000000
ECO07878 -0.434960 0.188270 0.112970
ECO11375 -0.397310 0.150620 0.000000
ECO04019 -0.133720 0.112960 0.112970
ECO06272 -0.096070 0.150620 0.000000
ECO03399 -0.020760 0.112970 0.112960
ECO04068 0.016900 0.112960 0.000000
ECO06225 -0.472620 0.188280 0.112960
ECO03307 -0.246690 0.188280 0.000000
ECO07553 -0.133720 0.150620 0.188280
ECO05130 -0.171380 0.150620 0.000000
ECO06551 -0.472620 0.225930 0.112960
ECO10025 -0.322000 0.225930 0.000000
ECO02788 -0.472620 0.225930 0.112960
ECO03188 0.016900 0.075310 0.000000
ECO02707 0.054550 0.112970 0.263580
ECO12002 -0.096070 0.075310 0.000000
ECO09548 -0.322000 0.150620 0.112960
ECO05336 -0.209030 0.112960 0.000000
ECO01988 -0.547930 0.225930 0.112960
ECO12453 0.054550 0.037660 0.000000
ECO06130 -0.359650 0.188270 0.112970
ECO04358 0.016900 0.075310 0.000000
ECO08280 0.016900 0.150620 0.188280
ECO05990 -0.171380 0.037660 0.000000
ECO00473 -0.397310 0.150620 0.150620
ECO02714 -0.284340 0.188270 0.000000
ECO08212 -0.058410 0.075310 0.112970
ECO05522 -0.171380 0.150620 0.000000
ECO02481 -0.133720 0.150620 0.112970
ECO05386 0.242830 0.037650 0.000000
ECO02578 -0.322000 0.188280 0.112960
ECO02395 -0.058410 0.112960 0.000000
ECO00141 -0.397310 0.150620 0.112960
ECO11474 -0.397310 0.150620 0.000000
ECO00073 -0.510270 0.188270 0.112970
ECO11893 -0.096070 0.150620 0.000000
ECO05553 -0.020760 0.112970 0.188270
ECO08147 -0.472620 0.225930 0.000000
ECO02246 -0.510270 0.188270 0.075310
ECO05689 0.092210 0.075310 0.000000
ECO05757 -0.510270 0.188270 0.112970
ECO03132 0.205170 0.037660 0.000000
ECO03213 -0.020760 0.075310 0.075310
ECO02664 -0.284340 0.188270 0.000000
ECO05054 -0.133720 0.075310 0.075310
ECO06489 0.242830 0.037650 0.000000
ECO05671 -0.359650 0.150620 0.112970
ECO09882 -0.096070 0.075310 0.000000
ECO12545 -0.547930 0.225930 0.112960
ECO08331 -0.133720 0.150620 0.000000
ECO07310 -0.096070 0.301240 0.150620
ECO11507 -0.322000 0.188280 0.000000
ECO11493 -0.171380 0.150620 0.150620
ECO03280 -0.133720 0.150620 0.000000
ECO02815 -0.133720 0.112960 0.112970
ECO02929 -0.322000 0.263590 0.000000
ECO02429 -0.020760 0.150620 0.225930
ECO08596 -0.246690 0.188280 0.000000
ECO12194 -0.133720 0.075310 0.075310
ECO04752 0.167520 0.037650 0.000000
ECO02680 -0.133720 0.188270 0.150620
ECO04501 -0.246690 0.150620 0.000000
ECO06273 -0.246690 0.075310 0.037650
ECO05673 -0.133720 0.188270 0.000000
ECO12145 -0.434960 0.150620 0.112970
ECO00257 -0.397310 0.188280 0.000000
ECO05538 -0.133720 0.188270 0.112970
ECO04186 -0.246690 0.263590 0.000000
ECO12578 -0.397310 0.188280 0.112960
ECO06089 -0.171380 0.150620 0.000000
ECO01343 -0.585580 0.225930 0.112970
ECO11104 -0.510270 0.188270 0.000000
ECO07210 -0.020760 0.075310 0.075310
ECO08479 -0.284340 0.188270 0.000000
ECO05271 -0.209030 0.112960 0.112970
ECO08245 -0.020760 0.075310 0.000000
ECO04838 0.242830 0.037650 0.376550
ECO04452 0.205170 0.037660 0.000000
ECO07124 -0.058410 0.112960 0.225930
ECO12029 0.242830 0.037650 0.000000
ECO04217 -0.096070 0.150620 0.112960
ECO06008 0.280480 0.037660 0.000000
ECO07862 -0.397310 0.225930 0.112960
ECO00322 -0.660890 0.301240 0.000000
ECO02580 -0.171380 0.037660 0.075310
ECO06473 -0.434960 0.188270 0.000000
ECO02881 -0.472620 0.301240 0.075310
ECO02128 -0.585580 0.263580 0.000000
ECO08011 -0.171380 0.112970 0.150620
ECO09331 -0.397310 0.225930 0.000000
ECO02996 -0.058410 0.225930 0.188280
ECO04601 -0.020760 0.112970 0.000000
ECO12580 -0.434960 0.150620 0.150620
ECO04652 -0.096070 0.112970 0.000000
ECO04587 -0.171380 0.112970 0.150620
ECO07910 -0.171380 0.188280 0.000000
ECO05038 -0.209030 0.188270 0.150620
ECO07024 -0.058410 0.075310 0.000000
ECO03107 0.205170 0.037660 0.338890
ECO11652 -0.133720 0.150620 0.000000
ECO04610 0.242830 0.000000 0.451860
ECO02206 -0.434960 0.301240 0.000000
ECO04933 -0.171380 0.225930 0.150620
ECO12626 0.205170 0.037660 0.000000
ECO00705 -0.510270 0.263580 0.112970
ECO00103 -0.849170 0.263590 0.000000
ECO05517 0.129860 0.075310 0.263580
ECO08968 -0.020760 0.112970 0.000000
ECO00354 -0.623240 0.225930 0.112960
ECO10017 -0.434960 0.263580 0.000000
ECO03458 -0.020760 0.112970 0.225930
ECO02337 -0.284340 0.112960 0.000000
ECO10476 -0.058410 0.150620 0.225930
ECO05930 0.054550 0.112970 0.000000
ECO06532 -0.133720 0.112960 0.075310
ECO06275 -0.171380 0.225930 0.000000
ECO04803 -0.133720 0.263580 0.150620
ECO02949 0.016900 0.075310 0.000000
ECO06526 -0.171380 0.150620 0.150620
ECO12646 -0.246690 0.188280 0.000000
ECO04654 -0.133720 0.263580 0.112970
ECO07794 -0.397310 0.150620 0.000000
ECO00860 -0.397310 0.150620 0.112960
ECO06957 0.016900 0.188270 0.000000
ECO07143 0.016900 0.112960 0.112970
ECO11309 -0.209030 0.188270 0.000000
ECO05603 -0.322000 0.225930 0.188270
ECO12497 -0.547930 0.301240 0.000000
ECO06714 0.016900 0.075310 0.225930
ECO05365 -0.322000 0.188280 0.000000
ECO09920 -0.359650 0.188270 0.112970
ECO06335 -0.547930 0.338900 0.000000
ECO02993 -0.020760 0.112970 0.150620
ECO10013 -0.284340 0.188270 0.000000
ECO04563 -0.020760 0.188280 0.188270
ECO04772 0.129860 0.075310 0.000000
ECO01064 0.054550 0.075310 0.301240
ECO12097 -0.472620 0.225930 0.000000
ECO09143 -0.623240 0.376550 0.075310
ECO12131 -0.547930 0.301240 0.000000
ECO08607 -0.284340 0.150620 0.150620
ECO08675 -0.133720 0.037650 0.000000
ECO03731 0.129860 0.075310 0.301240
ECO11758 -0.171380 0.112970 0.000000
ECO10090 -0.209030 0.075310 0.112970
ECO04363 -0.209030 0.225930 0.000000
ECO07548 -0.171380 0.150620 0.150620
ECO07779 -0.510270 0.263580 0.000000
ECO06958 -0.096070 0.112970 0.112960
ECO05490 -0.133720 0.188270 0.000000
ECO02693 -0.284340 0.150620 0.112970
ECO02834 0.092210 0.075310 0.000000
ECO06510 -0.434960 0.263580 0.112970
ECO12492 -0.434960 0.263580 0.000000
ECO09020 -0.171380 0.112970 0.150620
ECO06042 -0.058410 0.112960 0.000000
ECO11663 -0.510270 0.225930 0.112970
ECO04565 -0.020760 0.075310 0.000000
ECO11990 -0.133720 0.075310 0.338900
ECO07875 -0.171380 0.112970 0.000000
ECO05901 -0.510270 0.188270 0.112970
ECO09854 -0.472620 0.188280 0.000000
ECO10756 -0.736200 0.263580 0.112970
ECO10547 -0.585580 0.301240 0.000000
ECO06544 -0.209030 0.188270 0.150620
ECO05399 -0.133720 0.188270 0.000000
ECO10288 -0.171380 0.112970 0.150620
ECO09956 -0.096070 0.075310 0.000000
ECO06978 -0.660890 0.301240 0.075310
ECO10683 -0.510270 0.225930 0.000000
ECO02332 -0.020760 0.112970 0.150620
ECO03629 -0.133720 0.188270 0.000000
ECO05867 -0.246690 0.150620 0.150620
ECO03229 0.016900 0.150620 0.000000
ECO02298 -0.246690 0.188280 0.150620
ECO03404 0.242830 0.000000 0.000000
ECO12633 -0.133720 0.188270 0.150620
ECO03263 -0.020760 0.112970 0.000000
ECO06844 -0.397310 0.225930 0.112960
ECO10120 -0.133720 0.301240 0.000000
ECO08044 -0.359650 0.188270 0.112970
ECO00253 -0.811510 0.338890 0.000000
ECO02525 -0.510270 0.188270 0.112970
ECO08986 -0.020760 0.112970 0.000000
ECO01723 -0.510270 0.188270 0.112970
ECO02157 0.016900 0.112960 0.000000
ECO11665 -0.171380 0.150620 0.112960
ECO09086 -0.434960 0.188270 0.000000
ECO04674 0.242830 0.037650 0.263590
ECO02223 -0.246690 0.188280 0.000000
ECO06444 -0.133720 0.188270 0.112970
ECO07907 -0.359650 0.188270 0.000000
ECO08920 -0.171380 0.263590 0.112960
ECO10881 -0.472620 0.225930 0.000000
ECO09486 -0.510270 0.225930 0.112970
ECO01321 -0.284340 0.150620 0.000000
ECO11387 -0.171380 0.150620 0.112960
ECO10613 -0.284340 0.150620 0.000000
ECO10413 0.205170 0.037660 0.301240
ECO07707 -0.133720 0.150620 0.000000
ECO10320 -0.472620 0.225930 0.112960
ECO11455 -0.020760 0.075310 0.000000
ECO11489 0.092210 0.075310 0.301240
ECO11865 -0.322000 0.150620 0.000000
ECO02402 -0.359650 0.188270 0.112970
ECO06376 -0.209030 0.112960 0.000000
ECO11797 -0.284340 0.112960 0.112970
ECO02691 -0.547930 0.150620 0.000000
ECO02125 -0.434960 0.188270 0.112970
ECO07839 -0.058410 0.112960 0.000000
ECO03997 0.092210 0.112960 0.150620
ECO11690 -0.133720 0.075310 0.000000
ECO12567 -0.547930 0.225930 0.112960
ECO04572 0.242830 0.000000 0.000000
ECO05967 0.205170 0.000000 0.414200
ECO06069 -0.096070 0.075310 0.000000
ECO12260 0.129860 0.075310 0.301240
ECO09183 -0.171380 0.188280 0.000000
ECO10069 0.280480 0.000000 0.414200
ECO08444 -0.171380 0.075310 0.000000
ECO06793 -0.171380 0.188280 0.150620
ECO11928 -0.133720 0.225930 0.000000
ECO12414 -0.020760 0.112970 0.112960
ECO08979 -0.096070 0.112970 0.000000
ECO02346 -0.434960 0.263580 0.075310
ECO05704 -0.284340 0.225930 0.000000
ECO08562 -0.322000 0.225930 0.150620
ECO05504 -0.246690 0.188280 0.000000
ECO08916 -0.133720 0.301240 0.112970
ECO12379 -0.359650 0.188270 0.000000
ECO03367 -0.096070 0.112970 0.075310
ECO11942 0.129860 0.037660 0.000000
ECO10537 -0.284340 0.188270 0.112970
ECO03618 -0.096070 0.075310 0.000000
ECO05104 -0.171380 0.075310 0.150620
ECO10451 -0.322000 0.188280 0.000000
ECO09516 0.242830 0.037650 0.225930
ECO06439 -0.660890 0.414200 0.000000
ECO05321 -0.322000 0.188280 0.112960
ECO06325 -0.171380 0.150620 0.000000
ECO00023 -0.397310 0.188280 0.112960
ECO05304 -0.472620 0.188280 0.000000
ECO10316 0.205170 0.037660 0.263580
ECO05086 -0.322000 0.188280 0.000000
ECO10302 -0.171380 0.225930 0.112960
ECO03649 0.016900 0.075310 0.000000
ECO04635 0.129860 0.075310 0.225930
ECO00105 -0.472620 0.188280 0.000000
ECO01709 -0.472620 0.150620 0.112960
ECO03032 0.016900 0.112960 0.000000
ECO02695 -0.284340 0.150620 0.112970
ECO02763 -0.397310 0.150620 0.000000
ECO00691 -0.547930 0.263590 0.112960
ECO05904 0.280480 0.037660 0.000000
ECO02228 -0.547930 0.225930 0.112960
ECO06725 -0.359650 0.188270 0.000000
ECO03181 -0.096070 0.150620 0.225930
ECO05035 0.205170 0.037660 0.000000
ECO00942 -0.434960 0.301240 0.075310
ECO06090 -0.058410 0.075310 0.000000
ECO07793 -0.698550 0.263590 0.075310
ECO05690 -0.322000 0.188280 0.000000
ECO02495 0.016900 0.075310 0.301240
ECO12528 -0.133720 0.188270 0.000000
ECO06976 -0.434960 0.150620 0.112970
ECO12460 -0.623240 0.225930 0.000000
ECO11510 -0.020760 0.075310 0.263580
ECO08630 -0.133720 0.112960 0.000000
ECO12111 -0.547930 0.263590 0.112960
ECO04904 -0.020760 0.112970 0.000000
ECO11728 -0.246690 0.150620 0.150620
ECO04197 -0.096070 0.225930 0.000000
ECO08141 -0.547930 0.225930 0.112960
ECO03095 -0.020760 0.075310 0.000000
ECO08686 -0.547930 0.225930 0.112960
ECO08107 -0.058410 0.188270 0.000000
ECO12558 0.016900 0.075310 0.301240
ECO02300 -0.209030 0.188270 0.000000
ECO05674 -0.020760 0.112970 0.150620
ECO05742 -0.434960 0.225930 0.000000
ECO03270 -0.096070 0.188280 0.150620
ECO12665 -0.209030 0.225930 0.000000
ECO03695 -0.020760 0.112970 0.188270
ECO00721 -0.585580 0.225930 0.000000
ECO05235 0.129860 0.037660 0.301240
ECO12367 -0.133720 0.037650 0.000000
ECO10758 -0.585580 0.225930 0.112970
ECO10690 -0.660890 0.301240 0.000000
ECO06635 -0.397310 0.225930 0.112960
ECO07146 -0.020760 0.075310 0.000000
ECO07648 0.242830 0.037650 0.376550
ECO11660 -0.133720 0.112960 0.000000
ECO06707 -0.171380 0.188280 0.150620
ECO12193 -0.246690 0.188280 0.000000
ECO02946 0.242830 0.037650 0.301240
ECO02814 -0.397310 0.150620 0.000000
ECO11189 -0.510270 0.225930 0.112970
ECO02781 -0.209030 0.150620 0.000000
ECO09851 -0.359650 0.188270 0.112970
ECO09916 -0.322000 0.225930 0.000000
ECO12447 -0.434960 0.263580 0.112970
ECO12010 0.092210 0.037650 0.000000
ECO08580 0.129860 0.075310 0.225930
ECO03099 -0.096070 0.112970 0.000000
ECO12596 -0.096070 0.188280 0.150620
ECO06581 -0.359650 0.188270 0.000000
ECO02488 -0.096070 0.112970 0.075310
ECO08430 -0.171380 0.188280 0.000000
ECO02177 -0.020760 0.112970 0.075310
ECO05985 -0.209030 0.225930 0.000000
ECO08557 -0.209030 0.112960 0.112970
ECO12542 -0.209030 0.150620 0.000000
ECO11749 0.016900 0.075310 0.150620
ECO08900 -0.585580 0.263580 0.000000
ECO06385 -0.322000 0.188280 0.112960
ECO09436 -0.322000 0.150620 0.000000
ECO10563 -0.058410 0.112960 0.263590
ECO02884 -0.133720 0.075310 0.000000
ECO05783 -0.209030 0.188270 0.150620
ECO06928 0.242830 0.037650 0.000000
ECO11612 -0.209030 0.263580 0.112970
ECO12440 -0.510270 0.263580 0.000000
ECO11783 -0.322000 0.150620 0.150620
ECO06664 0.242830 0.037650 0.000000
ECO07964 -0.322000 0.225930 0.112960
ECO04947 -0.209030 0.188270 0.000000
ECO12476 0.205170 0.075310 0.263580
ECO12340 -0.547930 0.188280 0.000000
ECO10406 -0.133720 0.225930 0.150620
ECO05519 -0.284340 0.188270 0.000000
ECO04892 0.280480 0.075310 0.225930
ECO04549 -0.209030 0.188270 0.000000
ECO09470 -0.058410 0.112960 0.301240
ECO09370 -0.133720 0.188270 0.000000
ECO02918 -0.434960 0.301240 0.075310
ECO09836 -0.660890 0.338890 0.000000
ECO10306 -0.096070 0.112970 0.301240
ECO01339 -0.246690 0.112970 0.000000
ECO03354 -0.133720 0.188270 0.150620
ECO03284 -0.020760 0.112970 0.000000
ECO03177 0.016900 0.188270 0.225930
ECO11202 -0.058410 0.225930 0.000000
ECO02484 -0.020760 0.075310 0.112960
ECO02293 -0.284340 0.150620 0.000000
ECO08309 -0.171380 0.075310 0.112960
ECO08343 -0.510270 0.225930 0.000000
ECO08348 -0.434960 0.188270 0.112970
ECO06246 -0.585580 0.263580 0.000000
ECO00855 -0.472620 0.225930 0.112960
ECO03527 0.167520 0.037650 0.000000
ECO09386 -0.397310 0.112970 0.150620
ECO04272 -0.171380 0.188280 0.000000
ECO01464 -0.698550 0.263590 0.112960
ECO04531 0.054550 0.075310 0.000000
ECO02659 -0.058410 0.112960 0.263590
ECO04429 -0.322000 0.188280 0.000000
ECO07739 -0.359650 0.188270 0.112970
ECO12599 -0.171380 0.150620 0.000000
ECO04808 -0.284340 0.188270 0.150620
ECO06437 0.054550 0.112970 0.000000
ECO09245 0.016900 0.075310 0.338900
ECO11922 -0.322000 0.188280 0.000000
ECO05642 -0.359650 0.225930 0.150620
ECO09577 0.016900 0.112960 0.000000
ECO09211 -0.322000 0.225930 0.112960
ECO09922 -0.434960 0.188270 0.000000
ECO07039 -0.133720 0.225930 0.150620
ECO00321 -0.397310 0.150620 0.000000
ECO05937 0.242830 0.037650 0.414210
ECO11052 -0.698550 0.301240 0.000000
ECO04474 -0.133720 0.188270 0.150620
ECO01232 -0.246690 0.301240 0.000000
ECO02602 0.092210 0.075310 0.225930
ECO04942 -0.058410 0.301240 0.000000
ECO10379 -0.133720 0.225930 0.112970
ECO02198 -0.434960 0.225930 0.000000
ECO06737 0.092210 0.037650 0.301240
ECO06505 -0.171380 0.188280 0.000000
