rf0002 -3.250000 0.214290 0.000000
rf0003 -2.974490 0.153060 0.183670
rf0010 -3.188780 0.214290 0.000000
rf0011 -3.250000 0.183670 inf
rf0013 -3.035710 0.061220 0.000000
rf0015 -3.250000 0.428570 -0.061220
rf0016 -3.250000 0.153060 0.000000
rf0022 -3.250000 0.091840 inf
rf0024 -3.250000 0.183670 0.000000
rf0029 -3.250000 0.244900 -0.030610
rf0030 -3.250000 0.214290 0.000000
rf0031 -3.096940 0.214290 0.091840
rf0040 -3.066330 0.214290 0.000000
rf0048 -3.250000 0.244900 -0.030610
rf0053 -3.158160 0.183670 0.000000
rf0060 -3.250000 0.183670 inf
rf0062 -3.250000 0.122450 0.000000
rf0064 -3.127550 0.183670 0.061230
rf0065 -3.250000 0.183670 0.000000
rf0072 -2.760200 0.275510 0.091840
rf0073 -3.005100 0.214280 0.000000
rf0092 -3.096940 0.306120 0.091840
rf0125 -3.250000 0.306120 0.000000
rf0127 -3.219390 0.091840 inf
rf0129 -3.250000 0.183670 0.000000
rf0132 -3.250000 0.122450 inf
rf0134 -3.158160 0.214280 0.000000
rf0138 -3.250000 0.061220 inf
rf0164 -3.250000 0.367350 0.000000
rf0166 -3.250000 0.091840 inf
rf0169 -3.250000 0.214290 0.000000
rf0176 -2.943880 0.153060 0.214280
rf0180 -3.250000 0.244900 0.000000
rf0190 -3.250000 0.122450 inf
rf0201 -3.158160 0.336730 0.000000
rf0204 -3.096940 0.244900 0.091840
rf0205 -3.096940 0.275510 0.000000
rf0223 -3.250000 0.244900 -0.030610
rf0234 -3.250000 0.275510 0.000000
rf0237 -3.158160 0.244890 0.061230
rf0241 -2.576530 0.306120 0.000000
rf0248 -3.250000 0.153060 inf
rf0249 -3.219390 0.336740 0.000000
rf0250 -2.882650 0.244890 0.122450
rf0251 -3.250000 0.214290 0.000000
rf0258 -3.250000 0.244900 inf
rf0263 -3.250000 0.306120 0.000000
rf0267 -3.250000 0.214290 inf
rf0271 -3.250000 0.244900 0.000000
rf0283 -3.250000 0.336730 -0.030610
rf0284 -3.127550 0.244900 0.000000
rf0287 -3.250000 0.183670 inf
rf0292 -3.188780 0.244900 0.000000
rf0295 -3.250000 0.153060 inf
rf0298 -3.250000 0.183670 0.000000
rf0306 -3.250000 0.214290 inf
rf0309 -3.250000 0.091840 0.000000
rf0315 -3.250000 0.122450 inf
rf0319 -3.250000 0.183670 0.000000
rf0324 -3.219390 0.061230 inf
rf0338 -3.096940 0.214290 0.000000
rf0339 -2.943880 0.153060 0.183670
rf0343 -3.250000 0.214290 0.000000
rf0348 -3.188780 0.367350 0.000000
rf0351 -3.250000 0.244900 0.000000
rf0354 -2.943880 0.153060 0.214280
rf0358 -2.974490 0.214290 0.000000
rf0363 -2.913270 0.214290 0.122440
rf0364 -3.250000 0.367350 0.000000
rf0366 -3.219390 0.183680 0.000000
rf0372 -3.066330 0.091840 0.000000
rf0375 -3.250000 0.153060 inf
rf0377 -3.250000 0.030610 0.000000
rf0383 -3.250000 0.397960 -0.061220
rf0385 -3.250000 0.183670 0.000000
rf0386 -3.158160 0.214280 0.061230
rf0388 -3.158160 0.367340 0.000000
rf0396 -3.250000 0.244900 inf
rf0397 -3.250000 0.153060 0.000000
rf0399 -3.250000 0.122450 inf
rf0400 -2.668370 0.122450 0.000000
rf0403 -3.250000 0.397960 -0.030610
rf0415 -3.250000 0.183670 0.000000
rf0419 -2.913270 0.244900 0.122440
rf0428 -3.188780 0.306130 0.000000
rf0439 -3.127550 0.275510 0.061230
rf0444 -3.250000 0.244900 0.000000
rf0474 -3.066330 0.183680 0.091830
rf0477 -3.219390 0.183680 0.000000
rf0488 -3.250000 0.275510 -0.030610
rf0496 -3.096940 0.244900 0.000000
rf0499 -3.250000 0.183670 inf
rf0500 -3.035710 0.183670 0.000000
rf0503 -3.250000 0.122450 inf
rf0513 -3.250000 0.306120 0.000000
rf0630 -3.035710 0.275510 0.061230
rf0795 -3.250000 0.397960 0.000000
rs0001 -3.127550 0.275510 0.061230
rs0003 -3.250000 0.336730 0.000000
rs0010 -3.250000 0.153060 inf
rs0012 -3.250000 0.397960 0.000000
rs0013 -3.250000 0.244900 inf
rs0022 -3.219390 0.153060 0.000000
rs0029 -3.250000 0.153060 inf
rs0030 -3.250000 0.306120 0.000000
rs0046 -3.250000 0.336730 -0.030610
rs0051 -3.250000 0.214290 0.000000
rs0052 -3.250000 0.306120 -0.030610
rs0053 -3.250000 0.091840 0.000000
rs0054 -3.250000 0.214290 inf
rs0062 -3.219390 0.214290 0.000000
rs0087 -2.821430 0.122450 0.275510
rs0088 -3.250000 0.275510 0.000000
rs0089 -3.250000 0.275510 -0.030610
rs0090 -3.127550 0.153060 0.000000
rs0092 -3.250000 0.275510 -0.030610
rs0093 -3.127550 0.275510 0.000000
rs0094 -3.250000 0.214290 inf
rs0095 -3.127550 0.183670 0.000000
rs0096 -3.158160 0.244890 0.061230
rs0097 -3.096940 0.214290 0.000000
rs0098 -3.250000 0.214290 inf
rs0104 -3.005100 0.153060 0.000000
rs0107 -3.250000 0.153060 inf
rs0109 -3.219390 0.214290 0.000000
rs0113 -3.158160 0.275510 0.061230
rs0122 -3.188780 0.306130 0.000000
rs0124 -3.219390 0.153060 inf
rs0127 -3.250000 0.336730 0.000000
rs0133 -3.250000 0.244900 -0.030610
rs0134 -3.250000 0.244900 0.000000
rs0136 -3.250000 0.122450 inf
rs0138 -3.219390 0.275510 0.000000
rs0140 -2.913270 0.214290 0.091830
rs0141 -3.250000 0.153060 0.000000
rs0143 -3.188780 0.275510 0.030610
rs0145 -2.821430 0.122450 0.000000
rs0146 -3.127550 0.306120 0.061230
rs0147 -3.250000 0.153060 0.000000
rs0150 -3.250000 0.153060 inf
rs0156 -3.250000 0.397960 0.000000
rs0159 -3.250000 0.214290 inf
rs0163 -3.250000 0.275510 0.000000
rs0167 -3.188780 0.244900 0.030610
rs0168 -3.096940 0.275510 0.000000
rs0172 -3.250000 0.153060 inf
rs0175 -3.250000 0.244900 0.000000
rs0181 -3.158160 0.091830 0.061230
rs0183 -3.250000 0.306120 0.000000
rs0196 -3.250000 0.153060 inf
rs0201 -2.913270 0.153070 0.000000
rs0203 -3.096940 0.244900 0.091840
rs0206 -3.188780 0.306130 0.000000
rs0218 -3.250000 0.214290 inf
rs0221 -3.250000 0.275510 0.000000
rs0225 -3.250000 0.306120 -0.030610
rs0226 -3.219390 0.306120 0.000000
rs0231 -3.250000 0.244900 -0.030610
rs0237 -3.250000 0.244900 0.000000
rs0240 -2.760200 0.153060 0.275510
rs0242 -3.250000 0.183670 0.000000
rs0243 -2.943880 0.153060 0.183670
rs0244 -3.250000 0.122450 0.000000
rs0247 -3.035710 0.244890 0.061230
rs0256 -3.188780 0.306130 0.000000
rs0259 -3.250000 0.214290 inf
rs0261 -3.250000 0.153060 0.000000
rs0262 -3.188780 0.214290 0.030610
rs0264 -3.096940 0.183670 0.000000
rs0266 -3.250000 0.122450 inf
rs0267 -3.250000 0.244900 0.000000
rs0268 -3.250000 0.244900 -0.030610
rs0273 -3.250000 0.183670 0.000000
rs0275 -3.250000 0.214290 inf
rs0276 -3.250000 0.275510 0.000000
rs0282 -3.250000 0.244900 -0.030610
rs0306 -3.158160 0.214280 0.000000
rs0315 -3.250000 0.153060 inf
rs0316 -3.250000 0.275510 0.000000
rs0318 -2.882650 0.244890 0.122450
rs0320 -3.250000 0.275510 0.000000
rs0323 -3.250000 0.153060 inf
rs0334 -3.250000 0.214290 0.000000
rs0337 -3.250000 0.244900 -0.030610
rs0339 -3.035710 0.214280 0.000000
rs0341 -3.250000 0.244900 inf
rs0344 -3.158160 0.275510 0.000000
rs0345 -3.188780 0.214290 0.030610
rs0349 -3.066330 0.214290 0.000000
rs0350 -2.760200 0.091830 0.336740
rs0351 -3.250000 0.214290 0.000000
rs0354 -3.096940 0.306120 0.061220
rs0358 -3.250000 0.214290 0.000000
rs0373 -3.250000 0.367350 -0.061220
rs0386 -3.096940 0.367350 0.000000
rs0391 -3.250000 0.183670 inf
rs0392 -2.790820 0.275510 0.000000
rs0393 -3.250000 0.153060 inf
rs0406 -3.250000 0.091840 0.000000
rs0416 -3.219390 0.214290 0.000000
rs0419 -2.943880 0.153060 0.000000
rs0421 -3.158160 0.214280 0.061230
rs0424 -3.158160 0.275510 0.000000
rs0425 -3.250000 0.183670 inf
rs0429 -3.250000 0.214290 0.000000
rs0430 -3.250000 0.183670 inf
rs0432 -2.270410 0.306120 0.000000
rs0437 -2.974490 0.306120 0.122450
rs0440 -3.250000 0.091840 0.000000
rs0444 -3.250000 0.214290 inf
rs0452 -3.035710 0.153060 0.000000
rs0460 -3.219390 0.244900 0.000000
rs0463 -2.301020 0.091840 0.000000
rs0468 -3.250000 0.397960 -0.061220
rs0472 -3.158160 0.153060 0.000000
rs0473 -3.096940 0.275510 0.091840
rs0477 -2.729590 0.336730 0.000000
rs0485 -3.188780 0.183680 0.030610
rs0493 -3.250000 0.367350 0.000000
rs0495 -3.250000 0.183670 inf
rs0503 -3.250000 0.153060 0.000000
rs0505 -2.943880 0.183680 0.244900
rs0508 -3.250000 0.214290 0.000000
rs0516 -3.158160 0.306120 0.030620
rs0517 -2.974490 0.214290 0.000000
rs0519 -3.250000 0.367350 -0.030610
rs0520 -3.250000 0.183670 0.000000
rs0528 -3.250000 0.397960 -0.030610
rs0532 -3.250000 0.306120 0.000000
rs0536 -3.188780 0.275510 0.030610
rs0538 -3.250000 0.183670 0.000000
rs0541 -2.821430 0.153060 0.214280
rs0549 -3.250000 0.183670 0.000000
rs0554 -3.219390 0.367350 -0.030610
rs0555 -3.250000 0.214290 0.000000
rs0556 -2.515310 0.367350 0.122450
rs0560 -3.250000 0.183670 0.000000
rs0571 -3.188780 0.214290 0.030610
rs0573 -3.219390 0.183680 0.000000
rs0574 -2.790820 0.122450 0.214280
rs0582 -3.250000 0.214290 0.000000
rs0586 -3.158160 0.214280 0.061230
rs0591 -3.250000 0.336730 0.000000
rs0612 -3.250000 0.061220 inf
rs0650 -3.096940 0.122450 0.000000
rs0656 -3.250000 0.153060 inf
rs0660 -3.158160 0.336730 0.000000
rs0672 -3.219390 0.244900 0.000000
rs0679 -3.035710 0.183670 0.000000
rs0724 -3.250000 0.306120 -0.030610
rs0731 -3.250000 0.336730 0.000000
rs0741 -3.250000 0.367350 -0.030610
rs0745 -3.250000 0.183670 0.000000
rs0751 -3.096940 0.306120 0.091840
rs0763 -3.250000 0.244900 0.000000
rs0768 -3.250000 0.183670 inf
rs0775 -3.250000 0.153060 0.000000
rs0779 -3.250000 0.336730 -0.030610
rs0781 -3.219390 0.244900 0.000000
rs0788 -3.250000 0.275510 -0.030610
rs0797 -3.127550 0.183670 0.000000
rs0798 -3.250000 0.122450 inf
rs0804 -2.882650 0.214280 0.000000
rs0805 -2.852040 0.244900 0.091840
rs0806 -3.250000 0.214290 0.000000
rs0808 -3.250000 0.061220 inf
rs0809 -3.035710 0.214280 0.000000
rs0812 -2.821430 0.153060 0.244900
rs0815 -3.250000 0.183670 0.000000
rs0823 -3.096940 0.244900 0.091840
rs0833 -2.760200 0.122440 0.000000
rs0839 -3.250000 0.367350 -0.030610
rs0842 -3.158160 0.183670 0.000000
rs0847 -3.035710 0.153060 0.153070
rs0868 -3.250000 0.183670 0.000000
rs0869 -3.158160 0.306120 0.030620
rs0871 -3.250000 0.520410 0.000000
rs0896 -3.219390 0.122450 inf
rs0906 -3.158160 0.183670 0.000000
rs0909 -3.250000 0.183670 inf
rs0916 -3.250000 0.214290 0.000000
rs0932 -3.219390 0.214290 0.000000
rs0933 -3.250000 0.214290 0.000000
rs0944 -3.250000 0.214290 inf
rs0950 -3.158160 0.428570 0.000000
rs0957 -2.974490 0.244900 0.122450
rs0958 -3.219390 0.275510 0.000000
rs0959 -3.250000 0.244900 inf
rs0960 -3.250000 0.244900 0.000000
rs0967 -3.250000 0.183670 inf
rs0970 -3.250000 0.275510 0.000000
rs0974 -3.250000 0.306120 -0.030610
rs0978 -3.250000 0.153060 0.000000
rs0981 -3.219390 0.214290 0.000000
rs0983 -3.127550 0.275510 0.000000
rs0984 -3.250000 0.244900 -0.030610
rs0985 -3.250000 0.336730 0.000000
rs0991 -3.250000 0.275510 -0.030610
rs0995 -3.250000 0.214290 0.000000
rs0997 -3.250000 0.153060 inf
rs1004 -3.250000 0.244900 0.000000
rs1014 -2.943880 0.214290 0.122450
rs1016 -3.127550 0.306120 0.000000
rs1021 -3.250000 0.153060 inf
rs1023 -3.188780 0.153070 0.000000
rs1025 -3.250000 0.091840 inf
rs1029 -3.250000 0.153060 0.000000
rs1030 -3.250000 0.153060 inf
rs1035 -3.035710 0.275510 0.000000
rs1036 -3.219390 0.122450 inf
rs1038 -3.250000 0.091840 0.000000
rs1046 -3.250000 0.244900 inf
rs1047 -3.250000 0.153060 0.000000
rs1050 -3.250000 0.183670 inf
rs1052 -3.250000 0.244900 0.000000
rs1055 -3.250000 0.183670 inf
rs1060 -2.852040 0.214280 0.000000
rs1062 -3.066330 0.214290 0.122450
rs1072 -3.250000 0.183670 0.000000
rs1074 -3.219390 0.275510 0.000000
rs1075 -3.127550 0.214280 0.000000
rs1081 -3.250000 0.183670 inf
rs1082 -3.158160 0.183670 0.000000
rs1084 -3.250000 0.153060 inf
rs1091 -2.821430 0.122450 0.000000
rs1098 -3.250000 0.214290 inf
rs1100 -3.066330 0.153060 0.000000
rs1102 -3.066330 0.275510 0.122450
rs1103 -2.790820 0.367350 0.000000
rs1105 -3.250000 0.153060 inf
rs1106 -3.250000 0.091840 0.000000
rs1109 -3.127550 0.275510 0.061230
rs1110 -3.250000 0.214290 0.000000
rs1111 -3.250000 0.061220 inf
rs1112 -3.188780 0.153070 0.000000
rs1116 -3.250000 0.091840 inf
rs1117 -3.250000 0.214290 0.000000
rs1118 -3.250000 0.214290 inf
rs1121 -3.158160 0.306120 0.000000
rs1126 -3.250000 0.244900 -0.030610
rs1129 -3.250000 0.153060 0.000000
rs1131 -3.188780 0.336740 0.000000
rs1137 -3.250000 0.275510 0.000000
rs1143 -3.250000 0.153060 inf
rs1150 -3.250000 0.122450 0.000000
rs1152 -3.250000 0.183670 inf
rs1154 -3.250000 0.275510 0.000000
rs1159 -3.250000 0.214290 inf
rs1163 -3.188780 0.489800 0.000000
rs1168 -3.250000 0.183670 inf
rs1169 -3.250000 0.183670 0.000000
rs1178 -3.250000 0.214290 inf
rs1179 -3.250000 0.336730 0.000000
rs1182 -3.250000 0.183670 inf
rs1185 -3.005100 0.153060 0.000000
rs1188 -3.096940 0.214290 0.091840
rs1191 -3.250000 0.275510 0.000000
rs1195 -3.250000 0.214290 inf
rs1197 -3.250000 0.153060 0.000000
rs1198 -3.219390 0.459190 -0.030610
rs1200 -3.219390 0.214290 0.000000
rs1209 -3.219390 0.428570 -0.030610
rs1212 -3.250000 0.153060 0.000000
rs1214 -3.127550 0.061220 0.030610
rs1220 -3.158160 0.244890 0.000000
rs1248 -3.250000 0.244900 -0.030610
rs1258 -3.250000 0.244900 0.000000
rs1259 -2.974490 0.275510 0.122450
rs1264 -3.158160 0.214280 0.000000
rs1266 -2.729590 0.122450 0.397960
rs1267 -2.943880 0.183680 0.000000
rs1270 -3.188780 0.459190 0.000000
rs1276 -3.219390 0.214290 0.000000
rs1284 -3.005100 0.214280 0.091840
rs1290 -3.096940 0.306120 0.000000
rs1291 -3.250000 0.244900 inf
rs1293 -3.250000 0.214290 0.000000
rs1296 -3.035710 0.214280 0.091840
rs1297 -3.158160 0.244890 0.000000
rs1337 -3.250000 0.214290 inf
rs1359 -3.158160 0.214280 0.000000
rs1437 -3.158160 0.244890 0.061230
ECO05144 -3.250000 0.183670 0.000000
ECO11517 -3.219390 0.153060 inf
ECO09709 -3.250000 0.244900 0.000000
ECO03774 -3.219390 0.091840 inf
ECO11195 -3.250000 0.153060 0.000000
ECO11986 -3.250000 0.244900 -0.030610
ECO10428 -2.882650 0.122450 0.000000
ECO05163 -3.250000 0.214290 inf
ECO05563 -3.250000 0.122450 0.000000
ECO04997 -3.250000 0.153060 inf
ECO07859 -3.219390 0.306120 0.000000
ECO10692 -3.250000 0.183670 inf
ECO10007 -3.127550 0.214280 0.000000
ECO09960 -3.005100 0.244900 0.091840
ECO10258 -3.066330 0.183680 0.000000
ECO07785 -3.250000 0.214290 inf
ECO04192 -2.882650 0.183670 0.000000
ECO05764 -3.250000 0.214290 inf
ECO07019 -2.545920 0.275510 0.000000
ECO06341 -3.250000 0.214290 inf
ECO09664 -3.250000 0.153060 0.000000
ECO06592 -3.096940 0.183670 0.091840
ECO09450 -3.250000 0.153060 0.000000
ECO03934 -3.250000 0.275510 -0.030610
ECO09368 -3.250000 0.275510 0.000000
ECO08866 -3.250000 0.183670 inf
ECO09168 -3.219390 0.183680 0.000000
ECO11141 -3.158160 0.244890 0.061230
ECO06996 -3.158160 0.214280 0.000000
ECO05115 -2.882650 0.275510 0.091840
ECO04817 -3.250000 0.122450 0.000000
ECO09561 -2.852040 0.091840 0.275510
ECO12308 -3.250000 0.183670 0.000000
ECO06894 -3.096940 0.244900 0.061220
ECO09738 -3.188780 0.428580 0.000000
ECO10431 -3.250000 0.214290 inf
ECO02845 -2.760200 0.122440 0.000000
ECO09068 -3.219390 0.367350 -0.030610
ECO06094 -3.066330 0.275510 0.000000
ECO11300 -3.066330 0.183680 0.091830
ECO09275 -2.852040 0.275510 0.000000
ECO09858 -3.250000 0.214290 inf
ECO01034 -3.250000 0.306120 0.000000
ECO04927 -3.127550 0.244900 0.061230
ECO10862 -3.096940 0.214290 0.000000
ECO06033 -3.250000 0.153060 inf
ECO07199 -3.250000 0.091840 0.000000
ECO08990 -3.250000 0.153060 inf
ECO08305 -3.066330 0.275510 0.000000
ECO09940 -3.096940 0.306120 0.061220
ECO10010 -3.096940 0.275510 0.000000
ECO03222 -3.250000 0.367350 -0.030610
ECO10361 -3.250000 0.122450 0.000000
ECO08589 -3.035710 0.183670 0.091840
ECO07887 -2.974490 0.183670 0.000000
ECO10761 -2.913270 0.244900 0.122440
ECO05715 -3.250000 0.244900 0.000000
ECO01402 -3.158160 0.183670 0.061230
ECO09890 -3.005100 0.183670 0.000000
ECO09558 -2.760200 0.122440 0.244900
ECO11468 -3.250000 0.244900 0.000000
ECO10009 -3.250000 0.183670 inf
ECO01470 -2.698980 0.306120 0.000000
ECO11617 -3.250000 0.244900 inf
ECO05865 -3.250000 0.306120 0.000000
ECO03691 -3.096940 0.061230 0.091840
ECO05597 -3.127550 0.183670 0.000000
ECO11818 -3.250000 0.153060 inf
ECO01019 -3.127550 0.214280 0.000000
ECO05916 -3.096940 0.428570 0.061220
ECO10609 -3.250000 0.183670 0.000000
ECO06014 -3.066330 0.306130 0.061220
ECO08690 -3.250000 0.122450 0.000000
ECO06865 -3.250000 0.122450 inf
ECO03274 -3.127550 0.244900 0.000000
ECO11315 -3.250000 0.336730 -0.030610
ECO05648 -3.127550 0.214280 0.000000
ECO09792 -3.096940 0.091840 0.122450
ECO06163 -3.250000 0.183670 0.000000
ECO02121 -3.250000 0.244900 inf
ECO09907 -3.250000 0.214290 0.000000
ECO10228 -3.250000 0.244900 -0.030610
ECO11654 -3.250000 0.244900 0.000000
ECO10307 -3.066330 0.306130 0.061220
ECO05057 -3.250000 0.183670 0.000000
ECO08933 -3.250000 0.214290 inf
ECO03983 -3.250000 0.183670 0.000000
ECO06292 -3.250000 0.153060 inf
ECO09149 -2.913270 0.153070 0.000000
ECO11827 -3.250000 0.214290 inf
ECO06491 -3.127550 0.183670 0.000000
ECO04334 -3.066330 0.275510 0.122450
ECO09299 -3.250000 0.244900 0.000000
ECO06305 -3.250000 0.153060 inf
ECO12012 -3.005100 0.153060 0.000000
ECO04519 -3.066330 0.183680 0.122450
ECO06791 -3.250000 0.214290 0.000000
ECO04734 -3.250000 0.091840 inf
ECO12363 -3.250000 0.153060 0.000000
ECO00339 -3.250000 0.336730 -0.030610
ECO06642 -3.250000 0.306120 0.000000
ECO05319 -3.250000 0.214290 inf
ECO04284 -3.250000 0.306120 0.000000
ECO09800 -3.035710 0.336730 0.091840
ECO05670 -3.250000 0.183670 0.000000
ECO08378 -3.250000 0.275510 -0.030610
ECO04820 -3.250000 0.244900 0.000000
ECO06556 -2.790820 0.122450 0.244890
ECO11677 -3.250000 0.183670 0.000000
ECO11712 -3.250000 0.183670 inf
ECO04969 -3.250000 0.214290 0.000000
ECO04033 -2.790820 0.153060 0.275510
ECO05806 -2.974490 0.244900 0.000000
ECO05991 -3.250000 0.183670 inf
ECO05455 -3.250000 0.183670 0.000000
ECO08428 -3.250000 0.122450 inf
ECO11326 -3.127550 0.306120 0.000000
ECO06516 -2.821430 0.091840 0.275510
ECO11031 -3.250000 0.306120 0.000000
ECO04325 -3.250000 0.153060 inf
ECO04342 -3.158160 0.275510 0.000000
ECO02321 -3.188780 0.244900 0.030610
ECO10392 -3.250000 0.275510 0.000000
ECO01244 -2.760200 0.306120 0.091840
ECO07809 -3.250000 0.244900 0.000000
ECO12169 -3.219390 0.244900 0.000000
ECO10041 -3.250000 0.183670 0.000000
ECO08088 -2.668370 0.091840 0.397960
ECO12203 -3.158160 0.183670 0.000000
ECO01136 -3.219390 0.214290 0.000000
ECO02323 -3.127550 0.061220 0.000000
ECO10394 -3.250000 0.336730 -0.030610
ECO04778 -3.250000 0.183670 0.000000
ECO06216 -3.250000 0.336730 -0.030610
ECO04344 -3.250000 0.091840 0.000000
ECO08854 -3.066330 0.183680 0.122450
ECO07803 -3.250000 0.183670 0.000000
ECO10326 -3.250000 0.275510 -0.030610
ECO09641 -3.250000 0.153060 0.000000
ECO04995 -3.127550 0.306120 0.061230
ECO05680 -3.250000 0.153060 0.000000
ECO09824 -3.250000 0.061220 inf
ECO08135 -3.250000 0.244900 0.000000
ECO03706 -3.250000 0.030610 inf
ECO05578 -3.250000 0.153060 0.000000
ECO06700 -2.913270 0.122450 0.244890
ECO03790 -3.219390 0.244900 0.000000
ECO09121 -3.188780 0.214290 0.030610
ECO06247 -3.250000 0.336730 0.000000
ECO03926 -3.066330 0.183680 0.122450
ECO06849 -3.250000 0.214290 0.000000
ECO10629 -3.066330 0.183680 0.122450
ECO03526 -3.035710 0.214280 0.000000
ECO03656 -3.250000 0.275510 -0.030610
ECO07685 -3.250000 0.214290 0.000000
ECO11968 -3.188780 0.397960 0.000000
ECO06449 -3.250000 0.122450 0.000000
ECO12370 -3.250000 0.153060 inf
ECO00833 -3.188780 0.275510 0.000000
ECO03139 -3.250000 0.244900 -0.030610
ECO05698 -2.882650 0.122450 0.000000
ECO00869 -2.668370 0.275510 0.122450
ECO10093 -3.188780 0.214290 0.000000
ECO10091 -2.913270 0.153070 0.275510
ECO10527 -3.005100 0.244900 0.000000
ECO10493 -3.250000 0.306120 -0.030610
ECO09706 -3.250000 0.183670 0.000000
ECO03539 -2.790820 0.153060 0.336730
ECO12355 -3.219390 0.214290 0.000000
ECO10378 -2.974490 0.275510 0.091840
ECO09591 -3.250000 0.183670 0.000000
ECO03390 -3.250000 0.183670 inf
ECO07670 -3.250000 0.244900 0.000000
ECO04762 -3.250000 0.214290 inf
ECO04477 -3.250000 0.030610 0.000000
ECO09406 -3.188780 0.336740 0.030610
ECO00448 -3.005100 0.459180 0.000000
ECO06634 -3.250000 0.275510 -0.030610
ECO05798 -3.250000 0.214290 0.000000
ECO03241 -3.250000 0.153060 inf
ECO07183 -3.250000 0.244900 0.000000
ECO10127 -3.250000 0.122450 inf
ECO06883 -3.250000 0.153060 0.000000
ECO10642 -3.250000 0.336730 -0.030610
ECO05411 -3.066330 0.306130 0.000000
ECO05228 -3.250000 0.183670 inf
ECO07955 -3.250000 0.183670 0.000000
ECO02990 -3.250000 0.214290 inf
ECO03141 -3.250000 0.153060 0.000000
ECO08989 -3.250000 0.183670 inf
ECO06415 -3.250000 0.153060 0.000000
ECO08789 -3.250000 0.153060 inf
ECO08938 -3.250000 0.275510 0.000000
ECO05545 -3.250000 0.183670 inf
ECO03422 -3.250000 0.061220 0.000000
ECO02924 -2.821430 0.122450 0.214280
ECO05096 -3.250000 0.183670 0.000000
ECO04494 -3.250000 0.275510 -0.030610
ECO12338 -3.096940 0.367350 0.000000
ECO12387 -3.250000 0.183670 inf
ECO06096 -3.250000 0.306120 0.000000
ECO12287 -3.188780 0.214290 0.030610
ECO09389 -3.250000 0.183670 0.000000
ECO06617 -3.035710 0.153060 0.153070
ECO09810 -3.250000 0.183670 0.000000
ECO10962 -3.250000 0.153060 inf
ECO08887 -3.096940 0.183670 0.000000
ECO09959 -2.760200 0.214280 0.244900
ECO06015 -3.127550 0.183670 0.000000
ECO03224 -3.250000 0.122450 inf
ECO04743 -2.913270 0.153070 0.000000
ECO10610 -3.250000 0.275510 -0.030610
ECO09240 -2.515310 0.122450 0.000000
ECO11316 -3.250000 0.122450 inf
ECO05394 -3.250000 0.336730 0.000000
ECO02573 -3.005100 0.183670 0.183680
ECO04425 -3.250000 0.367350 0.000000
ECO08386 -2.729590 0.122450 0.244900
ECO08922 -3.096940 0.214290 0.000000
ECO09105 -3.188780 0.428580 0.000000
ECO01855 -3.188780 0.244900 0.000000
ECO03740 -3.250000 0.367350 -0.030610
ECO02506 -3.250000 0.183670 0.000000
ECO10360 -3.250000 0.214290 inf
ECO06501 -3.250000 0.183670 0.000000
ECO00200 -3.066330 0.244900 0.091830
ECO03998 -2.852040 0.122450 0.000000
ECO11597 -3.250000 0.122450 inf
ECO10021 -3.250000 0.459180 0.000000
ECO03898 -3.250000 0.214290 inf
ECO08928 -3.250000 0.153060 0.000000
ECO04505 -3.250000 0.183670 inf
ECO01404 -3.219390 0.214290 0.000000
ECO09378 -3.250000 0.153060 inf
ECO09242 -3.096940 0.183670 0.000000
ECO01247 -2.852040 0.244900 0.122450
ECO09585 -3.250000 0.183670 0.000000
ECO05984 -3.250000 0.244900 inf
ECO10951 -3.035710 0.244890 0.000000
ECO05391 -3.066330 0.244900 0.091830
ECO05341 -3.096940 0.244900 0.000000
ECO09428 -3.250000 0.214290 inf
ECO07763 -2.821430 0.122450 0.000000
ECO05741 -3.219390 0.244900 0.000000
ECO06570 -3.250000 0.214290 0.000000
ECO10557 -2.913270 0.122450 0.214280
ECO09778 -2.668370 0.244900 0.000000
ECO06034 -3.250000 0.153060 inf
ECO05477 -3.250000 0.244900 0.000000
ECO03605 -3.250000 0.153060 inf
ECO06756 -3.219390 0.306120 0.000000
ECO11998 -3.250000 0.122450 inf
ECO04611 -3.250000 0.183670 0.000000
ECO11064 -3.219390 0.122450 inf
ECO11685 -3.250000 0.214290 0.000000
ECO00867 -3.219390 0.214290 0.000000
ECO05847 -3.250000 0.244900 0.000000
ECO09306 -3.250000 0.183670 inf
ECO05547 -3.158160 0.336730 0.000000
ECO12185 -3.250000 0.275510 -0.030610
ECO04911 -3.250000 0.214290 0.000000
ECO02639 -3.250000 0.183670 inf
ECO12619 -3.250000 0.214290 0.000000
ECO00984 -3.096940 0.244900 0.061220
ECO09643 -3.158160 0.244890 0.000000
ECO11954 -3.250000 0.214290 inf
ECO09524 -3.158160 0.183670 0.000000
ECO09175 -3.250000 0.244900 -0.030610
ECO12422 -2.974490 0.489800 0.000000
ECO04461 -3.127550 0.275510 0.061230
ECO05061 -3.219390 0.183680 0.000000
ECO06649 -3.250000 0.244900 inf
ECO11768 -3.250000 0.306120 0.000000
ECO04712 -3.250000 0.275510 -0.030610
ECO04426 -3.250000 0.153060 0.000000
ECO08521 -3.158160 0.275510 0.061230
ECO08955 -3.250000 0.244900 0.000000
ECO07119 -3.127550 0.214280 0.061230
ECO04175 -3.188780 0.091840 0.000000
ECO11885 -3.250000 0.275510 -0.030610
ECO03791 -3.219390 0.275510 0.000000
ECO04008 -3.158160 0.336730 0.030620
ECO00617 -2.974490 0.214290 0.000000
ECO04259 -3.250000 0.244900 -0.030610
ECO00366 -3.188780 0.214290 0.000000
ECO09475 -2.913270 0.244900 0.091830
ECO09088 -3.250000 0.214290 0.000000
ECO06097 -3.250000 0.122450 inf
ECO09054 -3.219390 0.275510 0.000000
ECO09760 -3.250000 0.306120 -0.030610
ECO06450 -3.250000 0.244900 0.000000
ECO08071 -3.005100 0.367340 0.091840
ECO05344 -2.974490 0.183670 0.000000
ECO00332 -3.066330 0.275510 0.061220
ECO12437 -3.250000 0.153060 0.000000
ECO09224 -3.127550 0.275510 0.061230
ECO09305 -3.250000 0.306120 0.000000
ECO04408 -3.250000 0.214290 inf
ECO12403 -3.250000 0.275510 0.000000
ECO03174 -3.158160 0.183670 0.061230
ECO05948 -3.250000 0.122450 0.000000
ECO05114 -3.219390 0.214290 inf
ECO10458 -3.250000 0.306120 0.000000
ECO05412 -3.250000 0.183670 inf
ECO05982 -3.250000 0.275510 0.000000
ECO11786 -3.250000 0.153060 inf
ECO09605 -3.250000 0.306120 0.000000
ECO05799 -3.250000 0.244900 inf
ECO11500 -3.250000 0.306120 0.000000
ECO07935 -3.066330 0.153060 0.122450
ECO09226 -3.250000 0.214290 0.000000
ECO06754 -3.250000 0.153060 inf
ECO06043 -3.219390 0.244900 0.000000
ECO09726 -2.729590 0.183670 0.122450
ECO09943 -3.219390 0.214290 0.000000
ECO05663 -3.250000 0.244900 inf
ECO09909 -3.250000 0.183670 0.000000
ECO02991 -3.250000 0.153060 inf
ECO09990 -2.790820 0.153060 0.000000
ECO04693 -3.250000 0.153060 inf
ECO05812 -3.250000 0.244900 0.000000
ECO04727 -3.250000 0.183670 inf
ECO08356 -3.158160 0.275510 0.000000
ECO06382 -2.607140 0.061220 0.459190
ECO04076 -3.250000 0.153060 0.000000
ECO05080 -3.158160 0.244890 0.061230
ECO05331 -3.250000 0.183670 0.000000
ECO04544 -3.250000 0.306120 -0.030610
ECO04457 -3.250000 0.275510 0.000000
ECO02024 -3.158160 0.183670 0.061230
ECO04296 -3.250000 0.122450 0.000000
ECO07840 -3.035710 0.153060 0.153070
ECO09426 -3.250000 0.122450 0.000000
ECO11950 -3.250000 0.153060 inf
ECO08026 -3.250000 0.122450 0.000000
ECO06461 -3.250000 0.183670 inf
ECO05243 -3.250000 0.183670 0.000000
ECO04096 -3.250000 0.336730 -0.030610
ECO04383 -2.943880 0.183680 0.000000
ECO11475 -3.250000 0.244900 -0.030610
ECO09580 -3.127550 0.214280 0.000000
ECO04775 -3.096940 0.275510 0.091840
ECO09599 -3.158160 0.214280 0.000000
ECO10049 -3.250000 0.336730 -0.030610
ECO01225 -3.066330 0.275510 0.000000
ECO10135 -3.250000 0.183670 inf
ECO10486 -3.250000 0.214290 0.000000
ECO10585 -3.250000 0.336730 -0.030610
ECO02997 -3.250000 0.091840 0.000000
ECO02548 -2.974490 0.275510 0.091840
ECO00027 -3.127550 0.214280 0.000000
ECO02848 -3.250000 0.153060 inf
ECO02948 -3.250000 0.214290 0.000000
ECO06742 -2.668370 0.091840 0.397960
ECO07913 -3.250000 0.122450 0.000000
ECO04619 -3.250000 0.244900 inf
ECO09550 -3.250000 0.275510 0.000000
ECO09949 -3.250000 0.306120 -0.030610
ECO09649 -3.250000 0.153060 0.000000
ECO10300 -3.005100 0.367340 0.091840
ECO12663 -3.250000 0.306120 0.000000
ECO10786 -2.698980 0.244900 0.122450
ECO05905 -3.188780 0.244900 0.000000
ECO03933 -2.882650 0.091830 0.122450
ECO08613 -3.250000 0.214290 0.000000
ECO10205 -3.158160 0.214280 0.061230
ECO10673 -3.035710 0.183670 0.000000
ECO03210 -3.127550 0.153060 0.091840
ECO03989 -3.250000 0.061220 0.000000
ECO10073 -3.250000 0.183670 inf
ECO12468 -3.250000 0.153060 0.000000
ECO00190 -3.219390 0.183680 inf
ECO02062 -3.096940 0.244900 0.000000
ECO10745 -3.219390 0.183680 inf
ECO06699 -3.250000 0.153060 0.000000
ECO06499 -3.250000 0.183670 inf
ECO03257 -3.250000 0.244900 0.000000
ECO12218 -3.250000 0.214290 inf
ECO00347 -2.821430 0.306120 0.000000
ECO08439 -3.250000 0.244900 inf
ECO05495 -3.096940 0.122450 0.000000
ECO04044 -3.250000 0.336730 -0.030610
ECO09358 -3.250000 0.091840 0.000000
ECO12188 -3.066330 0.244900 0.091830
ECO03525 -3.066330 0.275510 0.000000
ECO10980 -3.005100 0.275510 0.091840
ECO11634 -3.035710 0.336730 0.000000
ECO07988 -3.066330 0.244900 0.091830
ECO01253 -3.250000 0.153060 0.000000
ECO07069 -2.821430 0.122450 0.336730
ECO02253 -3.250000 0.275510 0.000000
ECO12286 -3.066330 0.183680 0.122450
ECO00700 -2.668370 0.244900 0.000000
ECO12537 -3.250000 0.091840 inf
ECO10141 -3.250000 0.306120 0.000000
ECO04593 -3.250000 0.244900 inf
ECO06448 -3.188780 0.183680 0.000000
ECO01202 -3.250000 0.244900 -0.030610
ECO11767 -3.096940 0.275510 0.000000
ECO09307 -3.250000 0.183670 inf
ECO04776 -3.188780 0.061230 0.000000
ECO09507 -3.250000 0.275510 -0.030610
ECO02521 -3.005100 0.153060 0.000000
ECO06703 -3.158160 0.397960 0.030620
ECO00185 -3.158160 0.306120 0.000000
ECO12431 -3.250000 0.275510 -0.030610
ECO07818 -3.250000 0.306120 0.000000
ECO12656 -3.250000 0.306120 -0.030610
ECO05814 -3.005100 0.214280 0.000000
ECO08239 -3.250000 0.336730 -0.030610
ECO05848 -3.250000 0.153060 0.000000
ECO04142 -3.250000 0.244900 inf
ECO02623 -3.096940 0.183670 0.000000
ECO03291 -3.250000 0.244900 -0.030610
ECO03976 -3.250000 0.244900 0.000000
ECO05193 -3.250000 0.122450 inf
ECO12039 -3.250000 0.244900 0.000000
ECO11924 -3.250000 0.183670 inf
ECO10950 -3.096940 0.244900 0.000000
ECO04439 -3.219390 0.183680 0.000000
ECO09937 -3.250000 0.122450 0.000000
ECO11327 -3.066330 0.367350 0.091830
ECO12064 -3.188780 0.367350 0.000000
ECO09519 -3.158160 0.336730 0.030620
ECO04950 -3.096940 0.306120 0.000000
ECO03764 -3.035710 0.153060 0.153070
ECO09026 -3.250000 0.275510 0.000000
ECO02292 -3.250000 0.336730 -0.030610
ECO03103 -3.096940 0.183670 0.000000
ECO03478 -3.250000 0.244900 -0.030610
ECO04944 -2.821430 0.122450 0.000000
ECO07603 -3.250000 0.122450 inf
ECO08369 -2.821430 0.275510 0.000000
ECO03106 -3.250000 0.183670 inf
ECO02891 -3.250000 0.214290 0.000000
ECO04993 -3.250000 0.153060 inf
ECO00951 -3.096940 0.244900 0.000000
ECO05558 -2.760200 0.091830 0.397960
ECO09897 -3.250000 0.336730 0.000000
ECO06310 -3.250000 0.244900 inf
ECO10505 -3.250000 0.153060 0.000000
ECO08124 -3.158160 0.367340 0.030620
ECO09503 -3.250000 0.244900 0.000000
ECO04216 -3.219390 0.367350 0.000000
ECO03216 -3.250000 0.306120 0.000000
ECO04051 -3.250000 0.183670 inf
ECO09081 -3.250000 0.183670 0.000000
ECO04002 -2.974490 0.153060 0.214290
ECO09746 -3.250000 0.183670 0.000000
ECO11119 -3.005100 0.153060 0.183680
ECO00807 -3.158160 0.275510 0.000000
ECO09032 -3.250000 0.214290 inf
ECO11557 -3.250000 0.244900 0.000000
ECO04788 -3.035710 0.153060 0.153070
ECO04437 -2.882650 0.183670 0.000000
ECO11995 -3.250000 0.244900 -0.030610
ECO07990 -3.250000 0.122450 0.000000
ECO12382 -3.096940 0.275510 0.061220
ECO09637 -3.250000 0.244900 0.000000
ECO12157 -3.250000 0.122450 inf
ECO03865 -3.250000 0.275510 0.000000
ECO05374 -3.250000 0.030610 inf
ECO07939 -3.250000 0.214290 0.000000
ECO04506 -2.760200 0.275510 0.214290
ECO06446 -3.250000 0.183670 0.000000
ECO00336 -3.219390 0.183680 0.000000
ECO04080 -3.250000 0.336730 0.000000
ECO04382 -2.790820 0.153060 0.336730
ECO04464 -3.127550 0.030610 0.000000
ECO11445 -3.250000 0.244900 -0.030610
ECO07815 -3.250000 0.183670 0.000000
ECO07846 -3.096940 0.306120 0.091840
ECO07960 -2.974490 0.244900 0.000000
ECO00758 -3.250000 0.122450 inf
ECO01779 -3.250000 0.153060 0.000000
ECO10730 -3.096940 0.183670 0.091840
ECO09016 -2.852040 0.122450 0.000000
ECO04751 -3.250000 0.183670 inf
ECO05874 -3.250000 0.275510 0.000000
ECO11744 -3.250000 0.397960 -0.061220
ECO06460 -3.188780 0.214290 0.000000
ECO08802 -3.250000 0.336730 -0.030610
ECO11471 -3.250000 0.244900 0.000000
ECO06493 -3.250000 0.183670 inf
ECO03978 -3.127550 0.306120 0.000000
ECO03646 -3.158160 0.275510 0.030620
ECO06893 -3.250000 0.275510 0.000000
ECO07926 -3.250000 0.214290 inf
ECO10334 -3.250000 0.275510 0.000000
ECO06423 -3.250000 0.214290 inf
ECO05737 -3.250000 0.244900 0.000000
ECO03694 -3.250000 0.275510 -0.030610
ECO03794 -3.096940 0.183670 0.000000
ECO10489 -3.250000 0.061220 inf
ECO06209 -3.250000 0.244900 0.000000
ECO05658 -3.250000 0.153060 inf
ECO07130 -3.066330 0.306130 0.000000
ECO11674 -3.250000 0.091840 inf
ECO09981 -3.219390 0.091840 0.000000
ECO07816 -3.250000 0.214290 inf
ECO06075 -3.250000 0.153060 0.000000
ECO10530 -2.913270 0.153070 0.244890
ECO05957 -3.250000 0.183670 0.000000
ECO05627 -3.250000 0.183670 inf
ECO06413 -3.250000 0.122450 0.000000
ECO12055 -3.250000 0.244900 -0.030610
ECO06027 -3.250000 0.275510 0.000000
ECO05791 -3.250000 0.183670 inf
ECO09185 -3.250000 0.459180 0.000000
ECO11741 -3.250000 0.122450 inf
ECO08542 -3.219390 0.244900 0.000000
ECO03888 -3.250000 0.275510 -0.030610
ECO07774 -3.250000 0.183670 0.000000
ECO05902 -3.250000 0.183670 inf
ECO09839 -3.250000 0.183670 0.000000
ECO06002 -3.035710 0.244890 0.091840
ECO04573 -3.250000 0.306120 0.000000
ECO02962 -2.637760 0.091840 0.367340
ECO07020 -3.250000 0.183670 0.000000
ECO10071 -2.576530 0.122450 0.275510
ECO09819 -3.127550 0.306120 0.000000
ECO09944 -3.250000 0.214290 inf
ECO03931 -3.250000 0.275510 0.000000
ECO08776 -3.005100 0.275510 0.091840
ECO06511 -3.250000 0.336730 0.000000
ECO12291 -3.096940 0.275510 0.091840
ECO08385 -3.250000 0.153060 0.000000
ECO02876 -3.250000 0.153060 inf
ECO02426 -3.127550 0.214280 0.000000
ECO02819 -3.250000 0.214290 inf
ECO07106 -3.250000 0.214290 0.000000
ECO03330 -2.974490 0.214290 0.122450
ECO06574 -3.250000 0.214290 0.000000
ECO05684 -3.158160 0.367340 0.030620
ECO04698 -2.821430 0.122450 0.000000
ECO04748 -2.852040 0.122450 0.275510
ECO08442 -3.158160 0.244890 0.000000
ECO08149 -3.158160 0.275510 0.030620
ECO08246 -3.250000 0.214290 0.000000
ECO03065 -3.250000 0.153060 inf
ECO07695 -3.250000 0.183670 0.000000
ECO08549 -3.250000 0.367350 -0.030610
ECO11529 -3.096940 0.091840 0.000000
ECO06502 -3.250000 0.244900 -0.030610
ECO12223 -3.250000 0.306120 0.000000
ECO06727 -3.158160 0.183670 0.061230
ECO08632 -3.066330 0.153060 0.000000
ECO09295 -3.219390 0.153060 inf
ECO12274 -2.974490 0.214290 0.000000
ECO05637 -3.250000 0.183670 inf
ECO04884 -3.250000 0.306120 0.000000
ECO12584 -3.250000 0.244900 inf
ECO12191 -3.005100 0.153060 0.000000
ECO02074 -3.066330 0.183680 0.061220
ECO03130 -3.250000 0.091840 0.000000
ECO06193 -3.250000 0.306120 -0.030610
ECO06977 -3.005100 0.336730 0.000000
ECO12613 -2.729590 0.091830 0.397960
ECO04869 -3.250000 0.306120 0.000000
ECO11777 -3.250000 0.244900 inf
ECO07092 -3.250000 0.244900 0.000000
ECO04684 -2.943880 0.183680 0.214280
ECO08587 -3.096940 0.214290 0.000000
ECO06217 -3.035710 0.214280 0.153070
ECO02598 -3.250000 0.244900 0.000000
ECO04169 -3.250000 0.336730 -0.030610
ECO02297 -3.250000 0.244900 0.000000
ECO12577 -3.005100 0.214280 0.091840
ECO11565 -3.158160 0.397960 0.000000
ECO11787 -3.250000 0.122450 inf
ECO05045 -2.698980 0.122450 0.000000
ECO05515 -3.250000 0.153060 inf
ECO04143 -3.250000 0.153060 0.000000
ECO06966 -3.250000 0.244900 inf
ECO08187 -3.250000 0.091840 0.000000
ECO03071 -3.250000 0.336730 -0.030610
ECO12589 -3.250000 0.275510 0.000000
ECO02373 -3.219390 0.183680 inf
ECO12487 -2.882650 0.214280 0.000000
ECO01852 -3.188780 0.244900 0.030610
ECO07117 -3.250000 0.397960 0.000000
ECO04443 -3.250000 0.214290 inf
ECO04996 -3.250000 0.275510 0.000000
ECO04896 -3.250000 0.214290 inf
ECO02771 -3.096940 0.153060 0.000000
ECO03273 -3.066330 0.153060 0.122450
ECO11230 -3.066330 0.367350 0.000000
ECO08957 -3.066330 0.153060 0.122450
ECO06983 -3.188780 0.275510 0.000000
ECO02120 -3.250000 0.153060 inf
ECO05647 -3.250000 0.061220 0.000000
ECO05428 -3.250000 0.153060 inf
ECO07919 -3.188780 0.275510 0.000000
ECO03090 -3.250000 0.183670 inf
ECO09927 -3.250000 0.153060 0.000000
ECO05464 -3.250000 0.336730 -0.030610
ECO03592 -2.790820 0.122450 0.000000
ECO12121 -2.729590 0.122450 0.336740
ECO07101 -3.188780 0.275510 0.000000
ECO05697 -3.127550 0.214280 0.061230
ECO06816 -2.943880 0.122450 0.000000
ECO12335 -3.250000 0.214290 inf
ECO10058 -3.250000 0.367350 0.000000
ECO08857 -3.127550 0.275510 0.061230
ECO09372 -3.127550 0.244900 0.000000
ECO00231 -3.005100 0.214280 0.153060
ECO02456 -3.250000 0.397960 0.000000
ECO08470 -3.250000 0.183670 inf
ECO03105 -3.250000 0.275510 0.000000
ECO05013 -3.127550 0.244900 0.061230
ECO03439 -3.005100 0.275510 0.000000
ECO06483 -3.250000 0.214290 inf
ECO12606 -3.250000 0.153060 0.000000
ECO02490 -3.127550 0.275510 0.061230
ECO09442 -3.188780 0.306130 0.000000
ECO12504 -3.096940 0.306120 0.061220
ECO01954 -3.127550 0.183670 0.000000
ECO04877 -3.250000 0.306120 -0.030610
ECO11819 -3.188780 0.275510 0.000000
ECO11533 -3.066330 0.214290 0.122450
ECO03175 -3.250000 0.306120 0.000000
ECO08271 -3.250000 0.459180 -0.061220
ECO05897 -3.127550 0.214280 0.000000
ECO11449 -3.219390 0.275510 0.000000
ECO03340 -2.729590 0.091830 0.000000
ECO07118 -3.250000 0.244900 inf
ECO05782 -3.250000 0.244900 0.000000
ECO11803 -3.066330 0.244900 0.122450
ECO08590 -3.250000 0.275510 0.000000
ECO06901 -3.250000 0.306120 -0.030610
ECO09539 -2.729590 0.091830 0.000000
ECO09790 -3.096940 0.244900 0.091840
ECO09628 -2.943880 0.183680 0.000000
ECO04448 -3.005100 0.153060 0.183680
ECO04898 -2.821430 0.122450 0.000000
ECO11611 -3.250000 0.336730 -0.030610
ECO08878 -3.250000 0.153060 0.000000
ECO09092 -3.250000 0.336730 -0.030610
ECO03162 -3.250000 0.183670 0.000000
ECO11848 -3.250000 0.244900 -0.030610
ECO08749 -3.158160 0.153060 0.000000
ECO04655 -3.250000 0.122450 inf
ECO07842 -3.250000 0.183670 0.000000
ECO11662 -3.250000 0.183670 inf
ECO05128 -3.005100 0.153060 0.000000
ECO11504 -3.096940 0.061230 0.030610
ECO12637 -3.158160 0.183670 0.000000
ECO06982 -3.250000 0.397960 -0.030610
ECO07250 -3.066330 0.275510 0.000000
ECO08824 -3.158160 0.244890 0.030620
ECO08220 -3.250000 0.214290 0.000000
ECO05514 -2.852040 0.122450 0.214290
ECO10559 -3.250000 0.183670 0.000000
ECO12489 -3.250000 0.244900 inf
ECO03124 -3.219390 0.336740 0.000000
ECO02152 -3.250000 0.183670 inf
ECO02317 -3.188780 0.183680 0.000000
ECO10605 -3.250000 0.306120 -0.030610
ECO06647 -3.250000 0.275510 0.000000
ECO03410 -3.250000 0.061220 inf
ECO08894 -3.250000 0.183670 0.000000
ECO11857 -3.250000 0.122450 inf
ECO10566 -3.188780 0.367350 0.000000
ECO08626 -3.250000 0.183670 inf
ECO05550 -3.158160 0.306120 0.000000
ECO02424 -3.250000 0.183670 inf
ECO04389 -3.250000 0.214290 0.000000
ECO02878 -3.250000 0.153060 inf
ECO07933 -3.188780 0.397960 0.000000
ECO02224 -3.250000 0.122450 inf
ECO05775 -3.250000 0.306120 0.000000
ECO03117 -3.250000 0.153060 inf
ECO06554 -3.250000 0.183670 0.000000
ECO05457 -3.250000 0.153060 inf
ECO06529 -3.250000 0.244900 0.000000
ECO05843 -3.096940 0.214290 0.091840
ECO03696 -2.882650 0.153060 0.000000
ECO11771 -3.250000 0.336730 -0.030610
ECO03678 -3.096940 0.275510 0.000000
ECO12575 -3.250000 0.153060 inf
ECO02492 -3.250000 0.306120 0.000000
ECO12443 -3.005100 0.214280 0.153060
ECO06636 -3.250000 0.244900 0.000000
ECO06622 -3.250000 0.244900 inf
ECO12201 -2.760200 0.122440 0.000000
ECO10626 -3.250000 0.061220 inf
ECO04678 -3.250000 0.122450 0.000000
ECO04512 -3.035710 0.244890 0.122450
ECO06082 -3.250000 0.214290 0.000000
ECO09005 -2.974490 0.153060 0.183670
ECO08480 -3.250000 0.153060 0.000000
ECO12161 -3.250000 0.214290 inf
ECO10684 -3.250000 0.244900 0.000000
ECO03959 -3.250000 0.244900 -0.030610
ECO00615 -3.158160 0.183670 0.000000
ECO03057 -2.729590 0.122450 0.306120
ECO09375 -2.668370 0.091840 0.000000
ECO03206 -2.821430 0.122450 0.275510
ECO04227 -3.250000 0.153060 0.000000
ECO00255 -2.852040 0.306120 0.122450
ECO04535 -3.005100 0.214280 0.000000
ECO09330 -2.882650 0.214280 0.122450
ECO03389 -3.250000 0.183670 0.000000
ECO12205 -3.250000 0.091840 inf
ECO09934 -3.250000 0.122450 0.000000
ECO03050 -3.250000 0.214290 inf
ECO10752 -3.188780 0.275510 0.000000
ECO05682 -2.698980 0.122450 0.214290
ECO08605 -3.127550 0.214280 0.000000
ECO04410 -3.096940 0.275510 0.091840
ECO04061 -3.250000 0.214290 0.000000
ECO02189 -3.250000 0.275510 -0.030610
ECO07194 -3.250000 0.244900 0.000000
ECO10002 -3.096940 0.459180 0.061220
ECO05180 -3.250000 0.275510 0.000000
ECO12354 -3.188780 0.244900 0.030610
ECO03406 -3.250000 0.244900 0.000000
ECO08971 -3.250000 0.459180 -0.061220
ECO09843 -3.188780 0.183680 0.000000
ECO10026 -3.250000 0.244900 inf
ECO06533 -3.066330 0.183680 0.000000
ECO04729 -3.250000 0.122450 inf
ECO10545 -3.250000 0.214290 0.000000
ECO06550 -3.158160 0.244890 0.061230
ECO05512 -3.250000 0.336730 0.000000
ECO12320 -3.035710 0.153060 0.153070
ECO10294 -3.188780 0.183680 0.000000
ECO06801 -3.250000 0.153060 inf
ECO05461 -3.250000 0.214290 0.000000
ECO04159 -3.250000 0.183670 inf
ECO03606 -3.127550 0.306120 0.000000
ECO02806 -3.250000 0.091840 inf
ECO08354 -3.250000 0.244900 0.000000
ECO07184 -3.219390 0.214290 0.000000
ECO12103 -3.250000 0.091840 0.000000
ECO02371 -2.545920 0.428570 0.183670
ECO12136 -3.250000 0.214290 0.000000
ECO02169 -2.974490 0.214290 0.091840
ECO05947 -2.760200 0.244890 0.000000
ECO05220 -3.250000 0.551020 -0.061220
ECO05306 -3.250000 0.153060 0.000000
ECO03183 -3.250000 0.244900 -0.030610
ECO11705 -3.035710 0.275510 0.000000
ECO03226 -3.188780 0.367350 0.000000
ECO08685 -3.250000 0.275510 0.000000
ECO04055 -3.250000 0.122450 inf
ECO00068 -3.188780 0.214290 0.000000
ECO02376 -3.250000 0.336730 -0.030610
ECO02669 -3.066330 0.183680 0.000000
ECO06620 -3.250000 0.153060 inf
ECO02683 -3.035710 0.275510 0.000000
ECO02719 -3.250000 0.244900 -0.030610
ECO08249 -3.250000 0.122450 0.000000
ECO01990 -3.188780 0.214290 0.030610
ECO05661 -3.250000 0.214290 0.000000
ECO08315 -3.188780 0.183680 0.030610
ECO03610 -3.250000 0.183670 0.000000
ECO04576 -3.096940 0.183670 0.091840
ECO02270 -3.127550 0.275510 0.000000
ECO05797 -3.127550 0.214280 0.061230
ECO02504 -3.250000 0.183670 0.000000
ECO07869 -3.250000 0.153060 inf
ECO05746 -3.250000 0.275510 0.000000
ECO00220 -3.096940 0.183670 0.061220
ECO02624 -3.250000 0.153060 0.000000
ECO06954 -3.158160 0.244890 0.061230
ECO02585 -3.250000 0.336730 0.000000
ECO12505 -3.250000 0.061220 inf
ECO08505 -3.250000 0.153060 0.000000
ECO08790 -3.127550 0.214280 0.061230
ECO02455 -3.188780 0.061230 0.000000
ECO02923 -3.188780 0.091840 inf
ECO03208 -2.790820 0.122450 0.000000
ECO05765 -3.188780 0.336740 0.000000
ECO12654 -3.250000 0.244900 0.000000
ECO01987 -3.188780 0.214290 0.030610
ECO02387 -2.974490 0.306120 0.000000
ECO08299 -3.250000 0.183670 inf
ECO02476 -3.250000 0.306120 0.000000
ECO04298 -3.250000 0.153060 inf
ECO11260 -3.250000 0.275510 0.000000
ECO08843 -3.250000 0.336730 -0.030610
ECO00989 -3.250000 0.367350 0.000000
ECO09277 -3.250000 0.214290 inf
ECO09354 -3.158160 0.061220 0.000000
ECO05878 -3.250000 0.244900 -0.030610
ECO06971 -3.250000 0.183670 0.000000
ECO05031 -3.066330 0.183680 0.122450
ECO06712 -3.219390 0.244900 0.000000
ECO12392 -3.250000 0.122450 inf
ECO03738 -3.066330 0.214290 0.000000
ECO04040 -3.250000 0.183670 inf
ECO03227 -3.250000 0.275510 0.000000
ECO07112 -3.250000 0.183670 inf
ECO06903 -3.250000 0.275510 0.000000
ECO06503 -3.066330 0.367350 0.091830
ECO03236 -2.943880 0.183680 0.000000
ECO05040 -2.821430 0.153060 0.306120
ECO12333 -3.250000 0.214290 0.000000
ECO10022 -3.250000 0.397960 -0.061220
ECO05410 -3.250000 0.122450 0.000000
ECO05099 -3.250000 0.122450 inf
ECO03806 -3.035710 0.275510 0.000000
ECO10422 -3.188780 0.183680 0.030610
ECO10554 -3.250000 0.275510 0.000000
ECO05006 -3.250000 0.153060 inf
ECO07805 -3.250000 0.275510 0.000000
ECO05440 -3.250000 0.275510 -0.030610
ECO05308 -3.250000 0.214290 0.000000
ECO09554 -3.127550 0.275510 0.061230
ECO07775 -3.250000 0.183670 0.000000
ECO00794 -3.250000 0.214290 inf
ECO04806 -3.250000 0.306120 0.000000
ECO10324 -3.096940 0.214290 0.091840
ECO08150 -3.188780 0.275510 0.000000
ECO11319 -3.250000 0.214290 inf
ECO08243 -3.127550 0.367350 0.000000
ECO05533 -2.760200 0.122440 0.367350
ECO09184 -3.250000 0.122450 0.000000
ECO04888 -3.250000 0.061220 inf
ECO05488 -3.188780 0.306130 0.000000
ECO11643 -3.250000 0.336730 -0.030610
ECO06174 -3.188780 0.275510 0.000000
ECO07009 -3.066330 0.183680 0.122450
ECO09532 -3.250000 0.214290 0.000000
ECO11105 -2.943880 0.306120 0.122450
ECO09581 -3.250000 0.091840 0.000000
ECO08832 -3.250000 0.214290 inf
ECO05388 -3.250000 0.153060 0.000000
ECO11457 -3.250000 0.214290 inf
ECO08581 -3.250000 0.153060 0.000000
ECO11343 -2.943880 0.183680 0.214280
ECO02430 -3.250000 0.122450 0.000000
ECO03016 -3.250000 0.183670 inf
ECO02130 -3.250000 0.336730 0.000000
ECO03416 -3.250000 0.336730 -0.030610
ECO04737 -3.250000 0.275510 0.000000
ECO04602 -3.250000 0.122450 inf
ECO09618 -3.188780 0.183680 0.000000
ECO02179 -3.188780 0.244900 0.030610
ECO03494 -2.943880 0.153060 0.000000
ECO06545 -2.913270 0.214290 0.122440
ECO09296 -3.250000 0.244900 0.000000
ECO09310 -3.250000 0.214290 inf
ECO03194 -3.250000 0.183670 0.000000
ECO00629 -2.913270 0.275510 0.153060
ECO12273 -3.219390 0.275510 0.000000
ECO04373 -3.250000 0.214290 inf
ECO03873 -3.250000 0.183670 0.000000
ECO02608 -3.250000 0.153060 inf
ECO03301 -3.250000 0.153060 0.000000
ECO09689 -3.250000 0.214290 inf
ECO03487 -3.250000 0.122450 0.000000
ECO05666 -3.219390 0.183680 inf
ECO08324 -3.127550 0.336730 0.000000
ECO06538 -2.852040 0.122450 0.306120
ECO04766 -3.250000 0.153060 0.000000
ECO04773 -3.250000 0.122450 inf
ECO10396 -3.219390 0.122450 0.000000
ECO05452 -3.250000 0.306120 -0.030610
ECO03187 -3.250000 0.306120 0.000000
ECO06652 -3.250000 0.275510 -0.030610
ECO03594 -3.096940 0.244900 0.000000
ECO04287 -3.250000 0.306120 -0.030610
ECO02408 -3.250000 0.244900 0.000000
ECO02638 -3.250000 0.153060 inf
ECO06400 -3.250000 0.183670 0.000000
ECO06683 -2.974490 0.153060 0.183670
ECO03375 -2.576530 0.122450 0.000000
ECO00348 -3.250000 0.306120 -0.030610
ECO12068 -3.066330 0.153060 0.000000
ECO07085 -3.250000 0.275510 -0.030610
ECO08372 -3.250000 0.306120 0.000000
ECO04711 -2.943880 0.153060 0.214280
ECO06298 -3.066330 0.183680 0.000000
ECO03475 -3.250000 0.183670 inf
ECO01218 -3.250000 0.367350 0.000000
ECO05028 -3.250000 0.122450 inf
ECO04928 -2.852040 0.275510 0.000000
ECO02790 -3.250000 0.459180 -0.061220
ECO04092 -3.250000 0.306120 0.000000
ECO11668 -3.096940 0.244900 0.091840
ECO09993 -3.188780 0.367350 0.000000
ECO05211 -3.250000 0.214290 inf
ECO03205 -3.250000 0.122450 0.000000
ECO04241 -2.790820 0.153060 0.214280
ECO10542 -3.250000 0.244900 0.000000
ECO02701 -3.066330 0.275510 0.091830
ECO05459 -3.158160 0.122450 0.000000
ECO05659 -3.250000 0.183670 inf
ECO06798 -3.250000 0.153060 0.000000
ECO11680 -3.096940 0.275510 0.091840
ECO12473 -2.913270 0.244900 0.000000
ECO03156 -3.250000 0.183670 inf
ECO09857 -3.035710 0.183670 0.000000
ECO04562 -3.250000 0.153060 inf
ECO12455 -3.250000 0.214290 0.000000
ECO01318 -3.250000 0.214290 inf
ECO03490 -3.188780 0.244900 0.000000
ECO08121 -3.250000 0.214290 inf
ECO07600 -2.852040 0.336730 0.000000
ECO07736 -3.188780 0.244900 0.030610
ECO04926 -3.250000 0.367350 0.000000
ECO03741 -3.250000 0.091840 inf
ECO04430 -3.250000 0.091840 0.000000
ECO08474 -3.005100 0.214280 0.153060
ECO05709 -3.188780 0.214290 0.000000
ECO03530 -3.250000 0.153060 inf
ECO06095 -3.219390 0.122450 0.000000
ECO04923 -3.250000 0.244900 inf
ECO11816 -3.250000 0.153060 0.000000
ECO04323 -3.250000 0.153060 inf
ECO12016 -3.250000 0.244900 0.000000
ECO04723 -2.943880 0.153060 0.183670
ECO09167 -3.250000 0.397960 0.000000
ECO02658 -3.250000 0.122450 inf
ECO09646 -3.250000 0.244900 0.000000
ECO06402 -3.035710 0.183670 0.091840
ECO09453 -3.096940 0.244900 0.000000
ECO10232 -3.127550 0.214280 0.091840
ECO08760 -3.219390 0.275510 0.000000
ECO03630 -3.250000 0.244900 inf
ECO11133 -3.096940 0.244900 0.000000
ECO09053 -3.005100 0.244900 0.153060
ECO04916 -3.250000 0.214290 0.000000
ECO05716 -3.250000 0.336730 -0.030610
ECO07767 -3.188780 0.214290 0.000000
ECO05816 -3.219390 0.244900 0.000000
ECO03737 -3.250000 0.275510 0.000000
ECO02165 -3.219390 0.214290 0.000000
ECO02644 -3.250000 0.306120 0.000000
ECO05402 -3.250000 0.244900 inf
ECO03138 -3.158160 0.091830 0.000000
ECO00917 -2.974490 0.244900 0.091840
ECO02155 -3.250000 0.183670 0.000000
ECO12503 -3.250000 0.214290 inf
ECO12520 -3.250000 0.183670 0.000000
ECO08303 -3.250000 0.153060 inf
ECO12303 -3.250000 0.214290 0.000000
ECO04800 -3.250000 0.091840 inf
ECO03221 -3.250000 0.397960 0.000000
ECO04071 -3.096940 0.306120 0.061220
ECO12032 -3.250000 0.306120 0.000000
ECO10641 -3.005100 0.183670 0.153060
ECO04314 -3.250000 0.091840 0.000000
ECO09950 -3.188780 0.214290 0.030610
ECO08127 -3.250000 0.183670 0.000000
ECO06068 -3.250000 0.275510 -0.030610
ECO05532 -3.250000 0.153060 0.000000
ECO05493 -3.127550 0.275510 0.061230
ECO12089 -2.790820 0.122450 0.000000
ECO06536 -3.250000 0.153060 inf
ECO06411 -3.250000 0.122450 0.000000
ECO05143 -3.250000 0.061220 inf
ECO11513 -3.158160 0.397960 0.000000
ECO06050 -3.250000 0.183670 inf
ECO03621 -3.250000 0.244900 0.000000
ECO08633 -3.096940 0.122450 0.091840
ECO04889 -3.250000 0.030610 0.000000
ECO11739 -3.250000 0.183670 inf
ECO04732 -3.250000 0.153060 0.000000
ECO07940 -3.219390 0.061230 inf
ECO03953 -2.821430 0.122450 0.000000
ECO06000 -3.250000 0.153060 inf
ECO10398 -3.250000 0.153060 0.000000
ECO05075 -3.250000 0.306120 -0.030610
ECO09237 -3.127550 0.183670 0.000000
ECO09619 -2.790820 0.336740 0.122450
ECO06879 -3.250000 0.336730 0.000000
ECO10466 -2.882650 0.153060 0.275510
ECO06604 -3.219390 0.244900 0.000000
ECO07765 -3.250000 0.183670 inf
ECO07872 -3.250000 0.275510 0.000000
ECO02199 -3.250000 0.306120 -0.030610
ECO04264 -3.250000 0.336730 0.000000
ECO03396 -3.250000 0.153060 inf
ECO11288 -3.005100 0.153060 0.000000
ECO05093 -3.250000 0.122450 inf
ECO02392 -2.790820 0.091840 0.000000
ECO02538 -3.188780 0.306130 0.030610
ECO00734 -3.219390 0.183680 0.000000
ECO02755 -3.219390 0.122450 inf
ECO08805 -3.250000 0.336730 0.000000
ECO12486 -3.250000 0.306120 -0.030610
ECO04793 -3.250000 0.306120 0.000000
ECO09246 -3.250000 0.214290 inf
ECO06388 -3.250000 0.428570 0.000000
ECO08360 -3.219390 0.336740 0.000000
ECO03730 -3.250000 0.153060 0.000000
ECO08374 -3.005100 0.244900 0.091840
ECO03937 -3.096940 0.183670 0.000000
ECO02451 -3.219390 0.275510 0.000000
ECO02944 -3.005100 0.183670 0.000000
ECO08574 -3.250000 0.183670 inf
ECO06093 -2.698980 0.091840 0.000000
ECO07808 -3.250000 0.183670 inf
ECO08676 -3.188780 0.244900 0.000000
ECO02399 -3.250000 0.153060 inf
ECO11606 -3.250000 0.091840 0.000000
ECO11174 -3.158160 0.183670 0.061230
ECO04289 -3.005100 0.153060 0.000000
ECO00545 -3.250000 0.183670 inf
ECO05918 -3.219390 0.153060 0.000000
ECO11067 -3.250000 0.183670 inf
ECO04757 -3.096940 0.306120 0.000000
ECO04982 -3.158160 0.275510 0.030620
ECO08969 -3.250000 0.244900 0.000000
ECO12368 -3.066330 0.214290 0.122450
ECO04064 -3.250000 0.214290 0.000000
ECO10080 -3.250000 0.122450 inf
ECO10480 -3.219390 0.306120 0.000000
ECO08101 -3.066330 0.214290 0.122450
ECO05675 -3.035710 0.183670 0.000000
ECO11782 -3.219390 0.183680 0.000000
ECO05207 -3.250000 0.214290 0.000000
ECO05586 -3.250000 0.275510 -0.030610
ECO07965 -3.127550 0.153060 0.000000
ECO05382 -3.250000 0.306120 -0.030610
ECO07254 -3.250000 0.183670 0.000000
ECO04689 -3.250000 0.275510 -0.030610
ECO02953 -3.250000 0.122450 0.000000
ECO06336 -3.250000 0.214290 inf
ECO05118 -3.250000 0.244900 0.000000
ECO12025 -3.250000 0.214290 inf
ECO07147 -3.250000 0.275510 0.000000
ECO11313 -3.250000 0.244900 inf
ECO08326 -3.250000 0.214290 0.000000
ECO02242 -3.250000 0.244900 -0.030610
ECO06961 -3.250000 0.214290 0.000000
ECO02710 -3.066330 0.122450 0.122450
ECO05800 -3.250000 0.153060 0.000000
ECO02574 -3.250000 0.244900 -0.030610
ECO04366 -3.250000 0.153060 0.000000
ECO08317 -3.250000 0.122450 inf
ECO07331 -3.250000 0.153060 0.000000
ECO11169 -3.127550 0.244900 0.061230
ECO09603 -3.250000 0.183670 0.000000
ECO09110 -3.250000 0.306120 -0.030610
ECO12373 -3.250000 0.275510 0.000000
ECO02885 -2.821430 0.306120 0.091840
ECO02124 -3.158160 0.244890 0.000000
ECO04804 -2.668370 0.122450 0.214280
ECO08347 -3.250000 0.244900 0.000000
ECO06757 -3.188780 0.153070 0.030610
ECO08598 -3.250000 0.275510 0.000000
ECO03259 -3.250000 0.275510 -0.030610
ECO06258 -3.250000 0.244900 0.000000
ECO06603 -3.188780 0.244900 0.030610
ECO09518 -3.219390 0.153060 0.000000
ECO01421 -3.250000 0.153060 inf
ECO07008 -3.066330 0.214290 0.000000
ECO12629 -3.250000 0.183670 inf
ECO01259 -3.188780 0.275510 0.000000
ECO10569 -3.158160 0.214280 0.061230
ECO08530 -3.250000 0.153060 0.000000
ECO03034 -3.250000 0.153060 inf
ECO03204 -3.250000 0.030610 0.000000
ECO09547 -3.250000 0.183670 inf
ECO05889 -3.250000 0.153060 0.000000
ECO04854 -3.188780 0.244900 0.030610
ECO12093 -2.821430 0.244900 0.000000
ECO09254 -3.127550 0.244900 0.061230
ECO08841 -3.250000 0.153060 0.000000
ECO03897 -3.188780 0.244900 0.030610
ECO04417 -3.250000 0.153060 0.000000
ECO04386 -3.250000 0.244900 -0.030610
ECO12347 -3.188780 0.244900 0.000000
ECO12360 -3.250000 0.306120 -0.030610
ECO07994 -3.250000 0.275510 0.000000
ECO10083 -3.250000 0.091840 inf
ECO06726 -2.882650 0.122450 0.000000
ECO03936 -3.096940 0.306120 0.091840
ECO03463 -3.250000 0.183670 0.000000
ECO05301 -3.066330 0.183680 0.122450
ECO01460 -3.096940 0.214290 0.000000
ECO10734 -3.127550 0.306120 0.061230
ECO00242 -2.821430 0.244900 0.000000
ECO06540 -3.250000 0.428570 -0.030610
ECO10501 -3.250000 0.244900 0.000000
ECO00409 -2.852040 0.214280 0.122450
ECO06590 -2.852040 0.183670 0.000000
ECO00723 -3.096940 0.244900 0.091840
ECO10970 -2.943880 0.183680 0.000000
ECO00927 -3.127550 0.244900 0.061230
ECO03429 -3.250000 0.183670 0.000000
ECO08582 -3.127550 0.244900 0.061230
ECO09748 -2.852040 0.091840 0.000000
ECO02545 -3.250000 0.306120 -0.030610
ECO09952 -3.188780 0.214290 0.000000
ECO06608 -3.250000 0.153060 inf
ECO02331 -2.760200 0.275510 0.000000
ECO02846 -3.250000 0.306120 -0.030610
ECO06705 -3.250000 0.214290 0.000000
ECO11999 -3.096940 0.183670 0.091840
ECO04404 -3.250000 0.275510 0.000000
ECO04365 -3.250000 0.061220 inf
ECO08148 -3.219390 0.183680 0.000000
ECO08279 -3.250000 0.183670 inf
ECO03918 -3.250000 0.091840 0.000000
ECO03217 -3.250000 0.091840 inf
ECO11965 -3.250000 0.306120 0.000000
ECO03965 -3.250000 0.397960 -0.030610
ECO08284 -3.250000 0.183670 0.000000
ECO08548 -3.250000 0.244900 -0.030610
ECO11879 -3.250000 0.183670 0.000000
ECO12611 -3.158160 0.183670 0.061230
ECO03264 -3.035710 0.306120 0.000000
ECO02961 -3.066330 0.030620 0.061220
ECO04540 -3.127550 0.244900 0.000000
ECO11756 -3.005100 0.153060 0.183680
ECO09309 -2.882650 0.244890 0.000000
ECO04663 -3.158160 0.336730 0.030620
ECO06880 -3.250000 0.183670 0.000000
ECO07850 -3.158160 0.275510 0.030620
ECO09688 -3.250000 0.214290 0.000000
ECO05042 -2.790820 0.122450 0.244890
ECO07416 -3.219390 0.183680 0.000000
ECO05199 -3.066330 0.183680 0.122450
ECO05408 -2.913270 0.244900 0.000000
ECO05442 -3.250000 0.183670 inf
ECO10957 -3.035710 0.214280 0.000000
ECO07280 -3.250000 0.183670 inf
ECO06778 -3.250000 0.275510 0.000000
ECO11321 -3.250000 0.183670 inf
ECO11287 -2.821430 0.244900 0.000000
ECO11025 -3.158160 0.214280 0.061230
ECO02268 -3.250000 0.214290 0.000000
ECO11250 -3.158160 0.459180 0.000000
ECO02859 -3.250000 0.214290 0.000000
ECO01332 -3.005100 0.153060 0.153060
ECO11722 -3.158160 0.367340 0.000000
ECO08158 -3.035710 0.275510 0.091840
ECO05900 -3.250000 0.306120 0.000000
ECO09069 -3.250000 0.153060 inf
ECO09962 -3.188780 0.244900 0.000000
ECO09269 -3.250000 0.214290 inf
ECO09176 -3.250000 0.275510 0.000000
ECO03828 -3.250000 0.091840 inf
ECO02160 -3.188780 0.214290 0.000000
ECO03635 -3.250000 0.091840 inf
ECO06086 -3.250000 0.244900 0.000000
ECO03639 -3.250000 0.153060 inf
ECO11049 -3.188780 0.275510 0.000000
ECO05100 -3.127550 0.244900 0.061230
ECO07797 -3.250000 0.153060 0.000000
ECO08465 -3.188780 0.214290 0.030610
ECO04907 -3.250000 0.122450 0.000000
ECO12214 -2.913270 0.244900 0.091830
ECO10541 -3.250000 0.183670 0.000000
ECO09337 -2.974490 0.489800 0.091840
ECO04614 -3.250000 0.244900 0.000000
ECO08469 -3.250000 0.183670 inf
ECO07983 -3.250000 0.122450 0.000000
ECO07976 -3.188780 0.183680 0.030610
ECO05593 -3.127550 0.306120 0.000000
ECO05218 -3.250000 0.214290 inf
ECO05014 -3.250000 0.091840 0.000000
ECO09455 -3.250000 0.367350 -0.030610
ECO04839 -3.096940 0.214290 0.000000
ECO08851 -3.250000 0.153060 inf
ECO03614 -2.943880 0.153060 0.000000
ECO04239 -3.005100 0.183670 0.153060
ECO06579 -3.250000 0.183670 0.000000
ECO05325 -3.250000 0.336730 -0.030610
ECO03435 -3.250000 0.275510 0.000000
ECO00470 -3.127550 0.214280 0.061230
ECO05232 -3.066330 0.244900 0.000000
ECO05039 -3.250000 0.275510 -0.030610
ECO11907 -3.219390 0.183680 0.000000
ECO01674 -3.127550 0.122450 0.061230
ECO11320 -3.250000 0.336730 0.000000
ECO08376 -3.250000 0.153060 inf
ECO02342 -3.035710 0.244890 0.000000
ECO02635 -3.250000 0.275510 -0.030610
ECO02367 -3.250000 0.183670 0.000000
ECO04900 -3.250000 0.306120 -0.030610
ECO01928 -3.250000 0.183670 0.000000
ECO02378 -3.250000 0.214290 inf
ECO12679 -3.127550 0.214280 0.000000
ECO02464 -3.250000 0.306120 -0.030610
ECO03379 -3.035710 0.153060 0.000000
ECO08123 -3.250000 0.183670 inf
ECO08895 -3.250000 0.122450 0.000000
ECO04688 -3.250000 0.214290 inf
ECO07166 -3.066330 0.306130 0.000000
ECO03373 -3.250000 0.275510 -0.030610
ECO04813 -2.637760 0.091840 0.000000
ECO07219 -3.250000 0.306120 -0.030610
ECO05498 -3.250000 0.214290 0.000000
ECO04126 -3.250000 0.122450 inf
ECO08821 -3.250000 0.244900 0.000000
ECO06264 -3.250000 0.244900 inf
ECO09302 -3.066330 0.153060 0.000000
ECO09304 -2.668370 0.275510 0.122450
ECO12481 -3.219390 0.275510 0.000000
ECO09997 -3.158160 0.214280 0.061230
ECO10318 -3.035710 0.153060 0.000000
ECO03716 -3.096940 0.214290 0.091840
ECO07460 -3.250000 0.153060 0.000000
ECO10653 -3.250000 0.306120 -0.030610
ECO08495 -2.974490 0.244900 0.000000
ECO02144 -3.127550 0.306120 0.061230
ECO07946 -3.096940 0.183670 0.000000
ECO03465 -3.250000 0.244900 -0.030610
ECO10467 -2.974490 0.153060 0.000000
ECO10874 -3.250000 0.091840 inf
ECO08223 -3.250000 0.183670 0.000000
ECO00237 -2.668370 0.244900 0.122450
ECO08902 -3.250000 0.153060 0.000000
ECO04288 -3.250000 0.244900 -0.030610
ECO04279 -3.250000 0.183670 0.000000
ECO06351 -3.250000 0.306120 -0.030610
ECO04281 -3.250000 0.275510 0.000000
ECO04179 -3.250000 0.091840 inf
ECO10674 -3.250000 0.214290 0.000000
ECO04581 -3.219390 0.306120 0.000000
ECO05951 -3.250000 0.306120 0.000000
ECO07123 -3.250000 0.214290 inf
ECO05158 -3.250000 0.153060 0.000000
ECO11774 -3.250000 0.244900 inf
ECO03986 -2.974490 0.153060 0.000000
ECO06530 -2.882650 0.183670 0.244900
ECO09697 -3.127550 0.244900 0.000000
ECO07830 -3.035710 0.183670 0.091840
ECO11772 -3.250000 0.214290 0.000000
ECO05458 -3.250000 0.367350 -0.030610
ECO10304 -3.158160 0.336730 0.000000
ECO06060 -3.005100 0.306120 0.091840
ECO10975 -3.096940 0.214290 0.000000
ECO00614 -3.250000 0.214290 inf
ECO10767 -3.219390 0.214290 0.000000
ECO05360 -3.250000 0.214290 inf
ECO07223 -3.250000 0.122450 0.000000
ECO08323 -3.188780 0.244900 0.030610
ECO12374 -3.250000 0.153060 0.000000
ECO05660 -2.974490 0.153060 0.183670
ECO05758 -3.250000 0.183670 0.000000
ECO03279 -3.127550 0.275510 0.061230
ECO03479 -3.250000 0.397960 0.000000
ECO02686 -3.188780 0.183680 0.030610
ECO08225 -3.250000 0.336730 0.000000
ECO05860 -2.852040 0.214280 0.122450
ECO02967 -3.127550 0.336730 0.000000
ECO12525 -3.096940 0.244900 0.091840
ECO12446 -3.250000 0.306120 0.000000
ECO11158 -2.882650 0.153060 0.183680
ECO06720 -3.250000 0.214290 0.000000
ECO11748 -3.096940 0.183670 0.122450
ECO00854 -2.913270 0.244900 0.000000
ECO05047 -2.943880 0.153060 0.183670
ECO09657 -3.005100 0.153060 0.000000
ECO02726 -3.096940 0.244900 0.091840
ECO05298 -3.250000 0.214290 0.000000
ECO08885 -3.250000 0.183670 inf
ECO11798 -3.250000 0.153060 0.000000
ECO06420 -3.250000 0.275510 -0.030610
ECO04362 -3.250000 0.214290 0.000000
ECO08592 -3.250000 0.153060 inf
ECO11855 -3.250000 0.153060 0.000000
ECO05191 -2.943880 0.122450 0.214280
ECO00054 -3.219390 0.306120 0.000000
ECO06470 -3.250000 0.275510 -0.030610
ECO03955 -2.760200 0.153060 0.000000
ECO09764 -3.250000 0.153060 inf
ECO09678 -3.250000 0.153060 0.000000
ECO04755 -3.250000 0.061220 inf
ECO04598 -3.127550 0.306120 0.000000
ECO00861 -3.250000 0.244900 inf
ECO03126 -3.158160 0.367340 0.000000
ECO06613 -3.096940 0.153060 0.091840
ECO11447 -3.250000 0.367350 0.000000
ECO05134 -2.943880 0.153060 0.183670
ECO05884 -3.250000 0.244900 0.000000
ECO00990 -2.974490 0.183670 0.122450
ECO09685 -3.250000 0.397960 0.000000
ECO08192 -3.250000 0.153060 inf
ECO05327 -2.607140 0.091830 0.000000
ECO05920 -3.250000 0.122450 inf
ECO00004 -2.943880 0.214290 0.000000
ECO07806 -3.188780 0.214290 0.030610
ECO06070 -3.250000 0.214290 0.000000
ECO10564 -3.005100 0.153060 0.183680
ECO00061 -3.250000 0.122450 0.000000
ECO11561 -3.219390 0.489800 -0.030610
ECO06956 -2.729590 0.306120 0.000000
ECO03769 -3.250000 0.306120 -0.030610
ECO11709 -3.250000 0.153060 0.000000
ECO12444 -2.637760 0.275520 0.122440
ECO03905 -3.250000 0.306120 0.000000
ECO08728 -3.250000 0.153060 inf
ECO02326 -3.005100 0.275510 0.000000
ECO01690 -2.698980 0.275510 0.122450
ECO02833 -3.158160 0.153060 0.000000
ECO09228 -3.096940 0.214290 0.091840
ECO05970 -2.943880 0.122450 0.000000
ECO06077 -3.250000 0.091840 inf
ECO03212 -3.250000 0.214290 0.000000
ECO10614 -3.250000 0.183670 inf
ECO06763 -3.035710 0.183670 0.000000
ECO05438 -3.096940 0.244900 0.091840
ECO02269 -3.250000 0.244900 0.000000
ECO06364 -3.250000 0.153060 inf
ECO11770 -3.250000 0.306120 0.000000
ECO03917 -3.250000 0.091840 inf
ECO11661 -3.250000 0.397960 0.000000
ECO00424 -2.698980 0.244900 0.122450
ECO09333 -3.250000 0.122450 0.000000
ECO08452 -3.250000 0.244900 inf
ECO00117 -3.250000 0.489800 0.000000
ECO08375 -3.250000 0.306120 -0.030610
ECO11018 -3.188780 0.244900 0.000000
ECO12533 -3.250000 0.183670 inf
ECO00457 -3.127550 0.214280 0.000000
ECO11353 -3.005100 0.183670 0.183680
ECO02359 -3.219390 0.428570 0.000000
ECO02457 -3.250000 0.153060 inf
ECO02466 -3.250000 0.183670 0.000000
ECO09052 -3.219390 0.214290 inf
ECO05678 -3.250000 0.153060 0.000000
ECO03159 -3.188780 0.091840 0.030610
ECO04206 -3.250000 0.275510 0.000000
ECO12524 -3.127550 0.183670 0.061230
ECO04738 -3.250000 0.336730 0.000000
ECO00194 -2.760200 0.306120 0.122450
ECO04508 -3.066330 0.214290 0.000000
ECO05592 -3.250000 0.183670 inf
ECO03747 -3.250000 0.122450 0.000000
ECO10565 -3.250000 0.122450 inf
ECO07796 -3.250000 0.244900 0.000000
ECO04387 -3.188780 0.244900 0.030610
ECO03318 -3.250000 0.153060 0.000000
ECO06955 -3.250000 0.183670 inf
ECO08191 -3.250000 0.214290 0.000000
ECO09234 -3.250000 0.367350 -0.030610
ECO10519 -3.250000 0.214290 0.000000
ECO04150 -3.250000 0.122450 inf
ECO05657 -2.913270 0.122450 0.000000
ECO11607 -3.250000 0.214290 inf
ECO06238 -3.250000 0.214290 0.000000
ECO04983 -3.250000 0.122450 inf
ECO05020 -3.066330 0.183680 0.000000
ECO03197 -3.250000 0.306120 -0.030610
ECO06256 -3.250000 0.275510 0.000000
ECO12162 -3.188780 0.244900 0.030610
ECO06892 -3.158160 0.244890 0.000000
ECO09093 -3.250000 0.183670 inf
ECO06827 -3.127550 0.122450 0.000000
ECO10136 -3.250000 0.153060 inf
ECO07108 -3.219390 0.367350 0.000000
ECO06591 -2.852040 0.122450 0.306120
ECO09336 -3.250000 0.183670 0.000000
ECO06710 -3.250000 0.397960 -0.030610
ECO00957 -3.096940 0.214290 0.000000
ECO06124 -3.250000 0.030610 inf
ECO08047 -3.250000 0.244900 0.000000
ECO10719 -2.852040 0.244900 0.122450
ECO10035 -3.250000 0.091840 0.000000
ECO03048 -3.250000 0.122450 inf
ECO02384 -3.250000 0.183670 0.000000
ECO05103 -3.219390 0.336740 0.000000
ECO05389 -3.250000 0.367350 0.000000
ECO10787 -3.127550 0.153060 0.091840
ECO09366 -3.250000 0.214290 0.000000
ECO09315 -3.250000 0.244900 inf
ECO09784 -3.158160 0.306120 0.000000
ECO00389 -3.127550 0.306120 0.061230
ECO05355 -3.127550 0.306120 0.000000
ECO12507 -3.219390 0.183680 inf
ECO11249 -3.250000 0.214290 0.000000
ECO06819 -3.127550 0.306120 0.061230
ECO03320 -3.250000 0.306120 0.000000
ECO00912 -2.821430 0.244900 0.122450
ECO07755 -3.219390 0.153060 0.000000
ECO09733 -2.637760 0.244900 0.122440
ECO07912 -3.250000 0.183670 0.000000
ECO08447 -2.790820 0.122450 0.244890
ECO02964 -2.821430 0.153060 0.000000
ECO05956 -3.250000 0.183670 inf
ECO06026 -3.250000 0.214290 0.000000
ECO05292 -3.188780 0.183680 0.030610
ECO01712 -3.250000 0.214290 0.000000
ECO09099 -3.250000 0.244900 inf
ECO06241 -3.219390 0.183680 0.000000
ECO03033 -3.250000 0.153060 inf
ECO08431 -3.127550 0.214280 0.000000
ECO08996 -3.188780 0.183680 0.030610
ECO02711 -3.250000 0.244900 0.000000
ECO02675 -3.250000 0.153060 inf
ECO02418 -3.066330 0.275510 0.000000
ECO10536 -3.219390 0.183680 0.000000
ECO10871 -3.250000 0.275510 0.000000
ECO00139 -2.943880 0.244900 0.091830
ECO08345 -3.250000 0.306120 0.000000
ECO11323 -3.250000 0.214290 inf
ECO06991 -3.250000 0.306120 0.000000
ECO08414 -2.943880 0.244900 0.122450
ECO02018 -3.158160 0.183670 0.000000
ECO08745 -2.913270 0.214290 0.091830
ECO04687 -2.515310 0.091840 0.000000
ECO05773 -3.250000 0.183670 inf
ECO02629 -3.250000 0.397960 0.000000
ECO12583 -3.250000 0.214290 inf
ECO09493 -3.066330 0.336740 0.000000
ECO06962 -2.943880 0.122450 0.214280
ECO04084 -3.096940 0.214290 0.000000
ECO02212 -2.882650 0.122450 0.214290
ECO02847 -3.250000 0.183670 0.000000
ECO10068 -3.250000 0.122450 inf
ECO06724 -3.250000 0.336730 0.000000
ECO04384 -3.250000 0.214290 inf
ECO08013 -3.250000 0.244900 0.000000
ECO10236 -3.250000 0.122450 inf
ECO06575 -2.913270 0.153070 0.000000
ECO08329 -3.250000 0.244900 -0.030610
ECO01643 -3.250000 0.153060 0.000000
ECO03015 -3.250000 0.275510 -0.030610
ECO12480 -3.250000 0.336730 0.000000
ECO03705 -3.219390 0.214290 0.000000
ECO13577 -3.219390 0.214290 0.000000
ECO08256 -3.127550 0.214280 0.061230
ECO03176 -3.250000 0.428570 0.000000
ECO03362 -3.188780 0.306130 0.030610
ECO03631 -3.158160 0.244890 0.000000
ECO04836 -3.250000 0.244900 inf
ECO04436 -3.250000 0.244900 0.000000
ECO09817 -3.035710 0.244890 0.091840
ECO09782 -3.250000 0.183670 0.000000
ECO06624 -3.250000 0.367350 -0.030610
ECO10303 -3.250000 0.275510 0.000000
ECO07710 -3.250000 0.367350 -0.030610
ECO06373 -2.974490 0.153060 0.000000
ECO00357 -3.250000 0.244900 inf
ECO06122 -3.250000 0.153060 0.000000
ECO12046 -3.250000 0.275510 -0.030610
ECO05003 -3.250000 0.153060 0.000000
ECO08266 -3.158160 0.153060 0.061230
ECO00871 -3.035710 0.244890 0.000000
ECO11808 -3.188780 0.244900 0.030610
ECO04715 -3.250000 0.183670 0.000000
ECO08761 -2.974490 0.244900 0.122450
ECO09961 -3.219390 0.153060 0.000000
ECO04145 -3.219390 0.061230 inf
ECO08089 -3.188780 0.244900 0.000000
ECO11738 -3.250000 0.275510 -0.030610
ECO12015 -3.250000 0.244900 0.000000
ECO10538 -3.250000 0.153060 inf
ECO04522 -3.250000 0.244900 0.000000
ECO04922 -3.250000 0.061220 inf
ECO07959 -3.250000 0.214290 0.000000
ECO09438 -3.250000 0.275510 -0.030610
ECO10731 -3.219390 0.214290 0.000000
ECO05494 -3.188780 0.336740 0.000000
ECO10138 -3.188780 0.183680 0.000000
ECO05217 -3.066330 0.183680 0.122450
ECO04315 -3.250000 0.244900 0.000000
ECO00873 -3.096940 0.275510 0.061220
ECO09361 -3.096940 0.214290 0.000000
ECO00001 -3.066330 0.214290 0.122450
ECO09931 -3.219390 0.214290 0.000000
ECO09761 -3.250000 0.275510 -0.030610
ECO12317 -3.250000 0.336730 0.000000
ECO12508 -3.250000 0.183670 inf
ECO02452 -3.250000 0.336730 0.000000
ECO04245 -3.250000 0.336730 -0.030610
ECO12417 -3.250000 0.244900 0.000000
ECO02950 -3.250000 0.244900 inf
ECO05224 -3.158160 0.275510 0.000000
ECO03045 -2.913270 0.122450 0.214280
ECO03052 -3.250000 0.306120 0.000000
ECO08568 -3.250000 0.122450 inf
ECO08272 -2.974490 0.183670 0.000000
ECO02005 -2.974490 0.275510 0.091840
ECO12285 -2.545920 0.122450 0.000000
ECO10142 -3.219390 0.306120 0.000000
ECO02905 -3.250000 0.091840 0.000000
ECO02139 -3.188780 0.183680 0.030610
ECO04616 -3.250000 0.336730 0.000000
ECO08367 -3.250000 0.183670 inf
ECO07967 -3.250000 0.275510 0.000000
ECO09360 -2.882650 0.122450 0.214290
ECO09739 -3.250000 0.306120 0.000000
ECO03137 -3.250000 0.091840 inf
ECO02458 -3.250000 0.183670 0.000000
ECO02744 -3.035710 0.183670 0.091840
ECO06895 -3.188780 0.275510 0.000000
ECO08467 -3.005100 0.153060 0.183680
ECO08074 -3.219390 0.244900 0.000000
ECO08260 -3.250000 0.244900 inf
ECO12609 -3.250000 0.183670 0.000000
ECO11233 -3.188780 0.183680 0.030610
ECO12516 -3.250000 0.275510 0.000000
ECO02365 -3.250000 0.183670 inf
ECO12523 -2.821430 0.275510 0.000000
ECO12623 -3.250000 0.183670 inf
ECO12602 -3.250000 0.214290 0.000000
ECO03537 -3.250000 0.061220 inf
ECO03430 -3.035710 0.244890 0.000000
ECO06881 -3.250000 0.183670 inf
ECO05316 -3.127550 0.244900 0.000000
ECO12249 -3.250000 0.153060 inf
ECO00805 -3.250000 0.336730 0.000000
ECO11639 -3.127550 0.336730 0.061230
ECO04290 -3.250000 0.122450 0.000000
ECO11883 -3.250000 0.153060 inf
ECO12006 -3.188780 0.183680 0.000000
ECO04011 -3.250000 0.214290 inf
ECO10529 -2.821430 0.122450 0.000000
ECO03054 -3.250000 0.061220 inf
ECO09870 -2.882650 0.122450 0.000000
ECO01312 -2.943880 0.244900 0.122450
ECO04756 -3.250000 0.153060 0.000000
ECO12548 -3.250000 0.183670 inf
ECO09978 -3.096940 0.244900 0.000000
ECO03112 -2.821430 0.122450 0.275510
ECO02226 -3.250000 0.214290 0.000000
ECO02469 -3.250000 0.275510 -0.030610
ECO02383 -3.250000 0.214290 0.000000
ECO03679 -3.250000 0.061220 inf
ECO12551 -3.250000 0.183670 0.000000
ECO12081 -3.250000 0.153060 inf
ECO01707 -3.035710 0.244890 0.000000
ECO02207 -3.250000 0.244900 -0.030610
ECO04858 -3.096940 0.306120 0.000000
ECO08325 -3.250000 0.275510 -0.030610
ECO08132 -3.250000 0.244900 0.000000
ECO00920 -2.943880 0.183680 0.122450
ECO08683 -3.250000 0.244900 0.000000
ECO08390 -3.250000 0.275510 inf
ECO00881 -2.668370 0.122450 0.000000
ECO11495 -3.096940 0.244900 0.091840
ECO06986 -3.250000 0.306120 0.000000
ECO11807 -3.250000 0.183670 inf
ECO03203 -3.005100 0.244900 0.000000
ECO02335 -3.250000 0.306120 -0.030610
ECO12675 -3.250000 0.183670 0.000000
ECO00970 -3.250000 0.183670 inf
ECO00677 -3.066330 0.244900 0.000000
ECO01867 -3.219390 0.244900 0.000000
ECO12557 -3.250000 0.183670 0.000000
ECO05893 -3.250000 0.153060 inf
ECO12568 -3.219390 0.244900 0.000000
ECO03728 -3.250000 0.244900 -0.030610
ECO06654 -3.250000 0.183670 0.000000
ECO12518 -3.127550 0.183670 0.061230
ECO09687 -3.188780 0.214290 0.000000
ECO04848 -3.096940 0.214290 0.091840
ECO12334 -2.790820 0.122450 0.000000
ECO02433 -3.250000 0.214290 inf
ECO03319 -3.250000 0.214290 0.000000
ECO10976 -3.035710 0.153060 0.153070
ECO11479 -3.250000 0.397960 0.000000
ECO08617 -3.250000 0.183670 inf
ECO09803 -3.066330 0.275510 0.000000
ECO08424 -3.250000 0.183670 inf
ECO10675 -2.852040 0.122450 0.000000
ECO08024 -3.250000 0.275510 -0.030610
ECO04073 -3.250000 0.336730 0.000000
ECO04966 -3.250000 0.153060 inf
ECO05759 -3.250000 0.244900 0.000000
ECO02801 -3.250000 0.183670 inf
ECO08410 -3.250000 0.153060 0.000000
ECO09217 -3.250000 0.244900 -0.030610
ECO02394 -3.250000 0.153060 0.000000
ECO02355 -3.250000 0.244900 -0.030610
ECO02287 -3.250000 0.183670 0.000000
ECO02138 -3.158160 0.275510 0.061230
ECO09575 -3.250000 0.122450 0.000000
ECO02840 -2.974490 0.214290 0.122450
ECO02406 -3.250000 0.244900 0.000000
ECO01938 -2.943880 0.244900 0.122450
ECO05417 -2.943880 0.336740 0.000000
ECO02843 -3.250000 0.214290 inf
ECO12510 -3.219390 0.244900 0.000000
ECO08168 -3.250000 0.122450 inf
ECO00980 -3.250000 0.183670 0.000000
ECO03545 -3.250000 0.275510 -0.030610
ECO07189 -3.250000 0.183670 0.000000
ECO02745 -3.250000 0.183670 inf
ECO02459 -3.250000 0.244900 0.000000
ECO11897 -3.250000 0.306120 -0.030610
ECO12467 -3.035710 0.183670 0.000000
ECO02391 -3.250000 0.153060 inf
ECO05769 -3.219390 0.214290 0.000000
ECO03361 -3.250000 0.367350 -0.030610
ECO06012 -3.250000 0.336730 0.000000
ECO00655 -2.698980 0.275510 0.122450
ECO05910 -3.250000 0.153060 0.000000
ECO12535 -3.250000 0.183670 inf
ECO03102 -3.250000 0.122450 0.000000
ECO09050 -2.882650 0.183670 0.244900
ECO12292 -3.219390 0.275510 0.000000
ECO06846 -3.188780 0.275510 0.030610
ECO02409 -3.250000 0.336730 0.000000
ECO09495 -3.158160 0.336730 0.030620
ECO03179 -3.250000 0.091840 0.000000
ECO04981 -3.250000 0.122450 inf
ECO08401 -3.250000 0.183670 0.000000
ECO04964 -3.250000 0.306120 -0.030610
ECO12668 -3.250000 0.183670 0.000000
ECO00420 -3.219390 0.183680 inf
ECO05818 -3.158160 0.183670 0.000000
ECO02167 -3.158160 0.244890 0.061230
ECO12475 -3.250000 0.122450 0.000000
ECO12300 -3.250000 0.183670 inf
ECO05468 -3.188780 0.306130 0.000000
ECO11714 -3.250000 0.122450 inf
ECO02135 -3.158160 0.244890 0.000000
ECO03353 -3.158160 0.397960 0.030620
ECO02485 -3.250000 0.397960 0.000000
ECO12632 -3.250000 0.244900 -0.030610
ECO12582 -3.250000 0.183670 0.000000
ECO04621 -3.250000 0.183670 inf
ECO02467 -3.035710 0.214280 0.000000
ECO12651 -3.250000 0.275510 -0.030610
ECO05762 -3.250000 0.183670 0.000000
ECO06695 -3.250000 0.214290 inf
ECO09394 -3.250000 0.275510 0.000000
ECO04021 -3.250000 0.336730 -0.030610
ECO11563 -3.250000 0.275510 0.000000
ECO09725 -3.127550 0.244900 0.061230
ECO05481 -3.158160 0.306120 0.000000
ECO06762 -3.219390 0.244900 0.000000
ECO09929 -3.250000 0.275510 0.000000
ECO04713 -3.250000 0.306120 -0.030610
ECO04990 -3.096940 0.183670 0.000000
ECO04784 -3.250000 0.183670 inf
ECO08813 -3.250000 0.214290 0.000000
ECO06706 -3.005100 0.183670 0.153060
ECO12063 -3.250000 0.306120 0.000000
ECO06392 -2.974490 0.153060 0.183670
ECO01861 -3.096940 0.275510 0.000000
ECO09064 -3.250000 0.214290 inf
ECO03347 -3.250000 0.122450 0.000000
ECO12513 -3.250000 0.244900 -0.030610
ECO08863 -3.127550 0.061220 0.000000
ECO10586 -3.158160 0.306120 0.030620
ECO09250 -3.250000 0.214290 0.000000
ECO05420 -3.250000 0.275510 -0.030610
ECO11812 -3.188780 0.275510 0.000000
ECO10500 -3.005100 0.214280 0.153060
ECO02662 -3.250000 0.122450 0.000000
ECO03969 -3.250000 0.153060 inf
ECO04484 -3.250000 0.306120 0.000000
ECO11762 -3.250000 0.306120 -0.030610
ECO08963 -3.250000 0.183670 0.000000
ECO11776 -3.250000 0.153060 inf
ECO10400 -3.188780 0.214290 0.000000
ECO10550 -3.005100 0.214280 0.153060
ECO02398 -3.219390 0.244900 0.000000
ECO02698 -3.250000 0.214290 inf
ECO04133 -3.066330 0.275510 0.000000
ECO07977 -2.362240 0.306120 0.153070
ECO08264 -3.158160 0.214280 0.000000
ECO00526 -3.035710 0.336730 0.091840
ECO05755 -3.250000 0.214290 0.000000
ECO12612 -3.250000 0.214290 inf
ECO05506 -3.066330 0.183680 0.000000
ECO05470 -3.158160 0.244890 0.061230
ECO02514 -3.250000 0.428570 0.000000
ECO10015 -2.882650 0.122450 0.214290
ECO02328 -3.250000 0.153060 0.000000
ECO12561 -3.250000 0.306120 -0.030610
ECO11491 -3.158160 0.306120 0.000000
ECO00776 -2.852040 0.214280 0.122450
ECO10435 -2.852040 0.122450 0.000000
ECO05605 -3.250000 0.153060 inf
ECO03098 -3.250000 0.091840 0.000000
ECO02361 -2.790820 0.306130 0.122450
ECO02348 -3.250000 0.367350 0.000000
ECO09976 -3.250000 0.214290 -0.030610
ECO07802 -3.188780 0.091840 0.000000
ECO05879 -3.250000 0.214290 inf
ECO11753 -3.250000 0.336730 0.000000
ECO04349 -3.096940 0.244900 0.091840
ECO11599 -3.158160 0.214280 0.000000
ECO08623 -3.250000 0.214290 inf
ECO11247 -3.250000 0.183670 0.000000
ECO11751 -3.250000 0.214290 inf
ECO08653 -3.250000 0.214290 0.000000
ECO05385 -3.250000 0.183670 inf
ECO00069 -3.188780 0.183680 0.000000
ECO05426 -3.250000 0.244900 -0.030610
ECO08357 -3.158160 0.244890 0.000000
ECO03847 -3.250000 0.183670 inf
ECO03809 -2.698980 0.122450 0.000000
ECO04309 -3.250000 0.122450 inf
ECO00210 -3.250000 0.153060 0.000000
ECO02718 -3.250000 0.153060 inf
ECO03518 -3.035710 0.214280 0.000000
ECO03118 -3.250000 0.214290 inf
ECO11552 -3.250000 0.122450 0.000000
ECO05681 -3.250000 0.428570 -0.061220
ECO10576 -3.188780 0.275510 0.000000
ECO05381 -3.127550 0.214280 0.061230
ECO12402 -3.219390 0.061230 0.000000
ECO06964 -2.637760 0.122450 0.275510
ECO09963 -2.790820 0.244900 0.000000
ECO08493 -3.250000 0.122450 inf
ECO05785 -3.035710 0.306120 0.000000
ECO04930 -3.250000 0.214290 inf
ECO03258 -3.250000 0.183670 0.000000
ECO04560 -3.250000 0.061220 inf
ECO05819 -3.250000 0.275510 0.000000
ECO06062 -3.005100 0.275510 0.091840
ECO03987 -3.250000 0.122450 0.000000
ECO02887 -3.158160 0.214280 0.061230
ECO11196 -2.913270 0.244900 0.000000
ECO06902 -3.250000 0.214290 inf
ECO05826 -3.158160 0.306120 0.000000
ECO08198 -3.250000 0.183670 inf
ECO06728 -3.219390 0.244900 0.000000
ECO02318 -2.607140 0.122450 0.214290
ECO10606 -3.250000 0.367350 0.000000
ECO05832 -3.250000 0.244900 -0.030610
ECO05926 -3.250000 0.244900 0.000000
ECO01439 -3.035710 0.244890 0.091840
ECO08064 -3.219390 0.244900 0.000000
ECO04556 -3.096940 0.183670 0.091840
ECO11450 -3.250000 0.183670 0.000000
ECO03058 -3.250000 0.122450 inf
ECO10506 -3.250000 0.336730 0.000000
ECO11648 -3.250000 0.244900 -0.030610
ECO06519 -3.035710 0.306120 0.000000
ECO02182 -2.607140 0.091830 0.428570
ECO06085 -3.188780 0.122450 0.000000
ECO09776 -3.127550 0.244900 0.061230
ECO11902 -3.250000 0.061220 0.000000
ECO04409 -3.250000 0.122450 inf
ECO06462 -3.158160 0.214280 0.000000
ECO06221 -3.250000 0.183670 inf
ECO09876 -2.943880 0.122450 0.000000
ECO05060 -3.250000 0.183670 inf
ECO05530 -3.250000 0.336730 0.000000
ECO05526 -3.096940 0.397960 0.061220
ECO04460 -3.219390 0.275510 0.000000
ECO05579 -3.219390 0.367350 -0.030610
ECO08491 -3.250000 0.091840 0.000000
ECO02375 -3.035710 0.275510 0.122450
ECO06651 -3.250000 0.214290 0.000000
ECO06281 -3.250000 0.336730 -0.030610
ECO08102 -3.250000 0.244900 0.000000
ECO07162 -3.188780 0.397960 0.000000
ECO03309 -3.250000 0.183670 0.000000
ECO02237 -3.158160 0.214280 0.061230
ECO04749 -3.158160 0.336730 0.000000
ECO02341 -3.250000 0.061220 inf
ECO02650 -3.096940 0.214290 0.000000
ECO06494 -2.882650 0.091830 0.244900
ECO12615 -3.066330 0.183680 0.000000
ECO02352 -3.096940 0.275510 0.091840
ECO05015 -3.250000 0.153060 0.000000
ECO02653 -3.250000 0.275510 -0.030610
ECO07865 -3.250000 0.153060 0.000000
ECO06619 -3.250000 0.244900 -0.030610
ECO09236 -3.096940 0.306120 0.000000
ECO03418 -3.250000 0.153060 inf
ECO09672 -3.250000 0.153060 0.000000
ECO05290 -3.250000 0.153060 inf
ECO00639 -3.035710 0.275510 0.000000
ECO02984 -3.250000 0.183670 inf
ECO02684 -3.250000 0.214290 0.000000
ECO07855 -2.637760 0.091840 0.367340
ECO06862 -3.250000 0.244900 0.000000
ECO12540 -2.913270 0.183680 0.244890
ECO06585 -3.188780 0.244900 0.000000
ECO01641 -3.188780 0.153070 0.030610
ECO03654 -3.250000 0.153060 0.000000
ECO05419 -3.250000 0.306120 -0.030610
ECO05392 -3.250000 0.306120 0.000000
ECO08091 -3.250000 0.091840 inf
ECO05283 -2.882650 0.122450 0.000000
ECO08057 -3.096940 0.183670 0.091840
ECO10366 -3.250000 0.336730 0.000000
ECO03882 -3.250000 0.244900 inf
ECO01913 -2.882650 0.183670 0.000000
ECO03282 -3.066330 0.214290 0.122450
ECO09447 -3.250000 0.306120 0.000000
ECO03985 -3.005100 0.153060 0.153060
ECO03950 -3.250000 0.122450 0.000000
ECO08715 -3.250000 0.244900 -0.030610
ECO03682 -3.188780 0.612250 0.000000
ECO06240 -3.250000 0.183670 inf
ECO02035 -3.158160 0.183670 0.000000
ECO07202 -3.158160 0.214280 0.061230
ECO11792 -3.250000 0.306120 0.000000
ECO11702 -2.882650 0.122450 0.244900
ECO04109 -3.250000 0.153060 0.000000
ECO08004 -3.250000 0.244900 inf
ECO04568 -3.250000 0.244900 0.000000
ECO11996 -3.250000 0.275510 -0.030610
ECO04317 -3.127550 0.275510 0.000000
ECO08698 -3.250000 0.214290 inf
ECO07094 -3.250000 0.214290 0.000000
ECO03096 -3.250000 0.275510 -0.030610
ECO10401 -3.250000 0.183670 0.000000
ECO03960 -2.637760 0.091840 0.367340
ECO12353 -3.250000 0.153060 0.000000
ECO12653 -3.250000 0.336730 -0.030610
ECO12372 -3.005100 0.183670 0.000000
ECO10395 -3.127550 0.275510 0.061230
ECO08912 -3.250000 0.306120 0.000000
ECO00824 -2.943880 0.214290 0.122450
ECO04985 -3.250000 0.153060 0.000000
ECO11929 -3.250000 0.183670 inf
ECO10452 -3.035710 0.214280 0.000000
ECO06626 -3.250000 0.214290 inf
ECO05503 -3.250000 0.275510 0.000000
ECO08904 -3.005100 0.275510 0.091840
ECO05430 -3.219390 0.367350 0.000000
ECO07751 -3.158160 0.214280 0.061230
ECO08261 -3.250000 0.214290 0.000000
ECO09898 -3.250000 0.306120 -0.030610
ECO11591 -3.250000 0.244900 0.000000
ECO05754 -3.250000 0.275510 -0.030610
ECO05554 -2.882650 0.183670 0.000000
ECO04768 -3.219390 0.336740 0.000000
ECO10001 -3.250000 0.183670 0.000000
ECO09298 -3.188780 0.214290 0.030610
ECO01713 -3.250000 0.275510 0.000000
ECO08312 -3.250000 0.183670 inf
ECO04971 -3.250000 0.336730 0.000000
ECO07729 -3.250000 0.183670 inf
ECO02631 -3.096940 0.183670 0.000000
ECO07712 -3.250000 0.244900 -0.030610
ECO05189 -3.250000 0.306120 0.000000
ECO02882 -3.250000 0.153060 inf
ECO07175 -3.250000 0.183670 0.000000
ECO08909 -2.974490 0.275510 0.122450
ECO05492 -2.974490 0.244900 0.000000
ECO12206 -3.250000 0.214290 inf
ECO09027 -3.250000 0.183670 0.000000
ECO09134 -3.066330 0.214290 0.091830
ECO09427 -3.250000 0.214290 0.000000
ECO05892 -3.250000 0.061220 inf
ECO02977 -3.250000 0.275510 0.000000
ECO07007 -2.852040 0.122450 0.275510
ECO01242 -2.974490 0.244900 0.000000
ECO03681 -3.250000 0.275510 -0.030610
ECO04118 -3.250000 0.091840 0.000000
ECO12011 -3.250000 0.153060 inf
ECO06743 -3.250000 0.183670 0.000000
ECO12212 -2.943880 0.275510 0.122450
ECO11626 -3.096940 0.244900 0.000000
ECO07091 -3.127550 0.275510 0.061230
ECO02162 -3.250000 0.214290 0.000000
ECO07878 -3.250000 0.214290 inf
ECO11375 -3.219390 0.214290 0.000000
ECO04019 -3.250000 0.091840 inf
ECO06272 -3.250000 0.214290 0.000000
ECO03399 -3.250000 0.153060 inf
ECO04068 -3.250000 0.275510 0.000000
ECO06225 -3.219390 0.244900 0.000000
ECO03307 -3.250000 0.214290 0.000000
ECO07553 -3.096940 0.183670 0.122450
ECO05130 -3.250000 0.214290 0.000000
ECO06551 -3.188780 0.275510 0.030610
ECO10025 -3.250000 0.275510 0.000000
ECO02788 -3.188780 0.275510 0.030610
ECO03188 -3.158160 0.214280 0.000000
ECO02707 -3.250000 0.306120 -0.030610
ECO12002 -3.250000 0.183670 0.000000
ECO09548 -3.250000 0.122450 inf
ECO05336 -3.250000 0.153060 0.000000
ECO01988 -3.066330 0.244900 0.091830
ECO12453 -3.035710 0.183670 0.000000
ECO06130 -3.250000 0.214290 inf
ECO04358 -3.035710 0.122440 0.000000
ECO08280 -3.250000 0.244900 inf
ECO05990 -3.127550 0.030610 0.000000
ECO00473 -3.158160 0.214280 0.061230
ECO02714 -3.250000 0.244900 0.000000
ECO08212 -3.250000 0.122450 inf
ECO05522 -3.250000 0.183670 0.000000
ECO02481 -3.250000 0.153060 inf
ECO05386 -2.943880 0.183680 0.000000
ECO02578 -3.250000 0.183670 inf
ECO02395 -3.035710 0.183670 0.000000
ECO00141 -3.250000 0.183670 inf
ECO11474 -3.188780 0.183680 0.000000
ECO00073 -3.127550 0.214280 0.061230
ECO11893 -3.250000 0.244900 0.000000
ECO05553 -3.250000 0.244900 -0.030610
ECO08147 -3.219390 0.244900 0.000000
ECO02246 -3.188780 0.183680 0.030610
ECO05689 -2.392860 0.122450 0.000000
ECO05757 -3.066330 0.183680 0.091830
ECO03132 -3.250000 0.367350 0.000000
ECO03213 -3.250000 0.122450 inf
ECO02664 -2.790820 0.091840 0.000000
ECO05054 -3.158160 0.091830 0.061230
ECO06489 -2.729590 0.122450 0.000000
ECO05671 -3.250000 0.153060 inf
ECO09882 -2.729590 0.091830 0.000000
ECO12545 -3.066330 0.214290 0.091830
ECO08331 -3.250000 0.244900 0.000000
ECO07310 -3.250000 0.428570 -0.061220
ECO11507 -3.250000 0.244900 0.000000
ECO11493 -3.250000 0.244900 -0.030610
ECO03280 -3.250000 0.244900 0.000000
ECO02815 -3.250000 0.183670 inf
ECO02929 -3.250000 0.244900 0.000000
ECO02429 -3.250000 0.275510 -0.030610
ECO08596 -3.250000 0.214290 0.000000
ECO12194 -3.250000 0.091840 inf
ECO04752 -3.096940 0.214290 0.000000
ECO02680 -3.250000 0.244900 -0.030610
ECO04501 -3.250000 0.244900 0.000000
ECO06273 -3.127550 0.061220 0.030610
ECO05673 -3.158160 0.214280 0.000000
ECO12145 -3.066330 0.153060 0.091830
ECO00257 -3.219390 0.183680 0.000000
ECO05538 -3.250000 0.153060 inf
ECO04186 -3.250000 0.397960 0.000000
ECO12578 -3.250000 0.214290 inf
ECO06089 -3.250000 0.153060 0.000000
ECO01343 -3.005100 0.214280 0.091840
ECO11104 -3.066330 0.214290 0.000000
ECO07210 -3.250000 0.122450 inf
ECO08479 -3.250000 0.183670 0.000000
ECO05271 -3.250000 0.183670 inf
ECO08245 -3.035710 0.153060 0.000000
ECO04838 -3.066330 0.244900 0.122450
ECO04452 -3.127550 0.244900 0.000000
ECO07124 -3.250000 0.214290 inf
ECO12029 -3.035710 0.244890 0.000000
ECO04217 -3.250000 0.153060 inf
ECO06008 -3.219390 0.336740 0.000000
ECO07862 -3.250000 0.275510 -0.030610
ECO00322 -2.974490 0.275510 0.000000
ECO02580 -3.096940 0.091840 0.061220
ECO06473 -3.219390 0.214290 0.000000
ECO02881 -3.250000 0.367350 -0.030610
ECO02128 -2.974490 0.244900 0.000000
ECO08011 -3.250000 0.153060 inf
ECO09331 -3.188780 0.275510 0.000000
ECO02996 -3.158160 0.275510 0.030620
ECO04601 -3.250000 0.214290 0.000000
ECO12580 -3.188780 0.183680 0.030610
ECO04652 -3.250000 0.214290 0.000000
ECO04587 -3.250000 0.153060 inf
ECO07910 -3.250000 0.183670 0.000000
ECO05038 -3.250000 0.244900 inf
ECO07024 -3.250000 0.091840 0.000000
ECO03107 -3.158160 0.275510 0.030620
ECO11652 -3.250000 0.183670 0.000000
ECO04610 -3.219390 0.397960 -0.030610
ECO02206 -3.188780 0.367350 0.000000
ECO04933 -3.250000 0.244900 -0.030610
ECO12626 -2.821430 0.122450 0.000000
ECO00705 -3.250000 0.275510 -0.030610
ECO00103 -2.760200 0.275510 0.000000
ECO05517 -3.066330 0.214290 0.122450
ECO08968 -3.219390 0.275510 0.000000
ECO00354 -2.913270 0.214290 0.091830
ECO10017 -3.219390 0.306120 0.000000
ECO03458 -3.250000 0.214290 inf
ECO02337 -3.219390 0.183680 0.000000
ECO10476 -3.096940 0.183670 0.091840
ECO05930 -3.250000 0.306120 0.000000
ECO06532 -3.219390 0.122450 inf
ECO06275 -3.250000 0.367350 0.000000
ECO04803 -3.250000 0.306120 -0.030610
ECO02949 -3.250000 0.183670 0.000000
ECO06526 -3.250000 0.183670 inf
ECO12646 -3.250000 0.367350 0.000000
ECO04654 -3.250000 0.275510 -0.030610
ECO07794 -3.188780 0.153070 0.000000
ECO00860 -3.188780 0.214290 0.030610
ECO06957 -3.250000 0.244900 0.000000
ECO07143 -3.250000 0.183670 inf
ECO11309 -3.250000 0.306120 0.000000
ECO05603 -2.821430 0.122450 0.336730
ECO12497 -3.127550 0.306120 0.000000
ECO06714 -3.096940 0.183670 0.091840
ECO05365 -3.250000 0.275510 0.000000
ECO09920 -3.219390 0.214290 0.000000
ECO06335 -3.188780 0.397960 0.000000
ECO02993 -3.250000 0.183670 inf
ECO10013 -3.250000 0.183670 0.000000
ECO04563 -3.250000 0.336730 -0.030610
ECO04772 -3.158160 0.275510 0.000000
ECO01064 -3.005100 0.183670 0.153060
ECO12097 -3.219390 0.244900 0.000000
ECO09143 -3.066330 0.397960 0.061220
ECO12131 -3.005100 0.306120 0.000000
ECO08607 -3.250000 0.214290 inf
ECO08675 -3.250000 0.091840 0.000000
ECO03731 -3.250000 0.336730 -0.030610
ECO11758 -3.250000 0.153060 0.000000
ECO10090 -3.250000 0.122450 inf
ECO04363 -3.250000 0.275510 0.000000
ECO07548 -3.250000 0.153060 inf
ECO07779 -2.913270 0.306130 0.000000
ECO06958 -3.250000 0.153060 inf
ECO05490 -3.250000 0.214290 0.000000
ECO02693 -3.250000 0.183670 inf
ECO02834 -3.250000 0.336730 0.000000
ECO06510 -3.127550 0.306120 0.061230
ECO12492 -3.219390 0.306120 0.000000
ECO09020 -3.250000 0.122450 inf
ECO06042 -2.882650 0.122450 0.000000
ECO11663 -3.127550 0.214280 0.061230
ECO04565 -3.250000 0.091840 0.000000
ECO11990 -2.790820 0.122450 0.336730
ECO07875 -3.250000 0.153060 0.000000
ECO05901 -3.096940 0.183670 0.091840
ECO09854 -3.188780 0.214290 0.000000
ECO10756 -2.882650 0.244890 0.091840
ECO10547 -3.188780 0.306130 0.000000
ECO06544 -3.250000 0.183670 inf
ECO05399 -3.096940 0.214290 0.000000
ECO10288 -3.250000 0.153060 inf
ECO09956 -3.250000 0.122450 0.000000
ECO06978 -2.852040 0.306120 0.122450
ECO10683 -3.158160 0.275510 0.000000
ECO02332 -3.250000 0.183670 inf
ECO03629 -3.250000 0.183670 0.000000
ECO05867 -3.250000 0.214290 inf
ECO03229 -3.250000 0.153060 0.000000
ECO02298 -3.250000 0.183670 inf
ECO03404 -3.219390 0.367350 0.000000
ECO12633 -3.250000 0.244900 -0.030610
ECO03263 -3.250000 0.091840 0.000000
ECO06844 -3.219390 0.275510 0.000000
ECO10120 -3.250000 0.336730 0.000000
ECO08044 -3.250000 0.275510 -0.030610
ECO00253 -2.668370 0.275510 0.000000
ECO02525 -3.127550 0.214280 0.061230
ECO08986 -3.250000 0.122450 0.000000
ECO01723 -3.096940 0.214290 0.091840
ECO02157 -3.158160 0.275510 0.000000
ECO11665 -3.250000 0.183670 inf
ECO09086 -3.035710 0.214280 0.000000
ECO04674 -2.974490 0.183670 0.153060
ECO02223 -3.250000 0.214290 0.000000
ECO06444 -3.250000 0.153060 inf
ECO07907 -3.250000 0.244900 0.000000
ECO08920 -3.250000 0.244900 -0.030610
ECO10881 -3.219390 0.244900 0.000000
ECO09486 -3.158160 0.244890 0.030620
ECO01321 -3.250000 0.122450 0.000000
ECO11387 -3.250000 0.122450 inf
ECO10613 -3.250000 0.153060 0.000000
ECO10413 -3.188780 0.306130 0.030610
ECO07707 -3.250000 0.153060 0.000000
ECO10320 -3.127550 0.275510 0.061230
ECO11455 -3.127550 0.214280 0.000000
ECO11489 -3.250000 0.306120 -0.030610
ECO11865 -3.250000 0.153060 0.000000
ECO02402 -3.250000 0.183670 inf
ECO06376 -3.250000 0.122450 0.000000
ECO11797 -3.250000 0.153060 inf
ECO02691 -3.035710 0.214280 0.000000
ECO02125 -3.219390 0.214290 0.000000
ECO07839 -3.250000 0.183670 0.000000
ECO03997 -3.250000 0.244900 -0.030610
ECO11690 -3.158160 0.122450 0.000000
ECO12567 -3.127550 0.275510 0.061230
ECO04572 -3.035710 0.214280 0.000000
ECO05967 -3.096940 0.244900 0.091840
ECO06069 -3.250000 0.153060 0.000000
ECO12260 -3.096940 0.214290 0.091840
ECO09183 -3.250000 0.214290 0.000000
ECO10069 -2.913270 0.153070 0.244890
ECO08444 -3.127550 0.091840 0.000000
ECO06793 -3.250000 0.183670 inf
ECO11928 -3.250000 0.183670 0.000000
ECO12414 -3.250000 0.214290 inf
ECO08979 -2.790820 0.091840 0.000000
ECO02346 -3.096940 0.275510 0.091840
ECO05704 -3.250000 0.336730 0.000000
ECO08562 -3.250000 0.306120 -0.030610
ECO05504 -3.250000 0.214290 0.000000
ECO08916 -3.250000 0.336730 -0.030610
ECO12379 -3.250000 0.214290 0.000000
ECO03367 -3.250000 0.214290 inf
ECO11942 -3.035710 0.183670 0.000000
ECO10537 -3.250000 0.214290 inf
ECO03618 -3.250000 0.122450 0.000000
ECO05104 -3.250000 0.122450 inf
ECO10451 -3.250000 0.214290 0.000000
ECO09516 -2.790820 0.153060 0.183670
ECO06439 -2.882650 0.428570 0.000000
ECO05321 -3.250000 0.244900 inf
ECO06325 -3.250000 0.183670 0.000000
ECO00023 -3.250000 0.244900 inf
ECO05304 -3.127550 0.183670 0.000000
ECO10316 -3.066330 0.214290 0.122450
ECO05086 -3.250000 0.214290 0.000000
ECO10302 -3.250000 0.214290 inf
ECO03649 -3.250000 0.122450 0.000000
ECO04635 -3.188780 0.244900 0.030610
ECO00105 -3.250000 0.183670 0.000000
ECO01709 -3.219390 0.153060 inf
ECO03032 -3.250000 0.122450 0.000000
ECO02695 -3.250000 0.153060 inf
ECO02763 -3.250000 0.183670 0.000000
ECO00691 -3.188780 0.275510 0.030610
ECO05904 -2.913270 0.153070 0.000000
ECO02228 -3.096940 0.244900 0.091840
ECO06725 -3.250000 0.183670 0.000000
ECO03181 -3.005100 0.153060 0.183680
ECO05035 -2.852040 0.153060 0.000000
ECO00942 -3.250000 0.306120 -0.030610
ECO06090 -2.760200 0.122440 0.000000
ECO07793 -2.882650 0.214280 0.091840
ECO05690 -3.250000 0.214290 0.000000
ECO02495 -3.066330 0.183680 0.122450
ECO12528 -3.250000 0.183670 0.000000
ECO06976 -3.250000 0.183670 inf
ECO12460 -2.882650 0.214280 0.000000
ECO11510 -3.158160 0.214280 0.061230
ECO08630 -3.250000 0.091840 0.000000
ECO12111 -3.005100 0.275510 0.091840
ECO04904 -3.250000 0.153060 0.000000
ECO11728 -3.250000 0.153060 inf
ECO04197 -3.250000 0.275510 0.000000
ECO08141 -3.096940 0.244900 0.061220
ECO03095 -3.250000 0.122450 0.000000
ECO08686 -3.066330 0.244900 0.091830
ECO08107 -3.250000 0.306120 0.000000
ECO12558 -2.760200 0.122440 0.275510
ECO02300 -3.250000 0.214290 0.000000
ECO05674 -3.250000 0.244900 -0.030610
ECO05742 -3.250000 0.275510 0.000000
ECO03270 -3.250000 0.275510 -0.030610
ECO12665 -3.250000 0.306120 0.000000
ECO03695 -3.250000 0.244900 -0.030610
ECO00721 -3.096940 0.214290 0.000000
ECO05235 -2.882650 0.122450 0.214290
ECO12367 -3.250000 0.030610 0.000000
ECO10758 -2.943880 0.214290 0.091830
ECO10690 -2.974490 0.306120 0.000000
ECO06635 -3.250000 0.306120 -0.030610
ECO07146 -3.250000 0.153060 0.000000
ECO07648 -3.066330 0.244900 0.122450
ECO11660 -3.250000 0.091840 0.000000
ECO06707 -3.250000 0.214290 inf
ECO12193 -3.250000 0.367350 0.000000
ECO02946 -3.158160 0.306120 0.030620
ECO02814 -3.219390 0.214290 0.000000
ECO11189 -3.096940 0.214290 0.091840
ECO02781 -3.096940 0.214290 0.000000
ECO09851 -3.250000 0.183670 inf
ECO09916 -3.250000 0.275510 0.000000
ECO12447 -3.250000 0.367350 -0.030610
ECO12010 -2.668370 0.122450 0.000000
ECO08580 -3.250000 0.275510 -0.030610
ECO03099 -2.974490 0.153060 0.000000
ECO12596 -3.250000 0.244900 inf
ECO06581 -3.219390 0.275510 0.000000
ECO02488 -3.250000 0.153060 inf
ECO08430 -3.250000 0.153060 0.000000
ECO02177 -3.250000 0.153060 inf
ECO05985 -3.250000 0.367350 0.000000
ECO08557 -3.250000 0.122450 inf
ECO12542 -3.250000 0.183670 0.000000
ECO11749 -3.250000 0.183670 inf
ECO08900 -3.005100 0.244900 0.000000
ECO06385 -3.250000 0.244900 -0.030610
ECO09436 -3.127550 0.214280 0.000000
ECO10563 -2.852040 0.122450 0.275510
ECO02884 -3.250000 0.122450 0.000000
ECO05783 -3.250000 0.214290 inf
ECO06928 -3.158160 0.336730 0.000000
ECO11612 -3.250000 0.275510 -0.030610
ECO12440 -3.188780 0.275510 0.000000
ECO11783 -3.250000 0.214290 inf
ECO06664 -3.096940 0.244900 0.000000
ECO07964 -3.250000 0.306120 -0.030610
ECO04947 -3.250000 0.183670 0.000000
ECO12476 -3.250000 0.306120 -0.030610
ECO12340 -3.005100 0.214280 0.000000
ECO10406 -3.250000 0.244900 inf
ECO05519 -3.250000 0.244900 0.000000
ECO04892 -2.852040 0.183670 0.244900
ECO04549 -3.250000 0.306120 0.000000
ECO09470 -2.821430 0.122450 0.275510
ECO09370 -3.250000 0.275510 0.000000
ECO02918 -3.219390 0.397960 -0.030610
ECO09836 -2.913270 0.306130 0.000000
ECO10306 -3.250000 0.428570 -0.061220
ECO01339 -3.250000 0.122450 0.000000
ECO03354 -3.250000 0.214290 inf
ECO03284 -3.035710 0.153060 0.000000
ECO03177 -3.250000 0.336730 -0.030610
ECO11202 -3.250000 0.336730 0.000000
ECO02484 -3.250000 0.122450 inf
ECO02293 -3.250000 0.153060 0.000000
ECO08309 -3.250000 0.153060 inf
ECO08343 -3.188780 0.214290 0.000000
ECO08348 -3.219390 0.244900 0.000000
ECO06246 -3.066330 0.275510 0.000000
ECO00855 -3.127550 0.214280 0.061230
ECO03527 -2.943880 0.183680 0.000000
ECO09386 -3.219390 0.183680 0.000000
ECO04272 -3.250000 0.183670 0.000000
ECO01464 -2.698980 0.244900 0.122450
ECO04531 -3.250000 0.214290 0.000000
ECO02659 -3.005100 0.153060 0.183680
ECO04429 -3.250000 0.183670 0.000000
ECO07739 -3.250000 0.183670 inf
ECO12599 -3.250000 0.214290 0.000000
ECO04808 -3.250000 0.244900 inf
ECO06437 -3.250000 0.306120 0.000000
ECO09245 -3.096940 0.183670 0.122450
ECO11922 -3.250000 0.214290 0.000000
ECO05642 -3.250000 0.367350 -0.030610
ECO09577 -3.066330 0.153060 0.000000
ECO09211 -3.250000 0.336730 -0.030610
ECO09922 -3.219390 0.244900 0.000000
ECO07039 -3.250000 0.306120 -0.030610
ECO00321 -3.219390 0.153060 0.000000
ECO05937 -3.127550 0.336730 0.061230
ECO11052 -2.729590 0.306120 0.000000
ECO04474 -3.250000 0.275510 -0.030610
ECO01232 -3.250000 0.275510 0.000000
ECO02602 -2.943880 0.122450 0.183670
ECO04942 -3.250000 0.489800 0.000000
ECO10379 -3.250000 0.244900 inf
ECO02198 -3.250000 0.275510 0.000000
ECO06737 -3.035710 0.183670 0.153070
ECO06505 -3.250000 0.214290 0.000000
