rf0002 -3.250000 0.907890 0.000000
rf0003 -2.302630 0.276310 0.473690
rf0010 -3.250000 0.710530 0.000000
rf0011 -3.250000 0.868420 -0.078950
rf0013 -2.815790 0.276320 0.000000
rf0015 -2.223680 0.276310 0.355270
rf0016 -3.250000 0.671050 0.000000
rf0022 -3.250000 0.828950 -0.039470
rf0024 -3.250000 0.907890 0.000000
rf0029 -3.250000 0.868420 -0.039470
rf0030 -3.250000 0.907890 0.000000
rf0031 -2.342110 0.276320 0.434210
rf0040 -2.381580 0.276320 0.000000
rf0048 -3.250000 0.710530 -0.039470
rf0053 -3.250000 0.750000 0.000000
rf0060 -3.250000 0.710530 -0.039470
rf0062 -3.250000 0.868420 0.000000
rf0064 -3.171050 0.631580 0.039480
rf0065 -3.250000 0.631580 0.000000
rf0072 -2.657890 0.592100 0.118430
rf0073 -3.131580 1.065790 0.000000
rf0092 -2.302630 0.276310 0.355260
rf0125 -2.500000 0.315790 0.000000
rf0127 -3.250000 0.907890 -0.039470
rf0129 -3.250000 0.750000 0.000000
rf0132 -3.250000 0.789470 -0.078950
rf0134 -2.500000 0.276320 0.000000
rf0138 -3.250000 0.394740 -0.039470
rf0164 -2.342110 0.276320 0.000000
rf0166 -3.250000 0.315790 inf
rf0169 -3.250000 0.710530 0.000000
rf0176 -2.263160 0.236840 0.631580
rf0180 -3.250000 0.947370 0.000000
rf0190 -3.250000 0.631580 -0.039470
rf0201 -3.250000 0.986840 0.000000
rf0204 -3.210530 0.868420 -0.039480
rf0205 -2.184210 0.276320 0.000000
rf0223 -2.500000 0.315790 0.473680
rf0234 -2.500000 0.355260 0.000000
rf0237 -2.381580 0.315790 0.394740
rf0241 -2.500000 0.513160 0.000000
rf0248 -3.250000 0.710530 -0.078950
rf0249 -2.302630 0.276310 0.000000
rf0250 -2.894740 0.789480 0.078940
rf0251 -3.250000 0.947370 0.000000
rf0258 -3.250000 0.986840 -0.157890
rf0263 -3.250000 0.986840 0.000000
rf0267 -3.250000 0.828950 -0.078950
rf0271 -3.250000 0.315790 0.000000
rf0283 -2.342110 0.276320 0.434210
rf0284 -3.210530 0.750000 0.000000
rf0287 -3.250000 0.828950 -0.078950
rf0292 -2.421050 0.276310 0.000000
rf0295 -3.250000 0.434210 -0.039470
rf0298 -3.250000 0.750000 0.000000
rf0306 -3.250000 0.671050 -0.039470
rf0309 -3.250000 0.868420 0.000000
rf0315 -3.250000 0.315790 inf
rf0319 -3.250000 0.394740 0.000000
rf0324 -3.250000 0.434210 -0.039470
rf0338 -3.131580 0.710530 0.000000
rf0339 -2.223680 0.276310 0.434210
rf0343 -2.578950 0.355270 0.000000
rf0348 -2.223680 0.276310 0.355270
rf0351 -3.250000 0.828950 0.000000
rf0354 -2.263160 0.236840 0.671050
rf0358 -3.052630 0.789470 0.000000
rf0363 -2.934210 0.750000 0.078950
rf0364 -2.460530 0.315790 0.000000
rf0366 -3.250000 0.828950 -0.039470
rf0372 -2.815790 0.197370 0.000000
rf0375 -3.250000 0.473680 -0.039470
rf0377 -3.250000 0.631580 0.000000
rf0383 -2.184210 0.276320 0.513160
rf0385 -3.250000 0.789470 0.000000
rf0386 -2.500000 0.315790 0.513160
rf0388 -2.223680 0.276310 0.000000
rf0396 -2.500000 0.315790 0.394740
rf0397 -2.657890 0.276310 0.000000
rf0399 -3.250000 0.750000 -0.039470
rf0400 -2.026320 0.157900 0.000000
rf0403 -3.250000 1.184210 -0.157890
rf0415 -3.250000 0.986840 0.000000
rf0419 -2.934210 0.710530 0.078950
rf0428 -3.250000 0.907890 0.000000
rf0439 -3.092110 0.552640 0.078940
rf0444 -3.250000 0.513160 0.000000
rf0474 -3.131580 0.710530 0.039470
rf0477 -3.250000 0.710530 0.000000
rf0488 -3.250000 1.026320 -0.118420
rf0496 -3.171050 0.671050 0.000000
rf0499 -3.250000 0.789470 -0.039470
rf0500 -2.381580 0.276320 0.000000
rf0503 -3.250000 0.907890 -0.039470
rf0513 -2.539470 0.315790 0.000000
rf0630 -2.973680 0.631570 0.118430
rf0795 -3.250000 1.065790 0.000000
rs0001 -3.250000 1.026320 -0.078950
rs0003 -3.250000 1.105260 0.000000
rs0010 -3.250000 0.671050 -0.039470
rs0012 -3.250000 1.065790 0.000000
rs0013 -3.250000 0.868420 -0.039470
rs0022 -2.736840 0.276310 0.000000
rs0029 -3.250000 0.710530 -0.039470
rs0030 -3.250000 1.026320 0.000000
rs0046 -2.381580 0.315790 0.434210
rs0051 -2.618420 0.355260 0.000000
rs0052 -3.250000 0.947370 -0.118420
rs0053 -3.250000 0.355260 0.000000
rs0054 -3.250000 0.789470 -0.039470
rs0062 -3.250000 0.789470 0.000000
rs0087 -2.105260 0.197370 0.750000
rs0088 -3.250000 0.868420 0.000000
rs0089 -2.500000 0.315790 0.473680
rs0090 -3.171050 0.631580 0.000000
rs0092 -3.250000 0.868420 -0.039470
rs0093 -2.342110 0.315790 0.000000
rs0094 -3.250000 0.947370 -0.078950
rs0095 -3.092110 0.513160 0.000000
rs0096 -2.381580 0.315790 0.434210
rs0097 -3.171050 0.789470 0.000000
rs0098 -3.250000 0.986840 -0.118420
rs0104 -2.381580 0.276320 0.000000
rs0107 -2.697370 0.473690 0.355260
rs0109 -2.973680 0.710520 0.000000
rs0113 -2.342110 0.315790 0.394730
rs0122 -3.250000 0.868420 0.000000
rs0124 -3.250000 0.552630 -0.039470
rs0127 -3.250000 1.065790 0.000000
rs0133 -2.421050 0.394730 0.394740
rs0134 -2.460530 0.355270 0.000000
rs0136 -2.776320 0.473690 0.276310
rs0138 -3.250000 0.710530 0.000000
rs0140 -2.855260 0.631580 0.118420
rs0141 -3.250000 0.671050 0.000000
rs0143 -2.342110 0.276320 0.434210
rs0145 -2.223680 0.236840 0.000000
rs0146 -3.250000 1.065790 -0.078950
rs0147 -3.250000 0.907890 0.000000
rs0150 -3.250000 0.592110 -0.039470
rs0156 -3.250000 1.144740 0.000000
rs0159 -2.539470 0.276310 0.315790
rs0163 -2.500000 0.315790 0.000000
rs0167 -3.250000 0.828950 -0.039470
rs0168 -3.171050 0.750000 0.000000
rs0172 -3.250000 0.750000 -0.039470
rs0175 -3.250000 1.065790 0.000000
rs0181 -2.815790 0.394740 0.276320
rs0183 -2.421050 0.276310 0.000000
rs0196 -3.250000 0.473680 -0.039470
rs0201 -2.263160 0.276320 0.000000
rs0203 -2.381580 0.276320 0.434210
rs0206 -2.342110 0.276320 0.000000
rs0218 -3.250000 0.710530 -0.039470
rs0221 -2.578950 0.315790 0.000000
rs0225 -2.500000 0.315790 0.513160
rs0226 -3.250000 0.947370 0.000000
rs0231 -3.250000 0.828950 -0.078950
rs0237 -2.500000 0.315790 0.000000
rs0240 -2.105260 0.236840 0.394740
rs0242 -3.250000 0.828950 0.000000
rs0243 -2.263160 0.276320 0.473680
rs0244 -3.052630 0.394740 0.000000
rs0247 -3.013160 0.631580 0.078950
rs0256 -3.250000 1.065790 0.000000
rs0259 -2.578950 0.355270 0.473680
rs0261 -2.697370 0.315790 0.000000
rs0262 -3.250000 0.789470 -0.039470
rs0264 -3.092110 0.592110 0.000000
rs0266 -2.776320 0.394740 0.276310
rs0267 -2.460530 0.355270 0.000000
rs0268 -2.460530 0.355270 0.434210
rs0273 -3.250000 0.789470 0.000000
rs0275 -3.250000 0.828950 -0.039470
rs0276 -3.250000 0.868420 0.000000
rs0282 -2.539470 0.315790 0.473690
rs0306 -2.500000 0.276320 0.000000
rs0315 -3.250000 0.789470 -0.078950
rs0316 -2.500000 0.355260 0.000000
rs0318 -2.855260 0.631580 0.118420
rs0320 -2.500000 0.315790 0.000000
rs0323 -3.250000 0.828950 -0.039470
rs0334 -3.250000 0.947370 0.000000
rs0337 -3.250000 0.986840 -0.118420
rs0339 -2.302630 0.276310 0.000000
rs0341 -3.250000 0.750000 -0.039470
rs0344 -3.250000 0.907890 0.000000
rs0345 -3.250000 0.552630 -0.039470
rs0349 -3.092110 0.592110 0.000000
rs0350 -2.105260 0.157890 0.789480
rs0351 -3.250000 0.513160 0.000000
rs0354 -3.210530 0.947370 -0.039480
rs0358 -2.618420 0.394740 0.000000
rs0373 -3.250000 1.184210 -0.197370
rs0386 -3.250000 1.105260 0.000000
rs0391 -3.250000 1.026320 -0.118420
rs0392 -2.855260 0.828940 0.000000
rs0393 -3.250000 0.750000 -0.039470
rs0406 -3.250000 0.710530 0.000000
rs0416 -3.250000 0.592110 -0.039470
rs0419 -2.263160 0.236840 0.000000
rs0421 -3.210530 0.592110 0.000000
rs0424 -3.250000 0.947370 0.000000
rs0425 -3.250000 0.986840 -0.118420
rs0429 -3.250000 0.710530 0.000000
rs0430 -3.250000 0.552630 -0.039470
rs0432 -2.026320 0.197370 0.000000
rs0437 -3.092110 1.065790 0.000000
rs0440 -3.250000 0.552630 0.000000
rs0444 -3.250000 0.789470 -0.039470
rs0452 -2.342110 0.276320 0.000000
rs0460 -3.250000 0.750000 -0.039470
rs0463 -1.750000 -0.157890 0.000000
rs0468 -3.250000 1.065790 -0.157890
rs0472 -3.171050 0.552630 0.000000
rs0473 -3.171050 0.710520 0.039480
rs0477 -2.815790 0.828950 0.000000
rs0485 -3.250000 0.710530 -0.039470
rs0493 -3.250000 1.026320 0.000000
rs0495 -3.250000 0.671050 -0.039470
rs0503 -2.815790 0.434210 0.000000
rs0505 -2.026320 0.157900 0.513150
rs0508 -3.250000 0.671050 0.000000
rs0516 -3.250000 1.065790 -0.078950
rs0517 -2.223680 0.276310 0.000000
rs0519 -3.250000 1.144740 -0.157890
rs0520 -3.250000 0.710530 0.000000
rs0528 -2.263160 0.276320 0.394730
rs0532 -3.250000 1.065790 0.000000
rs0536 -3.250000 0.947370 -0.039470
rs0538 -3.250000 0.986840 0.000000
rs0541 -2.105260 0.197370 0.434210
rs0549 -3.250000 0.828950 0.000000
rs0554 -2.263160 0.315790 0.315790
rs0555 -2.657890 0.434210 0.000000
rs0556 -2.381580 0.473690 0.157890
rs0560 -2.618420 0.394740 0.000000
rs0571 -3.250000 0.631580 -0.039470
rs0573 -3.250000 0.671050 0.000000
rs0574 -2.065790 0.197370 0.473680
rs0582 -3.250000 0.986840 0.000000
rs0586 -3.250000 0.750000 -0.039470
rs0591 -2.342110 0.276320 0.000000
rs0612 -3.250000 0.513160 -0.039470
rs0650 -2.578950 0.276320 0.000000
rs0656 -3.250000 0.947370 -0.118420
rs0660 -2.263160 0.315790 0.000000
rs0672 -3.250000 0.710530 -0.078950
rs0679 -2.381580 0.236840 0.000000
rs0724 -2.460530 0.315790 0.434210
rs0731 -3.250000 1.105260 0.000000
rs0741 -2.263160 0.315790 0.434210
rs0745 -2.657890 0.434210 0.000000
rs0751 -2.263160 0.276320 0.434210
rs0763 -3.250000 0.828950 0.000000
rs0768 -3.250000 0.868420 -0.078950
rs0775 -3.250000 0.671050 0.000000
rs0779 -2.381580 0.315790 0.394740
rs0781 -2.500000 0.315790 0.000000
rs0788 -3.250000 0.907890 -0.039470
rs0797 -2.421050 0.276310 0.000000
rs0798 -2.736840 0.394730 0.355270
rs0804 -2.894740 0.750000 0.000000
rs0805 -2.697370 0.592110 0.118420
rs0806 -2.657890 0.434210 0.000000
rs0808 -3.250000 0.236840 inf
rs0809 -2.302630 0.276310 0.000000
rs0812 -2.105260 0.197370 0.513160
rs0815 -3.250000 0.671050 0.000000
rs0823 -2.342110 0.276320 0.355260
rs0833 -2.105260 0.197370 0.000000
rs0839 -2.342110 0.276320 0.513150
rs0842 -3.210530 0.631580 0.000000
rs0847 -2.342110 0.276320 0.552630
rs0868 -3.250000 0.947370 0.000000
rs0869 -3.250000 1.105260 -0.078950
rs0871 -3.250000 1.302630 0.000000
rs0896 -3.210530 0.394740 0.000000
rs0906 -3.250000 0.789470 0.000000
rs0909 -3.250000 0.868420 -0.039470
rs0916 -3.250000 0.868420 0.000000
rs0932 -3.250000 0.592110 -0.039470
rs0933 -3.250000 0.631580 0.000000
rs0944 -3.250000 0.789470 -0.039470
rs0950 -3.250000 1.105260 0.000000
rs0957 -3.052630 0.710520 0.039480
rs0958 -2.500000 0.276320 0.000000
rs0959 -3.250000 0.592110 -0.039470
rs0960 -3.250000 0.552630 0.000000
rs0967 -3.250000 0.986840 -0.118420
rs0970 -2.578950 0.315790 0.000000
rs0974 -2.500000 0.315790 0.315790
rs0978 -3.250000 1.065790 0.000000
rs0981 -3.250000 0.750000 -0.039470
rs0983 -3.250000 0.947370 0.000000
rs0984 -3.250000 0.986840 -0.118420
rs0985 -3.250000 0.947370 0.000000
rs0991 -2.500000 0.315790 0.434210
rs0995 -2.578950 0.355270 0.000000
rs0997 -3.250000 0.789470 -0.078950
rs1004 -3.250000 0.592110 0.000000
rs1014 -2.973680 0.671050 0.078950
rs1016 -2.263160 0.276320 0.000000
rs1021 -3.250000 0.710530 -0.039470
rs1023 -2.657890 0.276310 0.000000
rs1025 -2.973680 0.473680 0.157900
rs1029 -3.250000 0.828950 0.000000
rs1030 -3.250000 0.552630 inf
rs1035 -3.171050 0.986840 0.000000
rs1036 -3.250000 0.868420 -0.078950
rs1038 -3.250000 0.710530 0.000000
rs1046 -3.250000 0.394740 -0.039470
rs1047 -3.250000 0.671050 0.000000
rs1050 -3.250000 0.631580 -0.039470
rs1052 -3.250000 0.907890 0.000000
rs1055 -3.250000 0.710530 -0.039470
rs1060 -2.815790 0.671050 0.000000
rs1062 -2.302630 0.276310 0.434210
rs1072 -3.250000 0.750000 0.000000
rs1074 -3.250000 0.868420 -0.039470
rs1075 -2.421050 0.276310 0.000000
rs1081 -3.250000 0.710530 -0.039470
rs1082 -2.500000 0.276320 0.000000
rs1084 -3.250000 0.868420 -0.078950
rs1091 -2.144740 0.236850 0.000000
rs1098 -3.250000 0.828950 -0.039470
rs1100 -2.421050 0.276310 0.000000
rs1102 -2.223680 0.276310 0.355270
rs1103 -2.855260 0.828940 0.000000
rs1105 -3.250000 0.750000 -0.039470
rs1106 -3.052630 0.315790 0.000000
rs1109 -2.302630 0.276310 0.434210
rs1110 -3.250000 0.907890 0.000000
rs1111 -3.250000 0.434210 -0.039470
rs1112 -2.776320 0.394740 0.000000
rs1116 -3.250000 0.355260 inf
rs1117 -3.250000 0.750000 0.000000
rs1118 -2.697370 0.355260 0.394740
rs1121 -2.302630 0.276310 0.000000
rs1126 -3.250000 0.750000 -0.039470
rs1129 -3.250000 0.552630 0.000000
rs1131 -2.302630 0.315790 0.315790
rs1137 -3.250000 0.947370 0.000000
rs1143 -3.250000 0.631580 -0.039470
rs1150 -3.250000 0.750000 0.000000
rs1152 -2.657890 0.315780 0.315790
rs1154 -3.250000 0.986840 0.000000
rs1159 -3.250000 0.750000 -0.039470
rs1163 -3.250000 1.223680 0.000000
rs1168 -2.578950 0.276320 0.276310
rs1169 -3.250000 1.026320 0.000000
rs1178 -2.539470 0.315790 0.552640
rs1179 -3.250000 1.105260 0.000000
rs1182 -3.250000 0.947370 -0.078950
rs1185 -2.381580 0.276320 0.000000
rs1188 -3.171050 0.710520 0.000000
rs1191 -2.539470 0.355260 0.000000
rs1195 -3.250000 0.868420 -0.039470
rs1197 -2.657890 0.394730 0.000000
rs1198 -3.250000 1.184210 -0.078950
rs1200 -3.250000 0.710530 0.000000
rs1209 -3.250000 1.184210 -0.118420
rs1212 -3.250000 0.868420 0.000000
rs1214 -2.815790 0.552630 0.157890
rs1220 -2.421050 0.276310 0.000000
rs1248 -2.460530 0.394740 0.473680
rs1258 -3.250000 0.907890 0.000000
rs1259 -3.092110 0.986850 0.039470
rs1264 -3.250000 0.789470 0.000000
rs1266 -3.250000 1.342110 -0.197370
rs1267 -2.184210 0.276320 0.000000
rs1270 -3.250000 1.184210 -0.078950
rs1276 -3.250000 0.828950 0.000000
rs1284 -3.052630 0.750000 0.039480
rs1290 -3.131580 0.750000 0.000000
rs1291 -3.250000 0.907890 -0.039470
rs1293 -3.250000 0.986840 0.000000
rs1296 -3.013160 0.631580 0.078950
rs1297 -3.250000 0.828950 0.000000
rs1337 -2.578950 0.434210 0.473680
rs1359 -3.250000 0.907890 0.000000
rs1437 -2.342110 0.276320 0.355260
ECO05144 -3.250000 1.144740 0.000000
ECO11517 -3.250000 0.907890 -0.039470
ECO09709 -2.618420 0.315790 0.000000
ECO03774 -3.052630 0.473680 0.078950
ECO11195 -3.250000 0.710530 0.000000
ECO11986 -2.578950 0.315790 0.434210
ECO10428 -2.223680 0.276310 0.000000
ECO05163 -2.539470 0.394730 0.473690
ECO05563 -3.250000 0.750000 0.000000
ECO04997 -3.250000 0.710530 -0.078950
ECO07859 -3.250000 0.947370 0.000000
ECO10692 -3.250000 0.631580 -0.039470
ECO10007 -2.421050 0.276310 0.000000
ECO09960 -3.052630 0.750000 0.078950
ECO10258 -3.092110 0.750000 0.000000
ECO07785 -3.250000 0.907890 -0.078950
ECO04192 -2.184210 0.236840 0.000000
ECO05764 -2.657890 0.355260 0.434220
ECO07019 -2.460530 0.513160 0.000000
ECO06341 -2.539470 0.355260 0.473690
ECO09664 -3.250000 0.710530 0.000000
ECO06592 -2.381580 0.276320 0.552630
ECO09450 -3.250000 0.947370 0.000000
ECO03934 -3.250000 0.868420 -0.039470
ECO09368 -3.250000 0.947370 0.000000
ECO08866 -3.250000 0.868420 -0.078950
ECO09168 -3.250000 0.671050 0.000000
ECO11141 -3.250000 0.789470 -0.039470
ECO06996 -2.460530 0.315790 0.000000
ECO05115 -2.894740 0.710530 0.078940
ECO04817 -2.855260 0.631580 0.000000
ECO09561 -2.223680 0.276310 0.592110
ECO12308 -3.250000 0.868420 0.000000
ECO06894 -3.171050 0.710520 0.000000
ECO09738 -3.250000 1.144740 0.000000
ECO10431 -3.250000 0.907890 -0.078950
ECO02845 -2.105260 0.157890 0.000000
ECO09068 -3.250000 1.026320 -0.078950
ECO06094 -2.263160 0.276320 0.000000
ECO11300 -3.131580 0.710530 0.039470
ECO09275 -2.894740 0.789480 0.000000
ECO09858 -2.500000 0.434210 0.355260
ECO01034 -2.460530 0.355270 0.000000
ECO04927 -3.250000 0.986840 -0.078950
ECO10862 -3.210530 0.750000 0.000000
ECO06033 -3.250000 0.986840 -0.078950
ECO07199 -3.250000 0.355260 0.000000
ECO08990 -3.250000 0.671050 -0.039470
ECO08305 -3.171050 0.868420 0.000000
ECO09940 -3.171050 0.789470 0.000000
ECO10010 -2.223680 0.276310 0.000000
ECO03222 -2.342110 0.315790 0.434210
ECO10361 -3.250000 0.394740 0.000000
ECO08589 -3.092110 0.750000 0.039470
ECO07887 -2.973680 0.631570 0.000000
ECO10761 -2.894740 0.631580 0.118420
ECO05715 -3.250000 0.907890 0.000000
ECO01402 -3.250000 0.750000 -0.039470
ECO09890 -2.263160 0.276320 0.000000
ECO09558 -2.144740 0.197370 0.631580
ECO11468 -2.578950 0.394740 0.000000
ECO10009 -3.250000 0.710530 -0.039470
ECO01470 -2.618420 0.552630 0.000000
ECO11617 -3.250000 0.828950 -0.039470
ECO05865 -2.460530 0.355270 0.000000
ECO03691 -2.973680 0.394730 0.157900
ECO05597 -2.500000 0.276320 0.000000
ECO11818 -3.250000 0.789470 -0.039470
ECO01019 -3.210530 0.671060 0.000000
ECO05916 -3.250000 1.263160 -0.118420
ECO10609 -3.250000 0.947370 0.000000
ECO06014 -3.092110 0.671060 0.078940
ECO08690 -3.250000 0.552630 0.000000
ECO06865 -2.855260 0.434210 0.236850
ECO03274 -3.210530 0.828950 0.000000
ECO11315 -2.381580 0.315790 0.513160
ECO05648 -2.421050 0.315790 0.000000
ECO09792 -2.578950 0.236840 0.355260
ECO06163 -3.250000 0.828950 0.000000
ECO02121 -2.578950 0.434210 0.473680
ECO09907 -3.250000 0.750000 0.000000
ECO10228 -3.250000 0.868420 -0.078950
ECO11654 -2.500000 0.355260 0.000000
ECO10307 -3.131580 0.750000 0.039470
ECO05057 -3.250000 0.789470 0.000000
ECO08933 -3.250000 0.947370 -0.118420
ECO03983 -3.250000 0.907890 0.000000
ECO06292 -3.250000 0.631580 -0.039470
ECO09149 -2.263160 0.276320 0.000000
ECO11827 -3.250000 0.947370 -0.118420
ECO06491 -3.210530 0.710530 0.000000
ECO04334 -2.223680 0.276310 0.394740
ECO09299 -3.250000 0.710530 0.000000
ECO06305 -3.250000 0.710530 -0.078950
ECO12012 -2.263160 0.236840 0.000000
ECO04519 -2.381580 0.315790 0.552630
ECO06791 -3.250000 0.828950 0.000000
ECO04734 -3.250000 0.986840 -0.078950
ECO12363 -3.250000 0.552630 0.000000
ECO00339 -3.250000 0.986840 -0.039470
ECO06642 -3.250000 0.986840 0.000000
ECO05319 -3.250000 0.986840 -0.118420
ECO04284 -2.381580 0.315790 0.000000
ECO09800 -3.131580 0.986840 0.000000
ECO05670 -3.250000 0.710530 0.000000
ECO08378 -3.250000 0.947370 -0.118420
ECO04820 -2.539470 0.276310 0.000000
ECO06556 -2.144740 0.236850 0.513150
ECO11677 -3.250000 0.592110 0.000000
ECO11712 -3.250000 0.907890 -0.118420
ECO04969 -3.250000 0.355260 0.000000
ECO04033 -2.223680 0.276310 0.355270
ECO05806 -2.973680 0.631570 0.000000
ECO05991 -3.250000 0.631580 -0.039470
ECO05455 -3.250000 0.750000 0.000000
ECO08428 -3.250000 0.710530 -0.039470
ECO11326 -3.250000 1.105260 0.000000
ECO06516 -2.105260 0.197370 0.592110
ECO11031 -3.250000 0.947370 0.000000
ECO04325 -3.250000 0.789470 -0.039470
ECO04342 -2.342110 0.315790 0.000000
ECO02321 -2.421050 0.315790 0.513160
ECO10392 -3.250000 0.947370 0.000000
ECO01244 -2.697370 0.631580 0.118420
ECO07809 -3.250000 0.947370 0.000000
ECO12169 -3.250000 0.789470 -0.039470
ECO10041 -3.250000 0.947370 0.000000
ECO08088 -1.907890 0.000000 1.144740
ECO12203 -3.250000 0.750000 0.000000
ECO01136 -3.250000 0.750000 -0.039470
ECO02323 -2.934210 0.276320 0.000000
ECO10394 -2.342110 0.315790 0.394730
ECO04778 -3.250000 0.789470 0.000000
ECO06216 -2.381580 0.276320 0.315790
ECO04344 -3.250000 0.671050 0.000000
ECO08854 -2.342110 0.276320 0.592100
ECO07803 -3.250000 0.710530 0.000000
ECO10326 -3.250000 1.026320 -0.118420
ECO09641 -3.250000 0.907890 0.000000
ECO04995 -2.263160 0.315790 0.394730
ECO05680 -3.250000 0.947370 0.000000
ECO09824 -3.250000 0.631580 -0.039470
ECO08135 -2.500000 0.355260 0.000000
ECO03706 -3.250000 0.434210 -0.039470
ECO05578 -3.250000 0.710530 0.000000
ECO06700 -2.342110 0.276320 0.671050
ECO03790 -3.250000 0.750000 0.000000
ECO09121 -3.250000 0.710530 -0.039470
ECO06247 -2.421050 0.276310 0.000000
ECO03926 -2.381580 0.276320 0.513160
ECO06849 -3.250000 0.947370 0.000000
ECO10629 -2.421050 0.276310 0.513160
ECO03526 -2.342110 0.276320 0.000000
ECO03656 -2.500000 0.355260 0.434210
ECO07685 -3.250000 0.710530 0.000000
ECO11968 -3.250000 1.105260 -0.078950
ECO06449 -3.250000 0.592110 0.000000
ECO12370 -3.250000 1.026320 -0.118420
ECO00833 -3.131580 0.473690 0.000000
ECO03139 -2.460530 0.394740 0.394730
ECO05698 -2.263160 0.276320 0.000000
ECO00869 -2.578950 0.592110 0.118420
ECO10093 -3.250000 0.789470 0.000000
ECO10091 -2.223680 0.236840 0.750000
ECO10527 -3.131580 0.986840 0.000000
ECO10493 -2.381580 0.276320 0.513160
ECO09706 -3.250000 0.907890 0.000000
ECO03539 -1.986840 0.157890 0.434210
ECO12355 -3.250000 0.750000 0.000000
ECO10378 -3.013160 0.710530 0.078950
ECO09591 -3.250000 0.789470 0.000000
ECO03390 -3.250000 0.868420 -0.039470
ECO07670 -3.250000 0.868420 0.000000
ECO04762 -3.250000 0.513160 -0.039470
ECO04477 -3.250000 0.355260 0.000000
ECO09406 -3.250000 0.986840 -0.039470
ECO00448 -3.131580 1.026320 0.000000
ECO06634 -3.250000 0.789470 -0.039470
ECO05798 -3.250000 0.907890 0.000000
ECO03241 -2.776320 0.513160 0.315790
ECO07183 -3.250000 0.907890 0.000000
ECO10127 -3.250000 0.789470 -0.039470
ECO06883 -3.250000 0.907890 0.000000
ECO10642 -2.342110 0.315790 0.434210
ECO05411 -2.105260 0.197370 0.000000
ECO05228 -2.618420 0.276310 0.315790
ECO07955 -3.250000 0.868420 0.000000
ECO02990 -2.539470 0.315790 0.355270
ECO03141 -3.250000 0.868420 0.000000
ECO08989 -3.250000 0.631580 -0.039470
ECO06415 -3.250000 0.710530 0.000000
ECO08789 -3.250000 0.552630 -0.039470
ECO08938 -3.250000 0.986840 0.000000
ECO05545 -3.250000 0.907890 -0.118420
ECO03422 -3.250000 0.710530 0.000000
ECO02924 -2.223680 0.276310 0.394740
ECO05096 -3.250000 0.947370 0.000000
ECO04494 -3.250000 0.986840 -0.118420
ECO12338 -3.210530 1.065790 0.000000
ECO12387 -3.250000 0.750000 -0.039470
ECO06096 -3.250000 0.986840 0.000000
ECO12287 -3.250000 0.750000 -0.039470
ECO09389 -3.250000 0.710530 0.000000
ECO06617 -2.421050 0.276310 0.592110
ECO09810 -3.250000 0.710530 0.000000
ECO10962 -3.250000 0.552630 -0.039470
ECO08887 -2.500000 0.276320 0.000000
ECO09959 -3.013160 1.065790 0.000000
ECO06015 -2.500000 0.276320 0.000000
ECO03224 -3.250000 0.947370 -0.078950
ECO04743 -2.223680 0.276310 0.000000
ECO10610 -2.460530 0.394740 0.473680
ECO09240 -1.750000 -0.078950 0.000000
ECO11316 -3.250000 0.710530 -0.039470
ECO05394 -3.250000 0.986840 0.000000
ECO02573 -2.381580 0.236840 0.671050
ECO04425 -3.250000 1.026320 0.000000
ECO08386 -2.026320 0.157900 0.592100
ECO08922 -2.342110 0.276320 0.000000
ECO09105 -2.144740 0.236850 0.394730
ECO01855 -3.250000 0.789470 0.000000
ECO03740 -2.263160 0.315790 0.473680
ECO02506 -3.250000 0.907890 0.000000
ECO10360 -3.250000 0.671050 -0.039470
ECO06501 -3.250000 0.828950 0.000000
ECO00200 -3.092110 0.631580 0.078940
ECO03998 -2.223680 0.276310 0.000000
ECO11597 -3.250000 0.513160 -0.039470
ECO10021 -3.250000 1.184210 0.000000
ECO03898 -2.578950 0.315790 0.513160
ECO08928 -3.250000 0.513160 0.000000
ECO04505 -3.250000 0.907890 -0.118420
ECO01404 -3.250000 0.631580 0.000000
ECO09378 -3.250000 0.710530 -0.039470
ECO09242 -3.092110 0.592110 0.000000
ECO01247 -2.776320 0.631580 0.118420
ECO09585 -3.250000 0.789470 0.000000
ECO05984 -3.250000 0.907890 -0.078950
ECO10951 -3.013160 0.592110 0.000000
ECO05391 -3.092110 0.671060 0.078940
ECO05341 -2.302630 0.276310 0.000000
ECO09428 -2.539470 0.315790 0.473690
ECO07763 -2.184210 0.236840 0.000000
ECO05741 -3.250000 1.026320 -0.118420
ECO06570 -2.578950 0.355270 0.000000
ECO10557 -2.421050 0.236840 0.631580
ECO09778 -2.539470 0.552630 0.000000
ECO06034 -3.250000 0.947370 -0.118420
ECO05477 -3.250000 0.986840 0.000000
ECO03605 -2.697370 0.355260 0.394740
ECO06756 -2.381580 0.276320 0.000000
ECO11998 -3.250000 0.828950 -0.039470
ECO04611 -3.250000 0.868420 0.000000
ECO11064 -3.250000 0.552630 -0.039470
ECO11685 -2.500000 0.434210 0.000000
ECO00867 -3.250000 0.671050 -0.039470
ECO05847 -2.539470 0.355260 0.000000
ECO09306 -3.250000 0.710530 -0.039470
ECO05547 -3.250000 0.947370 0.000000
ECO12185 -2.578950 0.315790 0.513160
ECO04911 -2.578950 0.276320 0.000000
ECO02639 -3.250000 0.671050 -0.039470
ECO12619 -3.250000 0.789470 0.000000
ECO00984 -3.131580 0.710530 0.039470
ECO09643 -3.250000 0.750000 0.000000
ECO11954 -3.250000 0.986840 -0.118420
ECO09524 -3.250000 0.631580 0.000000
ECO09175 -2.578950 0.315790 0.473680
ECO12422 -3.013160 0.986840 0.000000
ECO04461 -2.302630 0.276310 0.513160
ECO05061 -3.250000 0.750000 0.000000
ECO06649 -3.250000 0.947370 -0.078950
ECO11768 -2.500000 0.315790 0.000000
ECO04712 -3.250000 1.026320 -0.157890
ECO04426 -3.250000 0.828950 0.000000
ECO08521 -3.250000 0.907890 -0.039470
ECO08955 -3.250000 0.986840 0.000000
ECO07119 -3.250000 1.026320 -0.078950
ECO04175 -3.250000 0.750000 0.000000
ECO11885 -2.500000 0.394740 0.552630
ECO03791 -3.250000 0.789470 0.000000
ECO04008 -3.250000 1.105260 -0.078950
ECO00617 -2.973680 0.631570 0.000000
ECO04259 -2.500000 0.315790 0.473680
ECO00366 -3.250000 0.631580 0.000000
ECO09475 -2.934210 0.710530 0.078950
ECO09088 -3.250000 0.710530 0.000000
ECO06097 -3.250000 0.828950 -0.039470
ECO09054 -2.460530 0.315790 0.000000
ECO09760 -2.381580 0.355260 0.394740
ECO06450 -3.250000 0.986840 0.000000
ECO08071 -3.131580 1.026320 0.000000
ECO05344 -2.263160 0.276320 0.000000
ECO00332 -2.934210 0.513160 0.118420
ECO12437 -3.250000 0.750000 0.000000
ECO09224 -3.210530 0.710530 0.000000
ECO09305 -3.250000 0.828950 0.000000
ECO04408 -3.250000 0.513160 -0.039470
ECO12403 -3.250000 0.986840 0.000000
ECO03174 -3.210530 0.592110 0.000000
ECO05948 -3.250000 0.986840 0.000000
ECO05114 -3.250000 0.671050 -0.039470
ECO10458 -2.460530 0.276320 0.000000
ECO05412 -3.250000 0.473680 -0.039470
ECO05982 -2.421050 0.276310 0.000000
ECO11786 -3.250000 0.828950 -0.078950
ECO09605 -3.250000 1.105260 0.000000
ECO05799 -2.539470 0.394730 0.513160
ECO11500 -3.250000 0.986840 0.000000
ECO07935 -2.460530 0.315790 0.315790
ECO09226 -3.250000 0.868420 0.000000
ECO06754 -3.250000 0.828950 -0.078950
ECO06043 -3.250000 0.671050 0.000000
ECO09726 -2.657890 0.671050 0.118430
ECO09943 -3.250000 0.631580 0.000000
ECO05663 -2.578950 0.355270 0.473680
ECO09909 -3.250000 0.868420 0.000000
ECO02991 -3.250000 0.394740 inf
ECO09990 -2.223680 0.276310 0.000000
ECO04693 -3.250000 0.986840 -0.157890
ECO05812 -3.250000 0.947370 0.000000
ECO04727 -3.250000 0.473680 -0.039470
ECO08356 -3.250000 0.789470 0.000000
ECO06382 -3.250000 1.342110 -0.197370
ECO04076 -2.776320 0.315790 0.000000
ECO05080 -3.250000 0.947370 -0.039470
ECO05331 -3.250000 0.671050 0.000000
ECO04544 -3.250000 1.026320 -0.118420
ECO04457 -2.500000 0.315790 0.000000
ECO02024 -3.210530 0.592110 0.000000
ECO04296 -3.250000 0.552630 0.000000
ECO07840 -2.381580 0.276320 0.552630
ECO09426 -3.250000 1.026320 0.000000
ECO11950 -3.250000 0.671050 -0.039470
ECO08026 -3.250000 1.026320 0.000000
ECO06461 -3.250000 0.750000 -0.039470
ECO05243 -3.250000 0.671050 0.000000
ECO04096 -2.421050 0.315790 0.513160
ECO04383 -2.263160 0.276320 0.000000
ECO11475 -3.250000 0.947370 -0.078950
ECO09580 -2.460530 0.315790 0.000000
ECO04775 -2.302630 0.276310 0.355260
ECO09599 -3.210530 0.710530 0.000000
ECO10049 -2.381580 0.315790 0.394740
ECO01225 -3.013160 0.552630 0.000000
ECO10135 -3.250000 0.710530 -0.039470
ECO10486 -3.250000 0.868420 0.000000
ECO10585 -3.250000 0.947370 -0.039470
ECO02997 -3.250000 0.394740 0.000000
ECO02548 -3.013160 0.750000 0.078950
ECO00027 -3.171050 0.671050 0.000000
ECO02848 -3.250000 0.750000 -0.039470
ECO02948 -2.539470 0.394730 0.000000
ECO06742 -1.947370 0.078950 0.947370
ECO07913 -3.171050 0.355260 0.000000
ECO04619 -2.500000 0.315790 0.315790
ECO09550 -2.539470 0.276310 0.000000
ECO09949 -2.460530 0.315790 0.513150
ECO09649 -3.250000 1.065790 0.000000
ECO10300 -3.092110 0.907900 0.039470
ECO12663 -3.250000 1.026320 0.000000
ECO10786 -2.578950 0.592110 0.118420
ECO05905 -3.250000 0.828950 0.000000
ECO03933 -2.342110 0.355270 0.513150
ECO08613 -3.250000 0.671050 0.000000
ECO10205 -3.250000 0.710530 -0.039470
ECO10673 -2.342110 0.276320 0.000000
ECO03210 -2.539470 0.355260 0.473690
ECO03989 -3.250000 0.710530 0.000000
ECO10073 -2.736840 0.434210 0.315790
ECO12468 -3.250000 0.789470 0.000000
ECO00190 -3.250000 0.592110 -0.039470
ECO02062 -3.131580 0.592110 0.000000
ECO10745 -3.250000 0.434210 -0.039470
ECO06699 -2.657890 0.434210 0.000000
ECO06499 -3.250000 0.789470 -0.039470
ECO03257 -2.539470 0.355260 0.000000
ECO12218 -2.618420 0.434210 0.473690
ECO00347 -2.855260 0.710520 0.000000
ECO08439 -3.250000 0.828950 -0.039470
ECO05495 -2.500000 0.315790 0.000000
ECO04044 -2.302630 0.315790 0.394740
ECO09358 -3.250000 0.671050 0.000000
ECO12188 -3.171050 0.868420 0.000000
ECO03525 -2.263160 0.315790 0.000000
ECO10980 -3.052630 0.828950 0.039480
ECO11634 -3.092110 0.789480 0.000000
ECO07988 -3.131580 0.710530 0.039470
ECO01253 -3.250000 0.750000 0.000000
ECO07069 -2.105260 0.157890 0.828950
ECO02253 -3.250000 1.026320 0.000000
ECO12286 -2.421050 0.276310 0.513160
ECO00700 -2.618420 0.631580 0.000000
ECO12537 -3.250000 0.394740 inf
ECO10141 -2.421050 0.315790 0.000000
ECO04593 -2.578950 0.394740 0.394730
ECO06448 -3.250000 0.710530 0.000000
ECO01202 -3.250000 0.828950 -0.039470
ECO11767 -2.263160 0.276320 0.000000
ECO09307 -3.250000 0.750000 -0.039470
ECO04776 -2.934210 0.276320 0.000000
ECO09507 -3.250000 0.947370 -0.118420
ECO02521 -2.342110 0.276320 0.000000
ECO06703 -3.250000 0.907890 -0.039470
ECO00185 -3.210530 0.710530 0.000000
ECO12431 -2.500000 0.315790 0.552630
ECO07818 -3.250000 0.947370 0.000000
ECO12656 -3.250000 1.026320 -0.157890
ECO05814 -3.052630 0.710520 0.000000
ECO08239 -2.302630 0.315790 0.355260
ECO05848 -3.250000 0.907890 0.000000
ECO04142 -3.250000 0.868420 -0.039470
ECO02623 -2.421050 0.276310 0.000000
ECO03291 -3.250000 0.789470 -0.039470
ECO03976 -3.250000 0.473680 0.000000
ECO05193 -3.250000 0.592110 -0.039470
ECO12039 -2.539470 0.355260 0.000000
ECO11924 -3.250000 0.789470 -0.039470
ECO10950 -3.171050 0.671050 0.000000
ECO04439 -3.250000 0.710530 -0.039470
ECO09937 -3.250000 0.671050 0.000000
ECO11327 -3.210530 1.065790 -0.039480
ECO12064 -3.250000 1.065790 0.000000
ECO09519 -3.250000 1.026320 -0.078950
ECO04950 -2.263160 0.276320 0.000000
ECO03764 -2.381580 0.276320 0.631580
ECO09026 -3.250000 0.868420 0.000000
ECO02292 -3.250000 0.986840 -0.118420
ECO03103 -3.171050 0.710520 0.000000
ECO03478 -3.250000 1.026320 -0.118420
ECO04944 -2.026320 0.157900 0.000000
ECO07603 -3.250000 0.434210 -0.039470
ECO08369 -2.855260 0.710520 0.000000
ECO03106 -2.618420 0.315790 0.315790
ECO02891 -3.250000 0.789470 0.000000
ECO04993 -3.250000 0.750000 -0.039470
ECO00951 -3.131580 0.631580 0.000000
ECO05558 -3.250000 1.302630 -0.236840
ECO09897 -2.381580 0.315790 0.000000
ECO06310 -2.539470 0.315790 0.394740
ECO10505 -3.250000 0.592110 0.000000
ECO08124 -3.250000 1.105260 -0.078950
ECO09503 -3.250000 0.986840 0.000000
ECO04216 -3.250000 1.105260 -0.078950
ECO03216 -2.381580 0.276320 0.000000
ECO04051 -3.250000 0.868420 -0.078950
ECO09081 -3.250000 0.631580 0.000000
ECO04002 -3.250000 1.184210 -0.197370
ECO09746 -3.250000 0.592110 0.000000
ECO11119 -2.342110 0.276320 0.592100
ECO00807 -3.131580 0.513160 0.000000
ECO09032 -3.250000 0.868420 -0.078950
ECO11557 -3.250000 0.907890 0.000000
ECO04788 -2.342110 0.276320 0.631570
ECO04437 -2.105260 0.197370 0.000000
ECO11995 -3.250000 0.947370 -0.078950
ECO07990 -3.250000 0.828950 0.000000
ECO12382 -3.171050 0.828940 0.000000
ECO09637 -3.250000 0.986840 0.000000
ECO12157 -3.250000 0.986840 -0.078950
ECO03865 -2.421050 0.355260 0.000000
ECO05374 -3.250000 0.473680 -0.039470
ECO07939 -3.250000 0.828950 0.000000
ECO04506 -2.973680 0.986840 0.039480
ECO06446 -3.250000 0.907890 0.000000
ECO00336 -3.250000 0.592110 -0.039470
ECO04080 -3.250000 0.986840 0.000000
ECO04382 -1.986840 0.157890 0.434210
ECO04464 -2.815790 0.394740 0.000000
ECO11445 -3.250000 0.907890 -0.039470
ECO07815 -3.250000 0.868420 0.000000
ECO07846 -2.184210 0.276320 0.434210
ECO07960 -2.934210 0.592100 0.000000
ECO00758 -3.250000 0.631580 -0.039470
ECO01779 -3.250000 0.631580 0.000000
ECO10730 -3.131580 0.592110 0.039470
ECO09016 -2.144740 0.236850 0.000000
ECO04751 -2.894740 0.473690 0.236840
ECO05874 -3.250000 0.868420 0.000000
ECO11744 -3.250000 1.105260 -0.118420
ECO06460 -2.578950 0.315790 0.000000
ECO08802 -2.342110 0.355270 0.434210
ECO11471 -2.500000 0.394740 0.000000
ECO06493 -3.250000 0.789470 -0.039470
ECO03978 -2.302630 0.315790 0.000000
ECO03646 -3.210530 0.671060 0.000000
ECO06893 -3.250000 0.947370 0.000000
ECO07926 -3.250000 0.750000 -0.039470
ECO10334 -2.460530 0.355270 0.000000
ECO06423 -2.618420 0.355260 0.473690
ECO05737 -3.250000 0.828950 0.000000
ECO03694 -2.421050 0.315790 0.355270
ECO03794 -2.421050 0.276310 0.000000
ECO10489 -3.250000 0.394740 inf
ECO06209 -3.250000 0.907890 0.000000
ECO05658 -3.250000 0.986840 -0.078950
ECO07130 -3.171050 1.026310 0.000000
ECO11674 -3.250000 0.947370 -0.118420
ECO09981 -3.250000 0.907890 0.000000
ECO07816 -3.250000 0.750000 -0.039470
ECO06075 -3.250000 0.868420 0.000000
ECO10530 -2.263160 0.236840 0.710520
ECO05957 -3.250000 0.947370 0.000000
ECO05627 -3.250000 0.986840 -0.118420
ECO06413 -3.250000 0.789470 0.000000
ECO12055 -2.539470 0.315790 0.513160
ECO06027 -3.250000 0.907890 0.000000
ECO05791 -3.250000 0.789470 -0.078950
ECO09185 -3.250000 1.144740 0.000000
ECO11741 -3.250000 0.828950 -0.039470
ECO08542 -3.250000 0.750000 0.000000
ECO03888 -2.460530 0.355270 0.434210
ECO07774 -3.250000 0.671050 0.000000
ECO05902 -3.250000 0.671050 -0.039470
ECO09839 -3.250000 0.907890 0.000000
ECO06002 -3.092110 0.828950 0.039470
ECO04573 -3.250000 1.026320 0.000000
ECO02962 -1.907890 0.039470 0.907900
ECO07020 -2.736840 0.434210 0.000000
ECO10071 -1.750000 -0.078950 0.868420
ECO09819 -3.250000 0.986840 0.000000
ECO09944 -3.250000 0.828950 -0.039470
ECO03931 -2.381580 0.315790 0.000000
ECO08776 -3.052630 0.750000 0.078950
ECO06511 -2.460530 0.315790 0.000000
ECO12291 -2.263160 0.276320 0.355260
ECO08385 -3.250000 0.671050 0.000000
ECO02876 -3.250000 0.631580 -0.039470
ECO02426 -3.250000 0.868420 0.000000
ECO02819 -3.250000 0.789470 -0.039470
ECO07106 -3.250000 0.789470 0.000000
ECO03330 -3.092110 0.986850 0.000000
ECO06574 -3.250000 0.828950 0.000000
ECO05684 -3.250000 1.065790 -0.078950
ECO04698 -2.223680 0.236840 0.000000
ECO04748 -2.223680 0.236840 0.671060
ECO08442 -2.342110 0.276320 0.000000
ECO08149 -3.250000 0.828950 -0.039470
ECO08246 -3.250000 0.947370 0.000000
ECO03065 -3.250000 0.552630 -0.039470
ECO07695 -3.250000 0.789470 0.000000
ECO08549 -3.250000 1.105260 -0.157890
ECO11529 -3.013160 0.986840 0.000000
ECO06502 -3.250000 0.986840 -0.157890
ECO12223 -2.460530 0.315790 0.000000
ECO06727 -3.210530 0.592110 0.000000
ECO08632 -2.500000 0.276320 0.000000
ECO09295 -3.250000 0.592110 -0.039470
ECO12274 -2.263160 0.276320 0.000000
ECO05637 -3.250000 0.592110 -0.039470
ECO04884 -2.500000 0.355260 0.000000
ECO12584 -3.250000 0.907890 -0.078950
ECO12191 -2.381580 0.236840 0.000000
ECO02074 -3.052630 0.631580 0.078950
ECO03130 -3.250000 0.789470 0.000000
ECO06193 -2.381580 0.315790 0.473680
ECO06977 -3.171050 1.144730 0.000000
ECO12613 -3.250000 1.263160 -0.157890
ECO04869 -2.381580 0.276320 0.000000
ECO11777 -3.250000 0.986840 -0.118420
ECO07092 -2.539470 0.315790 0.000000
ECO04684 -2.302630 0.276310 0.355260
ECO08587 -2.381580 0.276320 0.000000
ECO06217 -2.263160 0.315790 0.394730
ECO02598 -3.250000 0.750000 0.000000
ECO04169 -2.381580 0.315790 0.394740
ECO02297 -3.250000 0.986840 0.000000
ECO12577 -3.052630 0.750000 0.078950
ECO11565 -3.250000 1.263160 0.000000
ECO11787 -3.250000 0.710530 -0.039470
ECO05045 -2.144740 0.236850 0.000000
ECO05515 -3.171050 0.355260 0.039480
ECO04143 -3.250000 0.394740 0.000000
ECO06966 -3.250000 0.947370 -0.118420
ECO08187 -3.250000 0.710530 0.000000
ECO03071 -2.302630 0.315790 0.513160
ECO12589 -2.539470 0.315790 0.000000
ECO02373 -3.250000 0.592110 -0.039470
ECO12487 -2.894740 0.828950 0.000000
ECO01852 -3.250000 0.631580 -0.039470
ECO07117 -3.250000 1.065790 0.000000
ECO04443 -3.250000 0.947370 -0.078950
ECO04996 -2.539470 0.315790 0.000000
ECO04896 -3.250000 0.592110 -0.039470
ECO02771 -2.539470 0.276310 0.000000
ECO03273 -2.421050 0.276310 0.552630
ECO11230 -3.131580 0.750000 0.000000
ECO08957 -2.500000 0.276320 0.552630
ECO06983 -2.381580 0.315790 0.000000
ECO02120 -3.250000 0.394740 -0.039470
ECO05647 -3.250000 0.710530 0.000000
ECO05428 -3.250000 0.828950 -0.118420
ECO07919 -3.250000 0.907890 0.000000
ECO03090 -3.250000 0.868420 -0.078950
ECO09927 -3.250000 0.750000 0.000000
ECO05464 -2.342110 0.315790 0.355260
ECO03592 -2.026320 0.157900 0.000000
ECO12121 -2.026320 0.157900 0.513150
ECO07101 -2.381580 0.276320 0.000000
ECO05697 -3.171050 0.710520 0.039480
ECO06816 -2.342110 0.276320 0.000000
ECO12335 -3.250000 0.631580 -0.039470
ECO10058 -3.250000 1.026320 0.000000
ECO08857 -3.171050 0.671050 0.039480
ECO09372 -2.302630 0.276310 0.000000
ECO00231 -2.302630 0.315790 0.434210
ECO02456 -3.250000 0.868420 0.000000
ECO08470 -3.250000 0.710530 -0.039470
ECO03105 -3.250000 0.986840 0.000000
ECO05013 -3.131580 0.592110 0.039470
ECO03439 -3.092110 0.947370 0.000000
ECO06483 -3.250000 0.947370 -0.078950
ECO12606 -3.250000 0.671050 0.000000
ECO02490 -2.381580 0.276320 0.473680
ECO09442 -2.342110 0.315790 0.000000
ECO12504 -3.210530 0.986850 -0.039480
ECO01954 -3.210530 0.592110 0.000000
ECO04877 -3.250000 0.868420 -0.039470
ECO11819 -2.421050 0.276310 0.000000
ECO11533 -2.342110 0.276320 0.513150
ECO03175 -3.250000 0.394740 0.000000
ECO08271 -3.250000 1.184210 -0.157890
ECO05897 -2.460530 0.276320 0.000000
ECO11449 -3.250000 0.789470 -0.039470
ECO03340 -3.250000 1.302630 0.000000
ECO07118 -3.250000 0.907890 -0.039470
ECO05782 -3.250000 0.986840 0.000000
ECO11803 -2.302630 0.276310 0.394740
ECO08590 -3.250000 1.026320 0.000000
ECO06901 -3.250000 0.947370 -0.039470
ECO09539 -3.250000 1.223680 0.000000
ECO09790 -3.171050 0.671050 0.000000
ECO09628 -2.263160 0.276320 0.000000
ECO04448 -2.302630 0.276310 0.592110
ECO04898 -2.105260 0.157890 0.000000
ECO11611 -3.250000 1.144740 -0.197370
ECO08878 -3.250000 0.710530 0.000000
ECO09092 -2.381580 0.355260 0.434210
ECO03162 -2.618420 0.315790 0.000000
ECO11848 -2.539470 0.276310 0.473690
ECO08749 -2.539470 0.315790 0.000000
ECO04655 -3.250000 0.750000 -0.078950
ECO07842 -3.250000 0.947370 0.000000
ECO11662 -3.250000 0.828950 -0.039470
ECO05128 -3.052630 0.907890 0.000000
ECO11504 -2.500000 0.552630 0.276320
ECO12637 -3.250000 0.671050 0.000000
ECO06982 -3.250000 1.105260 -0.118420
ECO07250 -3.131580 0.789470 0.000000
ECO08824 -3.210530 0.671060 0.000000
ECO08220 -3.250000 0.710530 0.000000
ECO05514 -2.184210 0.236840 0.434210
ECO10559 -3.250000 0.868420 0.000000
ECO12489 -3.250000 0.907890 -0.078950
ECO03124 -2.302630 0.276310 0.000000
ECO02152 -3.250000 0.750000 -0.039470
ECO02317 -3.250000 0.592110 0.000000
ECO10605 -2.460530 0.315790 0.552630
ECO06647 -3.250000 0.750000 0.000000
ECO03410 -3.250000 0.513160 -0.039470
ECO08894 -3.250000 0.828950 0.000000
ECO11857 -3.250000 0.750000 -0.039470
ECO10566 -2.223680 0.276310 0.000000
ECO08626 -3.250000 0.986840 -0.118420
ECO05550 -3.250000 0.986840 0.000000
ECO02424 -3.250000 0.671050 -0.039470
ECO04389 -2.657890 0.394730 0.000000
ECO02878 -3.250000 0.789470 -0.039470
ECO07933 -3.250000 1.144740 0.000000
ECO02224 -3.250000 0.631580 -0.039470
ECO05775 -3.250000 0.907890 0.000000
ECO03117 -3.250000 0.789470 -0.078950
ECO06554 -3.250000 0.789470 0.000000
ECO05457 -3.250000 0.947370 -0.078950
ECO06529 -3.250000 0.868420 0.000000
ECO05843 -2.342110 0.276320 0.592100
ECO03696 -2.223680 0.276310 0.000000
ECO11771 -3.250000 0.947370 -0.039470
ECO03678 -2.342110 0.315790 0.000000
ECO12575 -3.250000 0.828950 -0.039470
ECO02492 -2.500000 0.276320 0.000000
ECO12443 -3.250000 1.263160 -0.236840
ECO06636 -3.250000 0.947370 0.000000
ECO06622 -2.578950 0.394740 0.473680
ECO12201 -2.144740 0.236850 0.000000
ECO10626 -3.250000 0.513160 -0.039470
ECO04678 -2.776320 0.315790 0.000000
ECO04512 -2.263160 0.276320 0.434210
ECO06082 -3.250000 0.986840 0.000000
ECO09005 -2.263160 0.276320 0.394730
ECO08480 -3.250000 0.907890 0.000000
ECO12161 -3.250000 0.828950 -0.039470
ECO10684 -3.250000 0.986840 0.000000
ECO03959 -3.250000 0.947370 -0.078950
ECO00615 -3.171050 0.552630 0.000000
ECO03057 -2.026320 0.157900 0.434210
ECO09375 -3.250000 1.263160 0.000000
ECO03206 -2.105260 0.197370 0.671060
ECO04227 -3.250000 0.552630 0.000000
ECO00255 -2.894740 0.789480 0.078940
ECO04535 -2.263160 0.276320 0.000000
ECO09330 -2.815790 0.671050 0.118420
ECO03389 -3.250000 0.868420 0.000000
ECO12205 -3.250000 0.592110 -0.039470
ECO09934 -3.250000 0.473680 0.000000
ECO03050 -2.815790 0.394740 0.276320
ECO10752 -3.250000 0.868420 0.000000
ECO05682 -2.065790 0.197370 0.552630
ECO08605 -3.210530 0.907900 0.000000
ECO04410 -2.302630 0.276310 0.394740
ECO04061 -3.250000 0.434210 0.000000
ECO02189 -3.250000 0.868420 -0.039470
ECO07194 -3.250000 0.868420 0.000000
ECO10002 -3.210530 1.105270 -0.039480
ECO05180 -2.500000 0.315790 0.000000
ECO12354 -3.250000 0.710530 -0.039470
ECO03406 -2.460530 0.315790 0.000000
ECO08971 -3.250000 1.184210 -0.197370
ECO09843 -3.250000 0.631580 0.000000
ECO10026 -3.250000 0.907890 -0.078950
ECO06533 -3.250000 1.026320 0.000000
ECO04729 -2.776320 0.394740 0.276310
ECO10545 -3.250000 0.828950 0.000000
ECO06550 -2.381580 0.276320 0.513160
ECO05512 -3.250000 0.947370 0.000000
ECO12320 -3.250000 1.105260 -0.157890
ECO10294 -3.210530 0.592110 0.000000
ECO06801 -3.250000 0.592110 -0.039470
ECO05461 -2.539470 0.315790 0.000000
ECO04159 -3.250000 1.026320 -0.157890
ECO03606 -3.250000 1.026320 0.000000
ECO02806 -3.250000 0.828950 -0.078950
ECO08354 -2.539470 0.276310 0.000000
ECO07184 -3.250000 0.671050 -0.039470
ECO12103 -3.250000 0.986840 0.000000
ECO02371 -2.618420 0.671050 0.157900
ECO12136 -3.250000 0.947370 0.000000
ECO02169 -3.013160 0.710530 0.078950
ECO05947 -2.657890 0.631570 0.000000
ECO05220 -3.250000 1.263160 -0.157890
ECO05306 -3.250000 0.828950 0.000000
ECO03183 -3.250000 0.947370 -0.157890
ECO11705 -3.092110 0.907900 0.000000
ECO03226 -2.263160 0.276320 0.394730
ECO08685 -3.250000 0.828950 0.000000
ECO04055 -3.250000 0.907890 -0.078950
ECO00068 -3.250000 0.552630 0.000000
ECO02376 -3.250000 1.065790 -0.157890
ECO02669 -2.421050 0.276310 0.000000
ECO06620 -2.736840 0.355260 0.315790
ECO02683 -3.131580 0.828950 0.000000
ECO02719 -3.250000 1.026320 -0.157890
ECO08249 -3.250000 0.986840 0.000000
ECO01990 -3.250000 0.750000 -0.039470
ECO05661 -3.250000 0.828950 0.000000
ECO08315 -3.250000 0.750000 -0.039470
ECO03610 -2.618420 0.394740 0.000000
ECO04576 -3.171050 0.631580 0.039480
ECO02270 -2.342110 0.276320 0.000000
ECO05797 -3.131580 0.513160 0.039470
ECO02504 -3.250000 0.828950 0.000000
ECO07869 -3.250000 0.434210 -0.039470
ECO05746 -2.500000 0.315790 0.000000
ECO00220 -3.092110 0.631580 0.078940
ECO02624 -3.250000 0.710530 0.000000
ECO06954 -2.342110 0.276320 0.473680
ECO02585 -3.250000 0.986840 0.000000
ECO12505 -3.250000 0.671050 -0.039470
ECO08505 -3.250000 0.907890 0.000000
ECO08790 -3.210530 0.947370 -0.039480
ECO02455 -2.973680 0.315790 0.000000
ECO02923 -3.250000 0.671050 -0.039470
ECO03208 -2.026320 0.157900 0.000000
ECO05765 -2.302630 0.276310 0.434210
ECO12654 -3.250000 0.947370 0.000000
ECO01987 -3.250000 0.710530 -0.039470
ECO02387 -3.052630 0.907890 0.000000
ECO08299 -3.250000 0.907890 -0.078950
ECO02476 -3.250000 1.026320 0.000000
ECO04298 -2.657890 0.434210 0.355270
ECO11260 -3.250000 0.750000 0.000000
ECO08843 -2.381580 0.315790 0.394740
ECO00989 -3.250000 1.105260 0.000000
ECO09277 -3.250000 0.710530 -0.039470
ECO09354 -3.171050 0.631580 0.000000
ECO05878 -2.500000 0.315790 0.513160
ECO06971 -2.578950 0.434210 0.000000
ECO05031 -2.342110 0.315790 0.513150
ECO06712 -3.250000 0.828950 0.000000
ECO12392 -3.250000 0.631580 -0.039470
ECO03738 -3.131580 0.710530 0.000000
ECO04040 -3.250000 0.710530 -0.078950
ECO03227 -2.460530 0.394740 0.000000
ECO07112 -3.250000 0.710530 -0.039470
ECO06903 -3.250000 0.868420 0.000000
ECO06503 -3.210530 1.065790 -0.039480
ECO03236 -2.184210 0.276320 0.000000
ECO05040 -2.065790 0.197370 0.434210
ECO12333 -3.250000 0.907890 0.000000
ECO10022 -2.263160 0.276320 0.434210
ECO05410 -3.250000 0.473680 0.000000
ECO05099 -3.250000 0.986840 -0.078950
ECO03806 -2.223680 0.276310 0.000000
ECO10422 -3.250000 0.592110 -0.039470
ECO10554 -2.500000 0.315790 0.000000
ECO05006 -2.736840 0.315790 0.315790
ECO07805 -3.250000 0.828950 0.000000
ECO05440 -3.250000 0.907890 -0.039470
ECO05308 -3.250000 0.789470 0.000000
ECO09554 -3.250000 0.868420 -0.039470
ECO07775 -3.250000 0.750000 0.000000
ECO00794 -3.250000 0.710530 -0.039470
ECO04806 -3.250000 0.986840 0.000000
ECO10324 -2.342110 0.276320 0.355260
ECO08150 -2.460530 0.315790 0.000000
ECO11319 -3.250000 0.907890 -0.118420
ECO08243 -3.250000 1.184210 0.000000
ECO05533 -2.026320 0.118430 0.907890
ECO09184 -3.250000 0.355260 0.000000
ECO04888 -3.250000 0.671050 -0.078950
ECO05488 -3.250000 1.026320 0.000000
ECO11643 -2.342110 0.315790 0.473680
ECO06174 -2.381580 0.315790 0.000000
ECO07009 -2.302630 0.276310 0.513160
ECO09532 -3.250000 0.789470 0.000000
ECO11105 -3.013160 0.868420 0.078950
ECO09581 -3.250000 0.907890 0.000000
ECO08832 -2.578950 0.394740 0.434210
ECO05388 -3.250000 0.828950 0.000000
ECO11457 -3.250000 0.947370 -0.078950
ECO08581 -3.250000 0.750000 0.000000
ECO11343 -2.223680 0.276310 0.355270
ECO02430 -2.736840 0.394730 0.000000
ECO03016 -3.250000 0.907890 -0.078950
ECO02130 -2.421050 0.315790 0.000000
ECO03416 -2.381580 0.315790 0.434210
ECO04737 -2.500000 0.315790 0.000000
ECO04602 -2.776320 0.394740 0.276310
ECO09618 -3.250000 0.671050 0.000000
ECO02179 -3.250000 0.789470 -0.039470
ECO03494 -2.302630 0.276310 0.000000
ECO06545 -2.934210 0.710530 0.078950
ECO09296 -3.250000 0.789470 0.000000
ECO09310 -2.578950 0.315790 0.473680
ECO03194 -3.250000 0.552630 0.000000
ECO00629 -3.092110 1.105270 0.000000
ECO12273 -2.500000 0.315790 0.000000
ECO04373 -3.250000 0.907890 -0.118420
ECO03873 -3.250000 0.355260 0.000000
ECO02608 -3.250000 0.868420 -0.078950
ECO03301 -3.250000 0.434210 0.000000
ECO09689 -3.250000 0.868420 -0.078950
ECO03487 -2.776320 0.394740 0.000000
ECO05666 -3.250000 0.592110 -0.039470
ECO08324 -2.223680 0.276310 0.000000
ECO06538 -3.250000 1.223680 -0.197370
ECO04766 -3.250000 0.473680 0.000000
ECO04773 -3.250000 0.473680 -0.039470
ECO10396 -3.250000 0.552630 0.000000
ECO05452 -3.250000 0.947370 -0.078950
ECO03187 -2.460530 0.315790 0.000000
ECO06652 -2.421050 0.315790 0.434210
ECO03594 -2.302630 0.276310 0.000000
ECO04287 -2.460530 0.276320 0.592100
ECO02408 -2.539470 0.315790 0.000000
ECO02638 -3.250000 0.671050 -0.039470
ECO06400 -2.776320 0.355270 0.000000
ECO06683 -2.342110 0.276320 0.592100
ECO03375 -1.947370 0.118420 0.000000
ECO00348 -3.250000 0.671050 -0.039470
ECO12068 -2.381580 0.276320 0.000000
ECO07085 -3.250000 0.750000 -0.039470
ECO08372 -2.460530 0.315790 0.000000
ECO04711 -2.223680 0.276310 0.473690
ECO06298 -2.342110 0.276320 0.000000
ECO03475 -3.250000 0.986840 -0.118420
ECO01218 -3.250000 0.947370 0.000000
ECO05028 -2.736840 0.473680 0.315790
ECO04928 -2.855260 0.671050 0.000000
ECO02790 -2.223680 0.276310 0.434210
ECO04092 -2.381580 0.315790 0.000000
ECO11668 -2.342110 0.276320 0.434210
ECO09993 -3.250000 1.105260 0.000000
ECO05211 -3.250000 0.750000 -0.039470
ECO03205 -3.250000 0.907890 0.000000
ECO04241 -2.105260 0.197370 0.473690
ECO10542 -3.250000 0.986840 0.000000
ECO02701 -3.131580 0.750000 0.039470
ECO05459 -2.657890 0.276310 0.000000
ECO05659 -3.250000 0.671050 -0.039470
ECO06798 -3.250000 0.986840 0.000000
ECO11680 -2.263160 0.276320 0.355260
ECO12473 -2.934210 0.750000 0.000000
ECO03156 -3.250000 0.907890 -0.078950
ECO09857 -2.342110 0.276320 0.000000
ECO04562 -2.618420 0.315790 0.315790
ECO12455 -3.250000 0.750000 0.000000
ECO01318 -3.250000 0.750000 -0.039470
ECO03490 -2.421050 0.236840 0.000000
ECO08121 -3.250000 0.789470 -0.039470
ECO07600 -2.855260 0.710520 0.000000
ECO07736 -3.250000 0.986840 -0.039470
ECO04926 -3.250000 1.105260 0.000000
ECO03741 -3.250000 0.907890 -0.118420
ECO04430 -3.250000 0.907890 0.000000
ECO08474 -2.223680 0.236840 0.513160
ECO05709 -2.934210 0.631580 0.000000
ECO03530 -2.657890 0.355260 0.315790
ECO06095 -3.250000 0.631580 0.000000
ECO04923 -2.500000 0.394740 0.473680
ECO11816 -3.250000 0.828950 0.000000
ECO04323 -3.250000 0.828950 -0.039470
ECO12016 -3.250000 0.947370 0.000000
ECO04723 -2.342110 0.276320 0.552630
ECO09167 -2.223680 0.276310 0.000000
ECO02658 -3.250000 0.592110 -0.039470
ECO09646 -2.578950 0.276320 0.000000
ECO06402 -3.052630 0.710520 0.078950
ECO09453 -3.210530 0.868420 0.000000
ECO10232 -2.381580 0.276320 0.513160
ECO08760 -3.250000 0.828950 0.000000
ECO03630 -2.539470 0.473680 0.473690
ECO11133 -3.171050 0.789470 0.000000
ECO09053 -3.250000 1.263160 -0.197370
ECO04916 -2.578950 0.315790 0.000000
ECO05716 -2.460530 0.276320 0.592100
ECO07767 -3.250000 0.671050 0.000000
ECO05816 -2.500000 0.276320 0.394740
ECO03737 -2.500000 0.355260 0.000000
ECO02165 -3.250000 0.789470 -0.039470
ECO02644 -3.250000 0.907890 0.000000
ECO05402 -3.250000 0.789470 -0.039470
ECO03138 -3.052630 0.315790 0.000000
ECO00917 -2.894740 0.592110 0.118420
ECO02155 -3.250000 0.750000 0.000000
ECO12503 -3.250000 0.710530 -0.039470
ECO12520 -3.250000 0.710530 0.000000
ECO08303 -3.250000 0.868420 -0.078950
ECO12303 -3.250000 0.750000 0.000000
ECO04800 -3.250000 0.710530 -0.039470
ECO03221 -3.250000 1.065790 0.000000
ECO04071 -3.210530 1.105270 -0.039480
ECO12032 -2.381580 0.315790 0.000000
ECO10641 -2.263160 0.236840 0.513160
ECO04314 -3.250000 0.394740 0.000000
ECO09950 -3.210530 0.592110 0.000000
ECO08127 -3.250000 0.750000 0.000000
ECO06068 -3.250000 1.026320 -0.157890
ECO05532 -3.250000 0.986840 0.000000
ECO05493 -2.342110 0.276320 0.355260
ECO12089 -2.105260 0.197370 0.000000
ECO06536 -3.250000 0.789470 -0.039470
ECO06411 -3.250000 0.947370 0.000000
ECO05143 -3.250000 0.434210 -0.039470
ECO11513 -3.250000 1.223680 0.000000
ECO06050 -3.250000 0.671050 -0.039470
ECO03621 -3.250000 0.986840 0.000000
ECO08633 -2.539470 0.276310 0.473690
ECO04889 -3.250000 0.434210 0.000000
ECO11739 -3.250000 0.828950 -0.078950
ECO04732 -3.250000 0.868420 0.000000
ECO07940 -3.250000 0.868420 -0.039470
ECO03953 -2.105260 0.197370 0.000000
ECO06000 -3.250000 0.947370 -0.078950
ECO10398 -3.250000 0.552630 0.000000
ECO05075 -2.460530 0.315790 0.592100
ECO09237 -3.210530 0.552640 0.000000
ECO09619 -2.815790 0.750000 0.078950
ECO06879 -3.250000 1.026320 0.000000
ECO10466 -2.144740 0.236850 0.434210
ECO06604 -3.250000 0.631580 0.000000
ECO07765 -3.250000 0.750000 -0.039470
ECO07872 -3.250000 0.828950 0.000000
ECO02199 -2.381580 0.355260 0.434210
ECO04264 -3.250000 0.828950 0.000000
ECO03396 -2.697370 0.473690 0.315790
ECO11288 -2.342110 0.276320 0.000000
ECO05093 -3.250000 0.750000 -0.039470
ECO02392 -3.250000 1.263160 0.000000
ECO02538 -3.250000 0.947370 -0.039470
ECO00734 -3.250000 0.631580 0.000000
ECO02755 -3.250000 0.552630 -0.039470
ECO08805 -2.342110 0.315790 0.000000
ECO12486 -2.381580 0.355260 0.592100
ECO04793 -3.250000 0.907890 0.000000
ECO09246 -3.250000 0.592110 -0.039470
ECO06388 -3.250000 1.144740 0.000000
ECO08360 -2.381580 0.276320 0.394740
ECO03730 -3.250000 0.552630 0.000000
ECO08374 -3.013160 0.671050 0.078950
ECO03937 -2.381580 0.315790 0.000000
ECO02451 -3.250000 0.868420 -0.039470
ECO02944 -2.263160 0.276320 0.000000
ECO08574 -2.657890 0.434210 0.434220
ECO06093 -3.250000 1.302630 0.000000
ECO07808 -3.250000 0.907890 -0.039470
ECO08676 -3.250000 0.789470 0.000000
ECO02399 -2.618420 0.434210 0.355260
ECO11606 -3.250000 0.828950 0.000000
ECO11174 -3.250000 0.750000 -0.039470
ECO04289 -3.250000 1.105260 0.000000
ECO00545 -3.250000 0.710530 -0.039470
ECO05918 -3.250000 0.592110 0.000000
ECO11067 -3.250000 0.592110 -0.039470
ECO04757 -2.263160 0.276320 0.000000
ECO04982 -3.250000 0.947370 -0.039470
ECO08969 -3.250000 1.026320 0.000000
ECO12368 -2.421050 0.276310 0.473690
ECO04064 -3.250000 1.065790 0.000000
ECO10080 -3.250000 0.434210 -0.039470
ECO10480 -3.250000 0.907890 0.000000
ECO08101 -2.381580 0.276320 0.434210
ECO05675 -3.052630 0.671050 0.000000
ECO11782 -3.250000 0.986840 -0.118420
ECO05207 -3.250000 1.026320 0.000000
ECO05586 -3.250000 0.907890 -0.078950
ECO07965 -3.210530 0.631580 0.000000
ECO05382 -2.500000 0.315790 0.513160
ECO07254 -2.578950 0.276320 0.000000
ECO04689 -3.250000 0.947370 -0.078950
ECO02953 -3.250000 0.434210 0.000000
ECO06336 -3.250000 0.394740 -0.039470
ECO05118 -2.421050 0.355260 0.000000
ECO12025 -2.500000 0.355260 0.434210
ECO07147 -3.250000 1.026320 0.000000
ECO11313 -3.250000 1.302630 -0.197370
ECO08326 -3.250000 0.710530 0.000000
ECO02242 -3.250000 0.947370 -0.118420
ECO06961 -3.250000 0.868420 0.000000
ECO02710 -2.578950 0.236840 0.315790
ECO05800 -2.657890 0.473680 0.000000
ECO02574 -3.250000 1.065790 -0.118420
ECO04366 -3.250000 0.947370 0.000000
ECO08317 -3.250000 0.592110 -0.039470
ECO07331 -3.250000 0.710530 0.000000
ECO11169 -3.250000 1.105260 -0.078950
ECO09603 -3.250000 0.671050 0.000000
ECO09110 -3.250000 0.986840 -0.078950
ECO12373 -3.250000 0.947370 0.000000
ECO02885 -2.815790 0.671050 0.078950
ECO02124 -3.250000 0.789470 0.000000
ECO04804 -2.065790 0.197370 0.434210
ECO08347 -2.618420 0.355260 0.000000
ECO06757 -3.250000 0.631580 -0.039470
ECO08598 -2.500000 0.276320 0.000000
ECO03259 -2.421050 0.355260 0.394740
ECO06258 -3.250000 0.907890 0.000000
ECO06603 -3.250000 0.789470 -0.039470
ECO09518 -2.934210 0.355260 0.000000
ECO01421 -3.250000 0.671050 -0.039470
ECO07008 -2.302630 0.276310 0.000000
ECO12629 -3.250000 0.789470 -0.039470
ECO01259 -3.171050 0.513160 0.000000
ECO10569 -2.500000 0.276320 0.552630
ECO08530 -3.250000 0.828950 0.000000
ECO03034 -3.250000 0.473680 -0.039470
ECO03204 -3.250000 0.592110 0.000000
ECO09547 -3.250000 0.828950 -0.039470
ECO05889 -2.736840 0.394730 0.000000
ECO04854 -2.539470 0.236840 0.552640
ECO12093 -2.894740 0.868420 0.000000
ECO09254 -3.210530 0.750000 0.000000
ECO08841 -3.250000 0.907890 0.000000
ECO03897 -3.250000 0.868420 -0.039470
ECO04417 -2.736840 0.473680 0.000000
ECO04386 -2.460530 0.315790 0.315790
ECO12347 -2.500000 0.315790 0.000000
ECO12360 -2.500000 0.315790 0.473680
ECO07994 -3.250000 0.868420 0.000000
ECO10083 -3.250000 0.671050 -0.078950
ECO06726 -2.263160 0.276320 0.000000
ECO03936 -2.184210 0.276320 0.434210
ECO03463 -2.618420 0.513160 0.000000
ECO05301 -2.342110 0.315790 0.513150
ECO01460 -3.171050 0.631580 0.000000
ECO10734 -3.210530 0.750000 0.000000
ECO00242 -2.736840 0.592100 0.000000
ECO06540 -3.250000 1.065790 -0.078950
ECO10501 -3.250000 0.750000 0.000000
ECO00409 -2.657890 0.552630 0.157900
ECO06590 -2.776320 0.671060 0.000000
ECO00723 -3.171050 0.710520 0.000000
ECO10970 -2.934210 0.671050 0.000000
ECO00927 -3.131580 0.552630 0.039470
ECO03429 -2.578950 0.355270 0.000000
ECO08582 -2.302630 0.276310 0.473690
ECO09748 -3.250000 1.184210 0.000000
ECO02545 -2.421050 0.355260 0.434210
ECO09952 -3.250000 0.710530 0.000000
ECO06608 -3.250000 0.671050 -0.039470
ECO02331 -2.736840 0.671050 0.000000
ECO02846 -3.250000 1.105260 -0.157890
ECO06705 -3.250000 0.789470 0.000000
ECO11999 -2.421050 0.276310 0.513160
ECO04404 -2.539470 0.315790 0.000000
ECO04365 -3.250000 0.828950 -0.078950
ECO08148 -3.250000 0.671050 0.000000
ECO08279 -3.250000 0.868420 -0.078950
ECO03918 -3.250000 0.513160 0.000000
ECO03217 -3.250000 0.394740 inf
ECO11965 -2.500000 0.276320 0.000000
ECO03965 -2.302630 0.315790 0.394740
ECO08284 -3.250000 0.631580 0.000000
ECO08548 -2.539470 0.355260 0.513160
ECO11879 -3.250000 0.710530 0.000000
ECO12611 -3.210530 0.789480 0.000000
ECO03264 -3.131580 0.986840 0.000000
ECO02961 -2.736840 0.473680 0.197370
ECO04540 -2.342110 0.315790 0.000000
ECO11756 -2.381580 0.276320 0.671050
ECO09309 -2.855260 0.631580 0.000000
ECO04663 -2.263160 0.276320 0.434210
ECO06880 -3.250000 0.789470 0.000000
ECO07850 -3.250000 0.947370 -0.039470
ECO09688 -3.250000 0.947370 0.000000
ECO05042 -2.105260 0.197370 0.631580
ECO07416 -3.250000 0.828950 0.000000
ECO05199 -3.250000 1.026320 -0.157890
ECO05408 -3.013160 0.947370 0.000000
ECO05442 -3.250000 0.710530 -0.039470
ECO10957 -3.013160 0.631580 0.000000
ECO07280 -3.250000 0.828950 -0.078950
ECO06778 -3.250000 0.986840 0.000000
ECO11321 -2.618420 0.394740 0.394740
ECO11287 -2.815790 0.710530 0.000000
ECO11025 -3.131580 0.513160 0.039470
ECO02268 -2.539470 0.355260 0.000000
ECO11250 -3.250000 1.223680 -0.078950
ECO02859 -3.250000 0.947370 0.000000
ECO01332 -2.342110 0.236850 0.671050
ECO11722 -3.250000 0.907890 0.000000
ECO08158 -3.131580 0.868420 0.039470
ECO05900 -3.250000 0.907890 0.000000
ECO09069 -3.250000 0.671050 -0.039470
ECO09962 -3.250000 1.105260 0.000000
ECO09269 -3.250000 0.947370 -0.078950
ECO09176 -3.250000 0.986840 0.000000
ECO03828 -3.250000 0.947370 -0.118420
ECO02160 -3.250000 0.710530 0.000000
ECO03635 -3.250000 0.907890 -0.039470
ECO06086 -3.250000 0.947370 0.000000
ECO03639 -2.618420 0.394740 0.355260
ECO11049 -2.421050 0.315790 0.000000
ECO05100 -2.342110 0.276320 0.473680
ECO07797 -3.250000 0.750000 0.000000
ECO08465 -3.250000 0.592110 -0.039470
ECO04907 -3.250000 0.947370 0.000000
ECO12214 -2.894740 0.671060 0.118420
ECO10541 -3.250000 0.789470 0.000000
ECO09337 -3.092110 0.986850 0.039470
ECO04614 -2.539470 0.355260 0.000000
ECO08469 -3.250000 0.710530 -0.039470
ECO07983 -3.250000 0.631580 0.000000
ECO07976 -3.250000 0.592110 -0.039470
ECO05593 -2.302630 0.276310 0.000000
ECO05218 -3.250000 1.065790 -0.157890
ECO05014 -3.250000 0.750000 0.000000
ECO09455 -3.250000 1.105260 -0.118420
ECO04839 -2.381580 0.276320 0.000000
ECO08851 -3.210530 0.552640 0.000000
ECO03614 -2.302630 0.276310 0.000000
ECO04239 -2.263160 0.276320 0.552630
ECO06579 -3.250000 0.868420 0.000000
ECO05325 -3.250000 0.947370 -0.078950
ECO03435 -3.250000 0.868420 0.000000
ECO00470 -3.171050 0.631580 0.039480
ECO05232 -2.302630 0.276310 0.000000
ECO05039 -3.250000 1.026320 -0.157890
ECO11907 -2.578950 0.276320 0.000000
ECO01674 -3.131580 0.750000 0.039470
ECO11320 -3.250000 1.065790 0.000000
ECO08376 -3.250000 0.828950 -0.039470
ECO02342 -3.052630 0.671050 0.000000
ECO02635 -2.539470 0.276310 0.513160
ECO02367 -3.250000 0.828950 0.000000
ECO04900 -2.421050 0.276310 0.315790
ECO01928 -3.250000 0.592110 0.000000
ECO02378 -3.250000 0.789470 -0.039470
ECO12679 -3.250000 0.750000 0.000000
ECO02464 -3.250000 0.750000 -0.039470
ECO03379 -2.381580 0.315790 0.000000
ECO08123 -3.250000 0.671050 -0.039470
ECO08895 -3.250000 0.671050 0.000000
ECO04688 -3.250000 0.868420 -0.039470
ECO07166 -3.092110 0.671060 0.000000
ECO03373 -3.250000 0.828950 -0.039470
ECO04813 -1.907890 0.039470 0.000000
ECO07219 -2.500000 0.315790 0.552630
ECO05498 -2.500000 0.315790 0.000000
ECO04126 -3.250000 1.026320 -0.118420
ECO08821 -2.539470 0.315790 0.000000
ECO06264 -2.500000 0.315790 0.394740
ECO09302 -2.381580 0.315790 0.000000
ECO09304 -2.500000 0.513160 0.157890
ECO12481 -2.500000 0.315790 0.000000
ECO09997 -3.250000 0.868420 -0.039470
ECO10318 -3.250000 1.065790 0.000000
ECO03716 -2.302630 0.315790 0.394740
ECO07460 -3.250000 0.947370 0.000000
ECO10653 -3.250000 1.065790 -0.157890
ECO08495 -3.092110 1.026320 0.000000
ECO02144 -2.263160 0.276320 0.473680
ECO07946 -3.250000 0.947370 0.000000
ECO03465 -2.421050 0.315790 0.355270
ECO10467 -2.223680 0.236840 0.000000
ECO10874 -3.250000 0.907890 -0.118420
ECO08223 -3.250000 0.789470 0.000000
ECO00237 -2.500000 0.513160 0.157890
ECO08902 -3.250000 0.710530 0.000000
ECO04288 -3.250000 0.986840 -0.078950
ECO04279 -3.250000 0.868420 0.000000
ECO06351 -3.250000 1.065790 -0.157890
ECO04281 -2.421050 0.315790 0.000000
ECO04179 -3.250000 0.473680 -0.039470
ECO10674 -3.250000 0.986840 0.000000
ECO04581 -2.381580 0.276320 0.315790
ECO05951 -3.250000 0.907890 0.000000
ECO07123 -3.250000 0.907890 -0.039470
ECO05158 -3.250000 0.828950 0.000000
ECO11774 -3.250000 0.868420 -0.078950
ECO03986 -2.263160 0.276320 0.000000
ECO06530 -2.144740 0.236850 0.394730
ECO09697 -3.210530 0.710530 0.000000
ECO07830 -3.052630 0.710520 0.078950
ECO11772 -3.250000 0.868420 0.000000
ECO05458 -2.381580 0.276320 0.513160
ECO10304 -3.250000 1.144740 0.000000
ECO06060 -3.052630 0.868420 0.039480
ECO10975 -3.250000 0.947370 0.000000
ECO00614 -3.250000 0.631580 -0.039470
ECO10767 -3.250000 0.828950 0.000000
ECO05360 -3.250000 0.907890 -0.118420
ECO07223 -3.250000 0.592110 0.000000
ECO08323 -3.250000 0.868420 -0.039470
ECO12374 -3.250000 0.355260 0.000000
ECO05660 -2.263160 0.236840 0.631580
ECO05758 -3.250000 0.986840 0.000000
ECO03279 -2.302630 0.315790 0.355260
ECO03479 -2.302630 0.276310 0.000000
ECO02686 -3.250000 0.671050 -0.039470
ECO08225 -2.342110 0.315790 0.000000
ECO05860 -2.855260 0.710520 0.078950
ECO02967 -2.223680 0.276310 0.000000
ECO12525 -2.302630 0.276310 0.473690
ECO12446 -2.460530 0.315790 0.000000
ECO11158 -2.263160 0.276320 0.315790
ECO06720 -3.250000 0.671050 0.000000
ECO11748 -2.342110 0.315790 0.473680
ECO00854 -2.934210 0.710530 0.000000
ECO05047 -2.381580 0.276320 0.592100
ECO09657 -2.460530 0.276320 0.000000
ECO02726 -3.171050 0.828940 0.000000
ECO05298 -3.250000 0.828950 0.000000
ECO08885 -3.250000 0.789470 -0.039470
ECO11798 -2.697370 0.513160 0.000000
ECO06420 -3.250000 0.868420 -0.039470
ECO04362 -3.250000 0.868420 0.000000
ECO08592 -3.250000 0.710530 -0.039470
ECO11855 -3.250000 0.592110 0.000000
ECO05191 -2.342110 0.276320 0.592100
ECO00054 -3.250000 0.631580 0.000000
ECO06470 -2.539470 0.276310 0.552640
ECO03955 -1.986840 0.118420 0.000000
ECO09764 -3.250000 0.750000 -0.039470
ECO09678 -3.250000 0.750000 0.000000
ECO04755 -3.250000 0.315790 inf
ECO04598 -2.223680 0.276310 0.000000
ECO00861 -2.539470 0.355260 0.394740
ECO03126 -2.184210 0.236840 0.000000
ECO06613 -3.131580 0.631580 0.039470
ECO11447 -2.302630 0.276310 0.000000
ECO05134 -2.263160 0.276320 0.473680
ECO05884 -3.250000 0.828950 0.000000
ECO00990 -2.973680 0.631570 0.078950
ECO09685 -3.250000 1.105260 0.000000
ECO08192 -3.250000 0.750000 -0.039470
ECO05327 -1.789470 -0.118420 0.000000
ECO05920 -3.250000 0.513160 -0.039470
ECO00004 -2.973680 0.710520 0.000000
ECO07806 -3.250000 0.592110 -0.039470
ECO06070 -3.250000 0.868420 0.000000
ECO10564 -2.263160 0.236840 0.631580
ECO00061 -3.250000 0.473680 0.000000
ECO11561 -3.250000 1.263160 -0.157890
ECO06956 -2.815790 0.828950 0.000000
ECO03769 -2.460530 0.315790 0.552630
ECO11709 -3.250000 0.789470 0.000000
ECO12444 -2.539470 0.552630 0.157900
ECO03905 -2.460530 0.315790 0.000000
ECO08728 -3.250000 0.631580 -0.039470
ECO02326 -3.092110 0.868430 0.000000
ECO01690 -2.618420 0.592100 0.118420
ECO02833 -3.210530 0.592110 0.000000
ECO09228 -2.342110 0.276320 0.473680
ECO05970 -2.263160 0.236840 0.000000
ECO06077 -3.250000 0.907890 -0.078950
ECO03212 -2.578950 0.394740 0.000000
ECO10614 -2.578950 0.355270 0.394730
ECO06763 -2.342110 0.276320 0.000000
ECO05438 -2.342110 0.276320 0.355260
ECO02269 -2.539470 0.315790 0.000000
ECO06364 -3.250000 0.631580 -0.039470
ECO11770 -2.421050 0.276310 0.000000
ECO03917 -3.250000 0.355260 inf
ECO11661 -2.263160 0.276320 0.000000
ECO00424 -2.618420 0.592100 0.118420
ECO09333 -3.250000 0.513160 0.000000
ECO08452 -3.250000 0.868420 -0.039470
ECO00117 -3.250000 1.144740 0.000000
ECO08375 -3.250000 0.986840 -0.157890
ECO11018 -3.250000 0.789470 0.000000
ECO12533 -3.250000 0.986840 -0.078950
ECO00457 -3.171050 0.671050 0.000000
ECO11353 -2.342110 0.276320 0.671050
ECO02359 -3.250000 1.223680 0.000000
ECO02457 -3.250000 0.907890 -0.039470
ECO02466 -3.250000 0.986840 0.000000
ECO09052 -3.250000 0.750000 -0.039470
ECO05678 -3.250000 0.750000 0.000000
ECO03159 -2.894740 0.394740 0.236840
ECO04206 -2.539470 0.315790 0.000000
ECO12524 -3.171050 0.631580 0.039480
ECO04738 -2.342110 0.276320 0.000000
ECO00194 -2.697370 0.592110 0.118420
ECO04508 -2.342110 0.276320 0.000000
ECO05592 -2.618420 0.473680 0.394740
ECO03747 -2.855260 0.315790 0.000000
ECO10565 -3.250000 1.105260 -0.118420
ECO07796 -3.250000 0.947370 0.000000
ECO04387 -2.500000 0.276320 0.513160
ECO03318 -3.250000 0.355260 0.000000
ECO06955 -2.697370 0.434210 0.355260
ECO08191 -3.250000 0.907890 0.000000
ECO09234 -3.250000 1.065790 -0.078950
ECO10519 -2.657890 0.394730 0.000000
ECO04150 -3.092110 0.276320 0.078940
ECO05657 -3.250000 1.105260 0.000000
ECO11607 -3.250000 0.907890 -0.039470
ECO06238 -3.250000 0.828950 0.000000
ECO04983 -3.250000 0.513160 -0.039470
ECO05020 -2.342110 0.315790 0.000000
ECO03197 -3.250000 1.105260 -0.118420
ECO06256 -2.500000 0.315790 0.000000
ECO12162 -3.250000 0.828950 -0.039470
ECO06892 -3.250000 0.868420 0.000000
ECO09093 -3.250000 0.907890 -0.078950
ECO06827 -2.973680 0.907890 0.000000
ECO10136 -3.250000 0.710530 -0.039470
ECO07108 -2.263160 0.276320 0.000000
ECO06591 -3.250000 1.263160 -0.197370
ECO09336 -2.618420 0.434210 0.000000
ECO06710 -3.250000 0.947370 -0.039470
ECO00957 -3.092110 0.513160 0.000000
ECO06124 -3.250000 0.592110 -0.039470
ECO08047 -2.539470 0.276310 0.000000
ECO10719 -2.855260 0.710520 0.078950
ECO10035 -3.250000 0.631580 0.000000
ECO03048 -3.250000 1.302630 -0.157890
ECO02384 -3.250000 0.868420 0.000000
ECO05103 -3.250000 1.105260 -0.078950
ECO05389 -3.250000 1.065790 0.000000
ECO10787 -2.500000 0.276320 0.315790
ECO09366 -3.250000 0.750000 0.000000
ECO09315 -3.250000 0.986840 -0.157890
ECO09784 -3.250000 0.947370 0.000000
ECO00389 -3.171050 0.828940 0.000000
ECO05355 -3.210530 0.907900 0.000000
ECO12507 -3.250000 0.631580 -0.039470
ECO11249 -3.250000 0.947370 0.000000
ECO06819 -2.263160 0.315790 0.394730
ECO03320 -3.250000 0.631580 0.000000
ECO00912 -2.894740 0.828950 0.078940
ECO07755 -3.250000 0.710530 0.000000
ECO09733 -2.500000 0.552630 0.157890
ECO07912 -3.250000 0.828950 0.000000
ECO08447 -2.184210 0.236840 0.592110
ECO02964 -1.986840 0.118420 0.000000
ECO05956 -3.250000 0.750000 -0.039470
ECO06026 -3.250000 0.671050 0.000000
ECO05292 -3.250000 0.750000 -0.039470
ECO01712 -3.250000 0.710530 0.000000
ECO09099 -3.250000 0.868420 -0.039470
ECO06241 -3.250000 0.631580 0.000000
ECO03033 -3.250000 0.473680 -0.039470
ECO08431 -3.250000 0.986840 0.000000
ECO08996 -3.250000 0.631580 -0.039470
ECO02711 -3.250000 0.907890 0.000000
ECO02675 -3.250000 0.631580 -0.039470
ECO02418 -3.171050 0.986840 0.000000
ECO10536 -3.250000 0.592110 -0.039470
ECO10871 -3.250000 0.789470 0.000000
ECO00139 -2.934210 0.631580 0.078950
ECO08345 -3.250000 1.105260 0.000000
ECO11323 -3.250000 0.986840 -0.118420
ECO06991 -2.421050 0.355260 0.000000
ECO08414 -2.973680 0.710520 0.078950
ECO02018 -3.210530 0.631580 0.000000
ECO08745 -2.934210 0.750000 0.078950
ECO04687 -1.750000 -0.078950 0.000000
ECO05773 -3.250000 0.473680 -0.039470
ECO02629 -3.250000 1.026320 0.000000
ECO12583 -3.250000 0.986840 -0.118420
ECO09493 -3.171050 0.947370 0.000000
ECO06962 -2.302630 0.236840 0.552630
ECO04084 -2.342110 0.276320 0.000000
ECO02212 -2.223680 0.276310 0.434210
ECO02847 -3.250000 0.907890 0.000000
ECO10068 -3.250000 0.592110 -0.039470
ECO06724 -3.250000 0.907890 0.000000
ECO04384 -2.618420 0.355260 0.434210
ECO08013 -2.578950 0.355270 0.000000
ECO10236 -3.250000 0.434210 -0.039470
ECO06575 -2.144740 0.236850 0.000000
ECO08329 -3.250000 0.947370 -0.078950
ECO01643 -3.250000 0.631580 0.000000
ECO03015 -3.250000 0.947370 -0.118420
ECO12480 -3.250000 0.986840 0.000000
ECO03705 -2.578950 0.276320 0.394730
ECO13577 -2.578950 0.276320 0.000000
ECO08256 -3.210530 0.789480 0.000000
ECO03176 -2.184210 0.276320 0.000000
ECO03362 -2.342110 0.276320 0.394730
ECO03631 -2.342110 0.315790 0.000000
ECO04836 -2.539470 0.315790 0.473690
ECO04436 -2.578950 0.315790 0.000000
ECO09817 -3.013160 0.552630 0.118420
ECO09782 -3.250000 0.789470 0.000000
ECO06624 -3.250000 1.026320 -0.118420
ECO10303 -2.500000 0.355260 0.000000
ECO07710 -3.250000 0.947370 -0.078950
ECO06373 -2.342110 0.315790 0.000000
ECO00357 -3.250000 0.750000 -0.039470
ECO06122 -3.250000 0.828950 0.000000
ECO12046 -3.250000 0.947370 -0.118420
ECO05003 -2.736840 0.355260 0.000000
ECO08266 -3.250000 0.868420 -0.118420
ECO00871 -3.052630 0.671050 0.000000
ECO11808 -3.250000 0.789470 -0.039470
ECO04715 -3.250000 0.828950 0.000000
ECO08761 -3.092110 0.986850 0.039470
ECO09961 -3.250000 0.552630 0.000000
ECO04145 -3.210530 0.276320 0.000000
ECO08089 -3.250000 0.750000 0.000000
ECO11738 -2.421050 0.355260 0.473690
ECO12015 -3.250000 1.026320 0.000000
ECO10538 -3.250000 0.631580 -0.039470
ECO04522 -3.250000 0.868420 0.000000
ECO04922 -3.250000 0.473680 -0.039470
ECO07959 -3.250000 0.907890 0.000000
ECO09438 -3.250000 0.947370 -0.078950
ECO10731 -3.250000 0.592110 0.000000
ECO05494 -2.302630 0.276310 0.473690
ECO10138 -3.250000 0.750000 0.000000
ECO05217 -2.500000 0.276320 0.513160
ECO04315 -2.539470 0.276310 0.000000
ECO00873 -3.092110 0.552640 0.078940
ECO09361 -2.381580 0.276320 0.000000
ECO00001 -2.342110 0.315790 0.394730
ECO09931 -3.250000 0.631580 0.000000
ECO09761 -2.421050 0.315790 0.434210
ECO12317 -3.250000 1.026320 0.000000
ECO12508 -3.250000 0.750000 -0.039470
ECO02452 -2.342110 0.315790 0.000000
ECO04245 -2.342110 0.315790 0.355260
ECO12417 -2.973680 0.394730 0.000000
ECO02950 -2.578950 0.394740 0.473680
ECO05224 -2.342110 0.276320 0.000000
ECO03045 -2.302630 0.276310 0.631580
ECO03052 -3.250000 1.026320 0.000000
ECO08568 -3.250000 0.671050 -0.039470
ECO08272 -2.263160 0.276320 0.000000
ECO02005 -2.973680 0.671050 0.078950
ECO12285 -1.750000 -0.078950 0.000000
ECO10142 -2.381580 0.315790 0.355260
ECO02905 -3.250000 0.710530 0.000000
ECO02139 -3.250000 0.631580 -0.039470
ECO04616 -2.421050 0.315790 0.000000
ECO08367 -2.657890 0.434210 0.434220
ECO07967 -3.250000 0.947370 0.000000
ECO09360 -2.381580 0.276320 0.592100
ECO09739 -2.421050 0.355260 0.000000
ECO03137 -2.815790 0.355260 0.276320
ECO02458 -3.250000 0.907890 0.000000
ECO02744 -3.171050 1.026310 -0.078940
ECO06895 -2.421050 0.276310 0.000000
ECO08467 -2.302630 0.236840 0.552630
ECO08074 -3.250000 0.828950 0.000000
ECO08260 -3.250000 0.868420 -0.039470
ECO12609 -3.250000 0.907890 0.000000
ECO11233 -3.250000 0.671050 -0.039470
ECO12516 -3.250000 0.986840 0.000000
ECO02365 -3.250000 0.986840 -0.078950
ECO12523 -2.815790 0.671050 0.000000
ECO12623 -3.250000 0.789470 -0.039470
ECO12602 -3.250000 0.986840 0.000000
ECO03537 -3.250000 0.473680 -0.039470
ECO03430 -2.263160 0.276320 0.000000
ECO06881 -2.578950 0.315790 0.315790
ECO05316 -2.381580 0.315790 0.000000
ECO12249 -3.250000 0.671050 -0.039470
ECO00805 -2.342110 0.315790 0.000000
ECO11639 -3.210530 0.986850 -0.039480
ECO04290 -2.776320 0.394740 0.000000
ECO11883 -3.250000 0.789470 -0.039470
ECO12006 -3.250000 0.631580 0.000000
ECO04011 -3.250000 0.473680 -0.039470
ECO10529 -2.144740 0.197370 0.000000
ECO03054 -3.250000 0.710530 -0.039470
ECO09870 -2.263160 0.236840 0.000000
ECO01312 -2.973680 0.631570 0.118430
ECO04756 -3.250000 0.828950 0.000000
ECO12548 -3.250000 0.868420 -0.078950
ECO09978 -2.302630 0.315790 0.000000
ECO03112 -2.105260 0.197370 0.671060
ECO02226 -3.250000 0.986840 0.000000
ECO02469 -2.460530 0.355270 0.434210
ECO02383 -3.250000 0.750000 0.000000
ECO03679 -3.250000 0.592110 -0.039470
ECO12551 -3.250000 0.710530 0.000000
ECO12081 -2.736840 0.394730 0.315790
ECO01707 -3.052630 0.671050 0.000000
ECO02207 -3.250000 0.986840 -0.118420
ECO04858 -2.263160 0.276320 0.000000
ECO08325 -2.500000 0.355260 0.473680
ECO08132 -2.460530 0.394740 0.000000
ECO00920 -2.894740 0.631580 0.118420
ECO08683 -3.250000 0.671050 0.000000
ECO08390 -2.500000 0.434210 0.473680
ECO00881 -2.065790 0.197370 0.000000
ECO11495 -2.302630 0.276310 0.355260
ECO06986 -2.460530 0.276320 0.000000
ECO11807 -3.250000 0.868420 -0.078950
ECO03203 -3.052630 0.710520 0.000000
ECO02335 -3.250000 1.065790 -0.157890
ECO12675 -3.250000 0.750000 0.000000
ECO00970 -3.250000 0.552630 inf
ECO00677 -3.131580 0.671050 0.000000
ECO01867 -3.250000 0.552630 -0.039470
ECO12557 -3.250000 0.868420 0.000000
ECO05893 -3.250000 0.750000 -0.039470
ECO12568 -3.250000 0.750000 0.000000
ECO03728 -2.500000 0.355260 0.473680
ECO06654 -3.250000 0.631580 0.000000
ECO12518 -3.131580 0.592110 0.039470
ECO09687 -3.250000 0.750000 0.000000
ECO04848 -2.381580 0.276320 0.394740
ECO12334 -3.250000 1.302630 0.000000
ECO02433 -3.250000 0.750000 -0.039470
ECO03319 -2.578950 0.355270 0.000000
ECO10976 -3.250000 0.947370 -0.118420
ECO11479 -3.250000 1.144740 0.000000
ECO08617 -3.250000 0.789470 -0.039470
ECO09803 -2.223680 0.276310 0.000000
ECO08424 -3.250000 0.750000 -0.039470
ECO10675 -3.250000 1.105260 0.000000
ECO08024 -2.500000 0.315790 0.552630
ECO04073 -2.342110 0.315790 0.000000
ECO04966 -3.250000 0.907890 -0.078950
ECO05759 -2.539470 0.315790 0.000000
ECO02801 -3.250000 0.671050 -0.039470
ECO08410 -3.250000 0.631580 0.000000
ECO09217 -2.539470 0.315790 0.513160
ECO02394 -3.250000 0.592110 0.000000
ECO02355 -2.539470 0.315790 0.513160
ECO02287 -3.250000 0.828950 0.000000
ECO02138 -2.381580 0.276320 0.473680
ECO09575 -3.250000 0.710530 0.000000
ECO02840 -3.052630 0.789470 0.039480
ECO02406 -3.250000 0.828950 0.000000
ECO01938 -3.013160 0.868420 0.039470
ECO05417 -3.052630 1.026310 0.000000
ECO02843 -3.250000 0.868420 -0.078950
ECO12510 -3.250000 0.789470 0.000000
ECO08168 -2.855260 0.394730 0.276320
ECO00980 -3.250000 0.631580 0.000000
ECO03545 -2.500000 0.355260 0.473680
ECO07189 -3.250000 0.907890 0.000000
ECO02745 -2.657890 0.434210 0.434220
ECO02459 -2.500000 0.315790 0.000000
ECO11897 -2.421050 0.276310 0.394740
ECO12467 -2.421050 0.276310 0.000000
ECO02391 -3.250000 0.671050 -0.039470
ECO05769 -3.250000 0.828950 0.000000
ECO03361 -3.250000 1.105260 -0.078950
ECO06012 -2.421050 0.315790 0.000000
ECO00655 -2.578950 0.552630 0.157890
ECO05910 -2.776320 0.394740 0.000000
ECO12535 -3.250000 0.868420 -0.078950
ECO03102 -3.250000 0.276320 0.000000
ECO09050 -2.184210 0.276320 0.394740
ECO12292 -3.250000 0.710530 0.000000
ECO06846 -2.421050 0.315790 0.513160
ECO02409 -3.250000 1.065790 0.000000
ECO09495 -2.302630 0.315790 0.394740
ECO03179 -3.250000 0.671050 0.000000
ECO04981 -3.250000 0.907890 -0.078950
ECO08401 -3.250000 1.105260 0.000000
ECO04964 -2.421050 0.276310 0.315790
ECO12668 -3.250000 1.065790 0.000000
ECO00420 -3.250000 0.631580 -0.039470
ECO05818 -2.894740 0.631580 0.000000
ECO02167 -3.250000 0.828950 -0.039470
ECO12475 -3.250000 0.671050 0.000000
ECO12300 -3.250000 0.868420 -0.039470
ECO05468 -2.342110 0.315790 0.000000
ECO11714 -3.250000 0.750000 -0.039470
ECO02135 -3.250000 0.907890 0.000000
ECO03353 -2.144740 0.236850 0.355260
ECO02485 -2.263160 0.276320 0.000000
ECO12632 -3.250000 0.986840 -0.157890
ECO12582 -3.250000 0.789470 0.000000
ECO04621 -3.250000 0.947370 -0.157890
ECO02467 -3.092110 0.789480 0.000000
ECO12651 -3.250000 0.947370 -0.078950
ECO05762 -3.250000 0.789470 0.000000
ECO06695 -2.578950 0.434210 0.434210
ECO09394 -3.250000 0.355260 0.000000
ECO04021 -2.381580 0.315790 0.355260
ECO11563 -3.250000 0.986840 0.000000
ECO09725 -3.250000 1.026320 -0.078950
ECO05481 -3.250000 0.828950 0.000000
ECO06762 -3.250000 0.710530 -0.039470
ECO09929 -3.250000 0.868420 0.000000
ECO04713 -2.421050 0.315790 0.473690
ECO04990 -2.381580 0.276320 0.000000
ECO04784 -3.250000 0.986840 -0.118420
ECO08813 -3.250000 0.671050 0.000000
ECO06706 -2.263160 0.276320 0.513160
ECO12063 -2.460530 0.276320 0.000000
ECO06392 -2.302630 0.236840 0.671050
ECO01861 -3.131580 0.592110 0.000000
ECO09064 -3.250000 0.828950 -0.078950
ECO03347 -2.815790 0.473680 0.000000
ECO12513 -3.250000 0.986840 -0.118420
ECO08863 -3.013160 0.868420 0.000000
ECO10586 -2.302630 0.276310 0.355260
ECO09250 -3.250000 0.513160 0.000000
ECO05420 -3.250000 0.947370 -0.078950
ECO11812 -2.381580 0.276320 0.000000
ECO10500 -2.263160 0.276320 0.434210
ECO02662 -2.736840 0.355260 0.000000
ECO03969 -3.250000 0.434210 -0.039470
ECO04484 -2.421050 0.276310 0.000000
ECO11762 -3.250000 0.986840 -0.118420
ECO08963 -3.250000 0.592110 0.000000
ECO11776 -3.250000 1.065790 -0.118420
ECO10400 -3.250000 0.710530 0.000000
ECO10550 -2.263160 0.276320 0.434210
ECO02398 -3.250000 0.789470 0.000000
ECO02698 -3.250000 0.907890 -0.078950
ECO04133 -2.263160 0.276320 0.000000
ECO07977 -2.223680 0.355260 0.197370
ECO08264 -3.250000 0.671050 0.000000
ECO00526 -3.171050 1.026310 0.000000
ECO05755 -3.250000 0.947370 0.000000
ECO12612 -3.250000 0.868420 -0.078950
ECO05506 -2.342110 0.276320 0.000000
ECO05470 -2.421050 0.276310 0.315790
ECO02514 -3.250000 1.105260 0.000000
ECO10015 -2.223680 0.276310 0.473690
ECO02328 -3.250000 0.789470 0.000000
ECO12561 -3.250000 0.907890 -0.039470
ECO11491 -2.302630 0.315790 0.000000
ECO00776 -2.815790 0.671050 0.118420
ECO10435 -2.184210 0.236840 0.000000
ECO05605 -3.250000 0.789470 -0.078950
ECO03098 -3.250000 0.828950 0.000000
ECO02361 -2.815790 0.750000 0.078950
ECO02348 -3.250000 0.947370 0.000000
ECO09976 -2.539470 0.315790 0.473690
ECO07802 -2.855260 0.355260 0.000000
ECO05879 -2.500000 0.315790 0.434210
ECO11753 -3.250000 0.907890 0.000000
ECO04349 -2.302630 0.315790 0.394740
ECO11599 -3.250000 0.828950 0.000000
ECO08623 -3.250000 0.671050 -0.039470
ECO11247 -3.250000 0.868420 0.000000
ECO11751 -3.250000 0.907890 -0.078950
ECO08653 -3.250000 0.828950 0.000000
ECO05385 -2.776320 0.473690 0.315790
ECO00069 -3.250000 0.592110 0.000000
ECO05426 -2.539470 0.315790 0.473690
ECO08357 -2.460530 0.315790 0.000000
ECO03847 -3.250000 0.355260 inf
ECO03809 -1.986840 0.157890 0.000000
ECO04309 -2.934210 0.355260 0.197370
ECO00210 -3.250000 0.631580 0.000000
ECO02718 -3.250000 0.434210 inf
ECO03518 -2.263160 0.276320 0.000000
ECO03118 -3.250000 0.986840 -0.157890
ECO11552 -3.250000 0.828950 0.000000
ECO05681 -3.250000 1.223680 -0.197370
ECO10576 -2.381580 0.276320 0.000000
ECO05381 -3.210530 0.631580 0.000000
ECO12402 -3.171050 0.631580 0.000000
ECO06964 -1.750000 -0.078950 0.789470
ECO09963 -2.776320 0.671060 0.000000
ECO08493 -3.250000 0.828950 -0.078950
ECO05785 -3.131580 1.026320 0.000000
ECO04930 -3.250000 0.789470 -0.039470
ECO03258 -3.250000 0.513160 0.000000
ECO04560 -3.250000 0.710530 -0.039470
ECO05819 -3.250000 0.907890 0.000000
ECO06062 -3.013160 0.631580 0.118420
ECO03987 -3.250000 0.394740 0.000000
ECO02887 -2.500000 0.276320 0.552630
ECO11196 -2.894740 0.631580 0.000000
ECO06902 -3.250000 0.947370 -0.118420
ECO05826 -2.302630 0.276310 0.000000
ECO08198 -2.736840 0.394730 0.355270
ECO06728 -3.250000 0.710530 0.000000
ECO02318 -2.065790 0.197370 0.552630
ECO10606 -2.302630 0.276310 0.000000
ECO05832 -2.539470 0.276310 0.473690
ECO05926 -2.500000 0.394740 0.000000
ECO01439 -3.052630 0.671050 0.078950
ECO08064 -3.250000 0.710530 0.000000
ECO04556 -2.421050 0.276310 0.552630
ECO11450 -2.657890 0.394730 0.000000
ECO03058 -3.250000 0.592110 -0.039470
ECO10506 -2.342110 0.276320 0.000000
ECO11648 -3.250000 0.947370 -0.118420
ECO06519 -3.131580 0.868420 0.000000
ECO02182 -1.789470 -0.078950 1.026320
ECO06085 -3.250000 0.789470 0.000000
ECO09776 -3.210530 0.789480 0.000000
ECO11902 -3.250000 0.671050 0.000000
ECO04409 -3.250000 0.986840 -0.078950
ECO06462 -2.500000 0.315790 0.000000
ECO06221 -3.250000 0.907890 -0.118420
ECO09876 -2.263160 0.276320 0.000000
ECO05060 -3.250000 0.710530 -0.039470
ECO05530 -3.250000 1.065790 0.000000
ECO05526 -3.250000 1.223680 -0.118420
ECO04460 -2.381580 0.315790 0.000000
ECO05579 -2.263160 0.276320 0.434210
ECO08491 -3.250000 0.671050 0.000000
ECO02375 -2.223680 0.276310 0.434210
ECO06651 -3.250000 0.868420 0.000000
ECO06281 -3.250000 1.065790 -0.078950
ECO08102 -2.539470 0.315790 0.000000
ECO07162 -3.250000 0.986840 -0.039470
ECO03309 -3.250000 0.434210 0.000000
ECO02237 -3.250000 0.750000 -0.039470
ECO04749 -3.250000 1.223680 0.000000
ECO02341 -3.250000 0.631580 -0.039470
ECO02650 -3.131580 0.592110 0.000000
ECO06494 -2.302630 0.276310 0.513160
ECO12615 -2.381580 0.276320 0.000000
ECO02352 -3.250000 1.026320 -0.078950
ECO05015 -3.250000 0.750000 0.000000
ECO02653 -3.250000 0.907890 -0.078950
ECO07865 -3.250000 0.671050 0.000000
ECO06619 -3.250000 0.907890 -0.118420
ECO09236 -3.210530 1.026320 0.000000
ECO03418 -3.250000 0.355260 inf
ECO09672 -3.250000 0.907890 0.000000
ECO05290 -3.250000 0.750000 -0.039470
ECO00639 -3.052630 0.631580 0.000000
ECO02984 -3.250000 0.907890 -0.078950
ECO02684 -3.250000 0.631580 0.000000
ECO07855 -2.026320 0.118430 0.947360
ECO06862 -3.250000 0.907890 0.000000
ECO12540 -2.144740 0.236850 0.394730
ECO06585 -2.539470 0.276310 0.000000
ECO01641 -3.250000 0.552630 -0.039470
ECO03654 -2.697370 0.513160 0.000000
ECO05419 -3.250000 0.986840 -0.118420
ECO05392 -2.381580 0.276320 0.000000
ECO08091 -3.250000 0.552630 -0.039470
ECO05283 -2.184210 0.197370 0.000000
ECO08057 -2.421050 0.276310 0.513160
ECO10366 -2.342110 0.315790 0.000000
ECO03882 -3.250000 1.026320 -0.118420
ECO01913 -2.934210 0.750000 0.000000
ECO03282 -2.342110 0.276320 0.315780
ECO09447 -3.250000 1.026320 0.000000
ECO03985 -2.302630 0.236840 0.592110
ECO03950 -3.250000 0.473680 0.000000
ECO08715 -3.250000 1.026320 -0.157890
ECO03682 -3.250000 1.105260 0.000000
ECO06240 -2.578950 0.315790 0.315790
ECO02035 -3.210530 0.631580 0.000000
ECO07202 -3.210530 0.671060 0.000000
ECO11792 -2.460530 0.355270 0.000000
ECO11702 -2.223680 0.236840 0.671060
ECO04109 -3.250000 0.473680 0.000000
ECO08004 -3.250000 0.947370 -0.078950
ECO04568 -3.250000 0.907890 0.000000
ECO11996 -3.250000 0.828950 -0.039470
ECO04317 -2.302630 0.276310 0.000000
ECO08698 -3.250000 0.828950 -0.039470
ECO07094 -2.578950 0.315790 0.000000
ECO03096 -2.421050 0.355260 0.394740
ECO10401 -3.250000 0.868420 0.000000
ECO03960 -2.026320 0.118430 0.947360
ECO12353 -3.250000 0.986840 0.000000
ECO12653 -3.250000 1.026320 -0.118420
ECO12372 -2.381580 0.276320 0.000000
ECO10395 -2.302630 0.276310 0.473690
ECO08912 -2.460530 0.315790 0.000000
ECO00824 -2.934210 0.592100 0.118420
ECO04985 -3.250000 0.828950 0.000000
ECO11929 -3.250000 0.710530 -0.039470
ECO10452 -2.342110 0.276320 0.000000
ECO06626 -3.250000 0.789470 -0.039470
ECO05503 -2.460530 0.315790 0.000000
ECO08904 -3.052630 0.789470 0.078950
ECO05430 -3.250000 1.184210 0.000000
ECO07751 -3.210530 0.710530 0.000000
ECO08261 -3.250000 0.750000 0.000000
ECO09898 -3.250000 1.026320 -0.078950
ECO11591 -2.539470 0.315790 0.000000
ECO05754 -2.500000 0.355260 0.315790
ECO05554 -2.105260 0.197370 0.000000
ECO04768 -2.342110 0.276320 0.473680
ECO10001 -3.250000 0.907890 0.000000
ECO09298 -3.250000 0.710530 -0.039470
ECO01713 -3.250000 0.947370 0.000000
ECO08312 -3.250000 0.828950 -0.078950
ECO04971 -2.342110 0.315790 0.000000
ECO07729 -3.250000 0.868420 -0.078950
ECO02631 -2.500000 0.276320 0.000000
ECO07712 -3.250000 0.986840 -0.118420
ECO05189 -3.250000 0.868420 0.000000
ECO02882 -3.250000 0.552630 inf
ECO07175 -3.250000 0.789470 0.000000
ECO08909 -3.052630 0.868420 0.039480
ECO05492 -3.013160 0.710530 0.000000
ECO12206 -3.250000 0.671050 -0.039470
ECO09027 -3.250000 0.631580 0.000000
ECO09134 -3.092110 0.750000 0.078940
ECO09427 -3.250000 0.750000 0.000000
ECO05892 -3.250000 0.907890 -0.078950
ECO02977 -2.500000 0.315790 0.000000
ECO07007 -2.223680 0.276310 0.592110
ECO01242 -2.973680 0.631570 0.000000
ECO03681 -2.421050 0.315790 0.315790
ECO04118 -3.250000 0.315790 0.000000
ECO12011 -3.250000 0.828950 -0.039470
ECO06743 -3.250000 0.789470 0.000000
ECO12212 -3.013160 0.828950 0.078950
ECO11626 -2.302630 0.276310 0.000000
ECO07091 -2.302630 0.276310 0.434210
ECO02162 -3.250000 0.947370 0.000000
ECO07878 -3.250000 0.710530 -0.039470
ECO11375 -3.250000 0.828950 0.000000
ECO04019 -3.250000 0.671050 -0.039470
ECO06272 -3.250000 0.947370 0.000000
ECO03399 -3.250000 0.434210 -0.039470
ECO04068 -2.460530 0.315790 0.000000
ECO06225 -3.250000 0.671050 -0.039470
ECO03307 -3.250000 0.868420 0.000000
ECO07553 -2.421050 0.276310 0.552630
ECO05130 -3.250000 0.947370 0.000000
ECO06551 -3.250000 0.828950 -0.039470
ECO10025 -3.250000 1.026320 0.000000
ECO02788 -3.250000 0.907890 -0.039470
ECO03188 -2.578950 0.276320 0.000000
ECO02707 -2.421050 0.315790 0.434210
ECO12002 -3.250000 0.750000 0.000000
ECO09548 -3.250000 0.750000 -0.039470
ECO05336 -3.250000 0.710530 0.000000
ECO01988 -3.131580 0.671050 0.039470
ECO12453 -2.342110 0.276320 0.000000
ECO06130 -3.250000 0.986840 -0.078950
ECO04358 -2.460530 0.276320 0.000000
ECO08280 -2.539470 0.315790 0.355270
ECO05990 -3.052630 0.434210 0.000000
ECO00473 -3.250000 0.671050 -0.039470
ECO02714 -3.250000 0.750000 0.000000
ECO08212 -3.250000 0.671050 -0.039470
ECO05522 -3.250000 0.750000 0.000000
ECO02481 -2.657890 0.434210 0.394740
ECO05386 -2.263160 0.276320 0.000000
ECO02578 -3.250000 0.710530 -0.039470
ECO02395 -2.342110 0.276320 0.000000
ECO00141 -3.250000 0.631580 -0.039470
ECO11474 -3.250000 0.828950 0.000000
ECO00073 -3.171050 0.710520 0.000000
ECO11893 -2.539470 0.315790 0.000000
ECO05553 -2.500000 0.315790 0.434210
ECO08147 -3.250000 0.671050 0.000000
ECO02246 -3.250000 0.671050 -0.039470
ECO05689 -1.750000 -0.078950 0.000000
ECO05757 -3.131580 0.710530 0.039470
ECO03132 -2.342110 0.276320 0.000000
ECO03213 -3.250000 0.552630 -0.039470
ECO02664 -2.065790 0.118420 0.000000
ECO05054 -2.776320 0.236850 0.315790
ECO06489 -2.105260 0.197370 0.000000
ECO05671 -3.250000 0.434210 inf
ECO09882 -3.250000 1.302630 0.000000
ECO12545 -3.092110 0.592110 0.078940
ECO08331 -3.250000 0.828950 0.000000
ECO07310 -2.223680 0.276310 0.434210
ECO11507 -3.250000 0.986840 0.000000
ECO11493 -2.539470 0.355260 0.473690
ECO03280 -3.250000 0.947370 0.000000
ECO02815 -2.657890 0.355260 0.434220
ECO02929 -3.250000 1.026320 0.000000
ECO02429 -2.500000 0.355260 0.473680
ECO08596 -3.250000 0.868420 0.000000
ECO12194 -3.250000 0.789470 -0.039470
ECO04752 -2.381580 0.276320 0.000000
ECO02680 -2.500000 0.315790 0.513160
ECO04501 -3.250000 0.828950 0.000000
ECO06273 -3.013160 0.473690 0.118420
ECO05673 -2.381580 0.355260 0.000000
ECO12145 -3.131580 0.631580 0.039470
ECO00257 -3.250000 0.592110 0.000000
ECO05538 -3.250000 1.026320 -0.118420
ECO04186 -3.250000 1.105260 0.000000
ECO12578 -3.250000 0.552630 -0.039470
ECO06089 -3.250000 0.907890 0.000000
ECO01343 -3.013160 0.631580 0.078950
ECO11104 -3.131580 0.671050 0.000000
ECO07210 -3.250000 0.355260 inf
ECO08479 -3.250000 0.828950 0.000000
ECO05271 -3.250000 0.828950 -0.039470
ECO08245 -2.421050 0.276310 0.000000
ECO04838 -2.263160 0.276320 0.473680
ECO04452 -2.342110 0.315790 0.000000
ECO07124 -3.250000 0.789470 -0.078950
ECO12029 -2.263160 0.276320 0.000000
ECO04217 -2.736840 0.552630 0.315790
ECO06008 -2.342110 0.276320 0.000000
ECO07862 -3.250000 0.750000 -0.039470
ECO00322 -3.013160 0.750000 0.000000
ECO02580 -2.894740 0.355270 0.197370
ECO06473 -3.250000 0.789470 0.000000
ECO02881 -3.250000 1.065790 -0.078950
ECO02128 -3.052630 0.828950 0.000000
ECO08011 -3.250000 0.710530 -0.039470
ECO09331 -3.250000 0.828950 0.000000
ECO02996 -2.302630 0.276310 0.434210
ECO04601 -2.657890 0.394730 0.000000
ECO12580 -3.250000 0.631580 -0.039470
ECO04652 -2.736840 0.355260 0.000000
ECO04587 -3.250000 0.868420 -0.078950
ECO07910 -3.250000 0.868420 0.000000
ECO05038 -3.250000 0.907890 -0.078950
ECO07024 -3.250000 0.394740 0.000000
ECO03107 -2.342110 0.315790 0.394730
ECO11652 -3.250000 0.907890 0.000000
ECO04610 -2.223680 0.276310 0.394740
ECO02206 -3.250000 1.184210 0.000000
ECO04933 -2.539470 0.355260 0.513160
ECO12626 -2.223680 0.276310 0.000000
ECO00705 -3.250000 0.750000 -0.039470
ECO00103 -2.539470 0.552630 0.000000
ECO05517 -2.302630 0.276310 0.394740
ECO08968 -2.421050 0.315790 0.000000
ECO00354 -2.894740 0.671060 0.078940
ECO10017 -3.250000 1.026320 0.000000
ECO03458 -3.250000 0.947370 -0.157890
ECO02337 -3.250000 0.828950 0.000000
ECO10476 -2.381580 0.315790 0.513160
ECO05930 -2.381580 0.315790 0.000000
ECO06532 -3.250000 0.552630 -0.078950
ECO06275 -2.263160 0.315790 0.000000
ECO04803 -2.421050 0.355260 0.473690
ECO02949 -2.578950 0.276320 0.000000
ECO06526 -3.250000 0.789470 -0.039470
ECO12646 -3.250000 1.026320 0.000000
ECO04654 -2.539470 0.394730 0.473690
ECO07794 -3.250000 0.552630 0.000000
ECO00860 -3.250000 0.828950 -0.039470
ECO06957 -3.250000 0.513160 0.000000
ECO07143 -3.250000 0.355260 inf
ECO11309 -3.250000 0.986840 0.000000
ECO05603 -3.250000 1.302630 -0.197370
ECO12497 -3.250000 0.907890 0.000000
ECO06714 -2.421050 0.276310 0.434210
ECO05365 -3.250000 0.828950 0.000000
ECO09920 -3.250000 0.789470 -0.039470
ECO06335 -3.250000 1.144740 0.000000
ECO02993 -2.657890 0.355260 0.355270
ECO10013 -3.250000 0.828950 0.000000
ECO04563 -2.342110 0.315790 0.355260
ECO04772 -2.302630 0.276310 0.000000
ECO01064 -2.302630 0.276310 0.552630
ECO12097 -3.250000 0.671050 0.000000
ECO09143 -3.171050 1.065790 0.000000
ECO12131 -3.171050 1.105260 0.000000
ECO08607 -3.250000 0.789470 -0.039470
ECO08675 -2.894740 0.315790 0.000000
ECO03731 -2.342110 0.276320 0.394730
ECO11758 -3.250000 0.750000 0.000000
ECO10090 -3.250000 0.750000 -0.039470
ECO04363 -2.460530 0.315790 0.000000
ECO07548 -3.250000 0.907890 -0.078950
ECO07779 -3.013160 0.947370 0.000000
ECO06958 -2.657890 0.394730 0.394740
ECO05490 -2.618420 0.355260 0.000000
ECO02693 -3.250000 0.828950 -0.039470
ECO02834 -2.460530 0.315790 0.000000
ECO06510 -3.250000 1.144740 -0.118420
ECO12492 -3.250000 0.868420 0.000000
ECO09020 -3.250000 0.907890 -0.039470
ECO06042 -2.263160 0.276320 0.000000
ECO11663 -3.210530 0.868420 0.000000
ECO04565 -3.250000 0.394740 0.000000
ECO11990 -2.065790 0.118420 0.868420
ECO07875 -3.250000 0.750000 0.000000
ECO05901 -3.171050 0.671050 0.000000
ECO09854 -3.250000 0.671050 0.000000
ECO10756 -2.815790 0.631580 0.118420
ECO10547 -3.250000 0.868420 0.000000
ECO06544 -3.250000 0.907890 -0.078950
ECO05399 -2.342110 0.276320 0.000000
ECO10288 -3.250000 0.828950 -0.039470
ECO09956 -2.736840 0.315790 0.000000
ECO06978 -2.855260 0.750000 0.118420
ECO10683 -3.250000 0.828950 0.000000
ECO02332 -2.578950 0.355270 0.355260
ECO03629 -3.250000 0.907890 0.000000
ECO05867 -3.250000 0.828950 -0.039470
ECO03229 -3.250000 0.276320 0.000000
ECO02298 -3.250000 0.868420 -0.078950
ECO03404 -2.302630 0.315790 0.000000
ECO12633 -2.500000 0.315790 0.513160
ECO03263 -3.250000 0.315790 0.000000
ECO06844 -3.250000 0.750000 -0.039470
ECO10120 -2.381580 0.355260 0.000000
ECO08044 -3.250000 0.947370 -0.078950
ECO00253 -2.539470 0.513150 0.000000
ECO02525 -3.210530 0.710530 0.000000
ECO08986 -3.171050 0.355260 0.000000
ECO01723 -3.171050 0.789470 0.000000
ECO02157 -2.263160 0.315790 0.000000
ECO11665 -2.657890 0.513150 0.394740
ECO09086 -3.131580 0.947370 0.000000
ECO04674 -2.302630 0.276310 0.434210
ECO02223 -3.250000 0.947370 0.000000
ECO06444 -3.250000 0.828950 -0.078950
ECO07907 -3.250000 0.671050 0.000000
ECO08920 -2.500000 0.355260 0.473680
ECO10881 -3.250000 0.828950 0.000000
ECO09486 -3.250000 0.789470 -0.039470
ECO01321 -3.250000 0.710530 0.000000
ECO11387 -3.250000 0.947370 -0.078950
ECO10613 -3.250000 0.828950 0.000000
ECO10413 -2.342110 0.315790 0.355260
ECO07707 -3.250000 0.947370 0.000000
ECO10320 -3.250000 1.026320 -0.078950
ECO11455 -2.460530 0.315790 0.000000
ECO11489 -2.460530 0.315790 0.473680
ECO11865 -3.250000 0.513160 0.000000
ECO02402 -3.250000 0.631580 -0.039470
ECO06376 -3.250000 0.710530 0.000000
ECO11797 -3.250000 0.671050 -0.039470
ECO02691 -2.894740 0.671060 0.000000
ECO02125 -3.250000 0.592110 -0.039470
ECO07839 -3.250000 0.789470 0.000000
ECO03997 -2.539470 0.276310 0.315790
ECO11690 -3.092110 0.394740 0.000000
ECO12567 -3.210530 0.868420 -0.039480
ECO04572 -2.263160 0.276320 0.000000
ECO05967 -2.302630 0.276310 0.473690
ECO06069 -3.250000 0.552630 0.000000
ECO12260 -2.460530 0.276320 0.552630
ECO09183 -3.250000 1.026320 0.000000
ECO10069 -2.144740 0.236850 0.434210
ECO08444 -3.092110 0.394740 0.000000
ECO06793 -3.250000 0.947370 -0.118420
ECO11928 -3.250000 0.947370 0.000000
ECO12414 -3.250000 0.710530 -0.039470
ECO08979 -2.144740 0.197370 0.000000
ECO02346 -3.250000 1.184210 -0.118420
ECO05704 -3.250000 1.065790 0.000000
ECO08562 -3.250000 0.986840 -0.078950
ECO05504 -3.250000 0.868420 0.000000
ECO08916 -2.342110 0.276320 0.473680
ECO12379 -3.250000 0.789470 0.000000
ECO03367 -2.815790 0.473680 0.276320
ECO11942 -2.342110 0.276320 0.000000
ECO10537 -3.250000 0.947370 -0.078950
ECO03618 -2.855260 0.355260 0.000000
ECO05104 -3.250000 0.828950 -0.039470
ECO10451 -3.250000 0.750000 0.000000
ECO09516 -2.184210 0.276320 0.394740
ECO06439 -2.973680 0.907890 0.000000
ECO05321 -3.250000 0.907890 -0.078950
ECO06325 -3.250000 0.868420 0.000000
ECO00023 -3.250000 0.631580 -0.039470
ECO05304 -3.210530 0.671060 0.000000
ECO10316 -2.381580 0.276320 0.394740
ECO05086 -3.250000 0.671050 0.000000
ECO10302 -3.250000 1.026320 -0.157890
ECO03649 -2.815790 0.315790 0.000000
ECO04635 -2.421050 0.276310 0.355270
ECO00105 -3.250000 0.552630 0.000000
ECO01709 -3.250000 0.631580 -0.039470
ECO03032 -3.250000 0.276320 0.000000
ECO02695 -3.250000 0.671050 -0.039470
ECO02763 -3.250000 0.592110 0.000000
ECO00691 -3.250000 0.592110 -0.039470
ECO05904 -2.223680 0.276310 0.000000
ECO02228 -3.171050 0.789470 0.000000
ECO06725 -3.250000 0.710530 0.000000
ECO03181 -2.342110 0.276320 0.592100
ECO05035 -2.184210 0.276320 0.000000
ECO00942 -3.250000 0.947370 -0.039470
ECO06090 -2.026320 0.118430 0.000000
ECO07793 -2.855260 0.710520 0.078950
ECO05690 -3.250000 0.947370 0.000000
ECO02495 -2.342110 0.276320 0.513150
ECO12528 -3.250000 0.947370 0.000000
ECO06976 -3.250000 0.671050 -0.039470
ECO12460 -2.894740 0.750000 0.000000
ECO11510 -2.500000 0.276320 0.552630
ECO08630 -3.250000 0.631580 0.000000
ECO12111 -3.092110 0.868430 0.039470
ECO04904 -2.736840 0.315790 0.000000
ECO11728 -3.250000 0.789470 -0.039470
ECO04197 -2.500000 0.355260 0.000000
ECO08141 -3.171050 0.789470 0.000000
ECO03095 -3.250000 0.592110 0.000000
ECO08686 -3.131580 0.710530 0.039470
ECO08107 -2.421050 0.315790 0.000000
ECO12558 -2.105260 0.197370 0.592110
ECO02300 -3.250000 1.026320 0.000000
ECO05674 -2.578950 0.315790 0.394730
ECO05742 -3.250000 0.710530 0.000000
ECO03270 -2.381580 0.315790 0.434210
ECO12665 -3.250000 1.026320 0.000000
ECO03695 -2.539470 0.276310 0.434210
ECO00721 -3.131580 0.592110 0.000000
ECO05235 -2.263160 0.276320 0.552630
ECO12367 -3.250000 0.434210 0.000000
ECO10758 -2.894740 0.592110 0.118420
ECO10690 -3.013160 0.750000 0.000000
ECO06635 -3.250000 0.750000 -0.039470
ECO07146 -2.973680 0.355260 0.000000
ECO07648 -2.342110 0.276320 0.513150
ECO11660 -2.894740 0.592110 0.000000
ECO06707 -3.250000 0.947370 -0.118420
ECO12193 -2.381580 0.276320 0.000000
ECO02946 -2.263160 0.276320 0.355260
ECO02814 -3.250000 0.671050 0.000000
ECO11189 -3.171050 0.789470 0.000000
ECO02781 -3.250000 1.065790 0.000000
ECO09851 -3.250000 0.710530 -0.039470
ECO09916 -3.250000 0.986840 0.000000
ECO12447 -3.250000 1.065790 -0.078950
ECO12010 -2.026320 0.157900 0.000000
ECO08580 -2.460530 0.276320 0.315790
ECO03099 -3.250000 1.184210 0.000000
ECO12596 -2.578950 0.315790 0.473680
ECO06581 -3.250000 0.986840 0.000000
ECO02488 -2.815790 0.434210 0.276320
ECO08430 -3.250000 0.868420 0.000000
ECO02177 -3.250000 0.473680 -0.039470
ECO05985 -2.421050 0.276310 0.000000
ECO08557 -3.250000 0.907890 -0.039470
ECO12542 -3.250000 0.868420 0.000000
ECO11749 -2.697370 0.315790 0.355260
ECO08900 -3.052630 0.750000 0.000000
ECO06385 -3.250000 0.710530 -0.039470
ECO09436 -3.250000 1.144740 0.000000
ECO10563 -2.184210 0.236840 0.592110
ECO02884 -2.815790 0.315790 0.000000
ECO05783 -3.250000 0.986840 -0.118420
ECO06928 -2.302630 0.315790 0.000000
ECO11612 -2.460530 0.355270 0.473680
ECO12440 -3.250000 0.710530 0.000000
ECO11783 -3.250000 0.789470 -0.039470
ECO06664 -2.302630 0.276310 0.000000
ECO07964 -3.250000 0.868420 -0.039470
ECO04947 -3.250000 0.986840 0.000000
ECO12476 -2.460530 0.315790 0.315790
ECO12340 -3.013160 0.750000 0.000000
ECO10406 -2.539470 0.355260 0.473690
ECO05519 -3.250000 0.947370 0.000000
ECO04892 -2.144740 0.236850 0.394730
ECO04549 -3.250000 1.026320 0.000000
ECO09470 -2.105260 0.197370 0.631580
ECO09370 -2.500000 0.315790 0.000000
ECO02918 -3.250000 1.184210 -0.118420
ECO09836 -2.973680 0.789470 0.000000
ECO10306 -3.250000 1.026320 -0.118420
ECO01339 -3.250000 0.789470 0.000000
ECO03354 -2.578950 0.355270 0.434210
ECO03284 -2.342110 0.276320 0.000000
ECO03177 -3.250000 0.394740 inf
ECO11202 -2.342110 0.315790 0.000000
ECO02484 -3.250000 0.631580 -0.039470
ECO02293 -3.250000 0.671050 0.000000
ECO08309 -3.250000 0.789470 -0.078950
ECO08343 -3.250000 0.631580 0.000000
ECO08348 -3.250000 0.789470 -0.039470
ECO06246 -3.092110 0.750000 0.000000
ECO00855 -3.250000 0.828950 -0.039470
ECO03527 -2.263160 0.276320 0.000000
ECO09386 -3.250000 0.710530 -0.039470
ECO04272 -2.618420 0.355260 0.000000
ECO01464 -2.618420 0.592100 0.118420
ECO04531 -2.578950 0.236840 0.000000
ECO02659 -2.342110 0.236850 0.631570
ECO04429 -3.250000 0.750000 0.000000
ECO07739 -3.250000 0.552630 inf
ECO12599 -3.250000 0.947370 0.000000
ECO04808 -3.250000 0.789470 -0.039470
ECO06437 -2.500000 0.315790 0.000000
ECO09245 -2.460530 0.315790 0.592100
ECO11922 -3.250000 0.671050 0.000000
ECO05642 -3.250000 0.868420 -0.039470
ECO09577 -2.421050 0.276310 0.000000
ECO09211 -3.250000 1.184210 -0.197370
ECO09922 -3.250000 0.868420 0.000000
ECO07039 -2.381580 0.276320 0.552630
ECO00321 -3.250000 0.592110 0.000000
ECO05937 -2.263160 0.315790 0.355260
ECO11052 -2.657890 0.631570 0.000000
ECO04474 -2.500000 0.394740 0.473680
ECO01232 -2.500000 0.434210 0.000000
ECO02602 -2.421050 0.276310 0.513160
ECO04942 -2.105260 0.197370 0.000000
ECO10379 -2.421050 0.355260 0.394740
ECO02198 -3.250000 0.750000 0.000000
ECO06737 -2.381580 0.276320 0.473680
ECO06505 -2.578950 0.394740 0.000000
