rf0002 0.408160 0.346940 0.000000
rf0003 0.367350 0.102040 0.265310
rf0010 0.183670 0.428570 0.000000
rf0011 0.224490 0.428570 0.102040
rf0013 0.877550 0.061230 0.000000
rf0015 0.387760 0.102040 0.204090
rf0016 0.734690 0.163270 0.000000
rf0022 0.591840 0.285710 0.163270
rf0024 0.428570 0.204080 0.000000
rf0029 0.122450 0.448980 0.040820
rf0030 0.000000 0.530610 0.000000
rf0031 0.367350 0.102040 0.265310
rf0040 0.346940 0.102040 0.000000
rf0048 0.183670 0.428570 0.081630
rf0053 0.163270 0.387750 0.000000
rf0060 0.183670 0.448980 0.081630
rf0062 0.489800 0.183670 0.000000
rf0064 0.204080 0.367350 0.081630
rf0065 0.204080 0.489800 0.000000
rf0072 0.142860 0.285710 0.061230
rf0073 0.102040 0.326530 0.000000
rf0092 0.265310 0.142850 0.183680
rf0125 0.367350 0.142850 0.000000
rf0127 0.530610 0.326530 0.122450
rf0129 0.122450 0.469390 0.000000
rf0132 0.448980 0.244900 0.265310
rf0134 0.000000 0.489800 0.000000
rf0138 1.000000 inf 0.163270
rf0164 0.367350 0.122450 0.000000
rf0166 1.000000 -0.020410 0.224490
rf0169 0.183670 0.469390 0.000000
rf0176 0.367350 0.102040 0.285720
rf0180 0.000000 0.551020 0.000000
rf0190 0.551020 0.306120 0.163260
rf0201 0.000000 0.448980 0.000000
rf0204 0.102040 0.387760 0.040820
rf0205 0.428570 0.102040 0.000000
rf0223 0.408160 0.122450 0.306120
rf0234 0.408160 0.163270 0.000000
rf0237 0.408160 0.122450 0.265300
rf0241 0.081630 0.224490 0.000000
rf0248 1.000000 -0.020410 0.224490
rf0249 0.387760 0.102040 0.000000
rf0250 0.122450 0.224490 0.061230
rf0251 0.000000 0.591840 0.000000
rf0258 0.000000 0.571430 -0.081630
rf0263 0.000000 0.510200 0.000000
rf0267 0.000000 0.571430 -0.061220
rf0271 1.000000 -0.040820 0.000000
rf0283 0.408160 0.122450 0.265300
rf0284 0.122450 0.408160 0.000000
rf0287 0.591840 0.244890 0.265310
rf0292 0.387760 0.122440 0.000000
rf0295 0.775510 0.142860 0.265310
rf0298 0.183670 0.448980 0.000000
rf0306 0.285710 0.408170 0.102040
rf0309 0.653060 0.204080 0.000000
rf0315 1.000000 -0.020410 0.183670
rf0319 1.000000 -0.020410 0.000000
rf0324 0.959180 0.000000 0.306120
rf0338 0.448980 0.326530 0.000000
rf0339 0.387760 0.102040 0.244900
rf0343 0.469390 0.122450 0.000000
rf0348 0.367350 0.081630 0.224490
rf0351 0.122450 0.448980 0.000000
rf0354 0.000000 0.469390 -0.061220
rf0358 0.122450 0.306120 0.000000
rf0363 0.142860 0.265300 0.061230
rf0364 0.000000 0.510200 0.000000
rf0366 0.183670 0.408170 0.081630
rf0372 0.836730 0.102050 0.000000
rf0375 1.000000 -0.040820 0.326530
rf0377 1.000000 -0.020410 0.000000
rf0383 0.448980 0.102040 0.204080
rf0385 0.204080 0.448980 0.000000
rf0386 0.000000 0.489800 -0.081630
rf0388 0.367350 0.102040 0.000000
rf0396 0.448980 0.142860 0.285710
rf0397 0.469390 0.142850 0.000000
rf0399 0.244900 0.448980 0.081630
rf0400 0.224490 0.102040 0.000000
rf0403 0.000000 0.510200 -0.061220
rf0415 0.489800 0.142850 0.000000
rf0419 0.122450 0.326530 0.040820
rf0428 0.061220 0.448980 0.000000
rf0439 0.204080 0.469390 0.081630
rf0444 0.836730 0.081640 0.000000
rf0474 0.163270 0.387750 0.061230
rf0477 0.244900 0.428570 0.000000
rf0488 0.000000 0.551020 -0.061220
rf0496 0.142860 0.469380 0.000000
rf0499 0.204080 0.428570 0.081630
rf0500 0.000000 0.469390 0.000000
rf0503 0.285710 0.469390 0.061220
rf0513 0.000000 0.489800 0.000000
rf0630 0.163270 0.306120 0.061230
rf0795 0.000000 0.489800 0.000000
rs0001 0.061220 0.387760 0.020400
rs0003 0.000000 0.510200 0.000000
rs0010 0.285710 0.428580 0.102040
rs0012 0.000000 0.489800 0.000000
rs0013 0.000000 0.571430 -0.061220
rs0022 0.530610 0.163270 0.000000
rs0029 0.755100 0.163270 0.265300
rs0030 0.000000 0.551020 0.000000
rs0046 0.408160 0.122450 0.265300
rs0051 0.428570 0.163270 0.000000
rs0052 0.000000 0.489800 -0.061220
rs0053 1.000000 -0.020410 0.000000
rs0054 0.183670 0.428570 0.081630
rs0062 0.163270 0.408160 0.000000
rs0087 0.000000 0.448980 -0.061220
rs0088 0.102040 0.428570 0.000000
rs0089 0.387760 0.163260 0.285720
rs0090 0.224490 0.387750 0.000000
rs0092 0.000000 0.530610 -0.061220
rs0093 0.367350 0.102040 0.000000
rs0094 0.000000 0.571430 -0.061220
rs0095 0.306120 0.448980 0.000000
rs0096 0.408160 0.102040 0.285710
rs0097 0.122450 0.367350 0.000000
rs0098 0.428570 0.183670 0.306120
rs0104 0.000000 0.448980 0.000000
rs0107 0.571430 0.142860 0.326530
rs0109 1.000000 -0.040820 0.000000
rs0113 0.387760 0.122440 0.244900
rs0122 0.102040 0.408160 0.000000
rs0124 0.408160 0.408170 0.142850
rs0127 0.000000 0.510200 0.000000
rs0133 0.489800 0.122440 0.244900
rs0134 0.489800 0.122440 0.000000
rs0136 0.571430 0.183670 0.285720
rs0138 0.142860 0.448980 0.000000
rs0140 0.204080 0.346940 0.081630
rs0141 0.204080 0.448980 0.000000
rs0143 0.387760 0.122440 0.244900
rs0145 0.000000 0.448980 0.000000
rs0146 0.020410 0.428570 -0.020410
rs0147 0.204080 0.448980 0.000000
rs0150 0.346940 0.428570 0.122450
rs0156 0.000000 0.510200 0.000000
rs0159 0.408160 0.142860 0.224490
rs0163 0.448980 0.102040 0.000000
rs0167 0.122450 0.408160 0.040820
rs0168 0.122450 0.387750 0.000000
rs0172 0.265310 0.408160 0.102040
rs0175 0.510200 0.102040 0.000000
rs0181 0.734690 0.122450 0.326530
rs0183 0.408160 0.122450 0.000000
rs0196 1.000000 -0.040820 0.367350
rs0201 0.244900 0.142860 0.000000
rs0203 0.265310 0.163260 0.183680
rs0206 0.387760 0.102040 0.000000
rs0218 0.142860 0.489790 0.040820
rs0221 0.000000 0.530610 0.000000
rs0225 0.000000 0.510200 -0.081630
rs0226 0.061220 0.448980 0.000000
rs0231 0.020410 0.530610 -0.040810
rs0237 0.448980 0.142860 0.000000
rs0240 0.224490 0.122450 0.163270
rs0242 0.000000 0.591840 0.000000
rs0243 0.387760 0.102040 0.285720
rs0244 1.000000 -0.020410 0.000000
rs0247 0.163270 0.367340 0.061230
rs0256 0.000000 0.489800 0.000000
rs0259 0.530610 0.102040 0.408160
rs0261 0.571430 0.122450 0.000000
rs0262 0.142860 0.428570 0.040820
rs0264 0.224490 0.387750 0.000000
rs0266 0.571430 0.163260 0.306120
rs0267 0.469390 0.122450 0.000000
rs0268 0.469390 0.122450 0.285720
rs0273 0.224490 0.448980 0.000000
rs0275 0.142860 0.469380 0.040820
rs0276 0.000000 0.530610 0.000000
rs0282 0.469390 0.122450 0.346940
rs0306 0.000000 0.510200 0.000000
rs0315 0.244900 0.428570 0.081630
rs0316 0.428570 0.142860 0.000000
rs0318 0.142860 0.326530 0.061230
rs0320 0.448980 0.122450 0.000000
rs0323 0.244900 0.448980 0.081630
rs0334 0.000000 0.591840 0.000000
rs0337 0.000000 0.571430 -0.061220
rs0339 0.346940 0.102040 0.000000
rs0341 0.122450 0.469390 0.040820
rs0344 0.061220 0.428580 0.000000
rs0345 0.244900 0.469390 0.081630
rs0349 0.183670 0.408170 0.000000
rs0350 0.000000 0.448980 -0.040820
rs0351 0.959180 -0.020400 0.000000
rs0354 0.040820 0.408160 0.000000
rs0358 0.469390 0.122450 0.000000
rs0373 0.000000 0.530610 -0.061220
rs0386 0.000000 0.408160 0.000000
rs0391 0.489800 0.142850 0.367350
rs0392 0.102040 0.183670 0.000000
rs0393 0.244900 0.448980 0.081630
rs0406 0.387760 0.387750 0.000000
rs0416 0.204080 0.448980 0.081630
rs0419 0.000000 0.489800 0.000000
rs0421 0.285710 0.428580 0.102040
rs0424 0.081630 0.408170 0.000000
rs0425 0.102040 0.510200 0.000000
rs0429 0.204080 0.448980 0.000000
rs0430 0.244900 0.469390 0.081630
rs0432 0.081630 0.122450 0.000000
rs0437 0.040820 0.326530 0.000000
rs0440 0.714290 0.183670 0.000000
rs0444 0.163270 0.428570 0.061230
rs0452 0.428570 0.102040 0.000000
rs0460 0.142860 0.428570 0.061230
rs0463 0.000000 0.244900 0.000000
rs0468 0.000000 0.489800 -0.040820
rs0472 0.285710 0.428580 0.000000
rs0473 0.122450 0.408160 0.040820
rs0477 0.020410 0.224490 0.000000
rs0485 0.183670 0.408170 0.061220
rs0493 0.000000 0.469390 0.000000
rs0495 0.204080 0.469390 0.081630
rs0503 0.551020 0.183670 0.000000
rs0505 0.408160 0.102040 0.163260
rs0508 0.183670 0.469390 0.000000
rs0516 0.000000 0.469390 -0.040820
rs0517 0.285710 0.122450 0.000000
rs0519 0.000000 0.530610 -0.061220
rs0520 0.183670 0.448980 0.000000
rs0528 0.387760 0.102040 0.244900
rs0532 0.000000 0.551020 0.000000
rs0536 0.102040 0.408160 0.040820
rs0538 0.510200 0.122450 0.000000
rs0541 0.346940 0.081630 0.204080
rs0549 0.122450 0.489790 0.000000
rs0554 0.408160 0.102040 0.163260
rs0555 0.428570 0.183670 0.000000
rs0556 0.081630 0.285720 0.040810
rs0560 0.469390 0.142850 0.000000
rs0571 0.224490 0.448980 0.081630
rs0573 0.183670 0.448980 0.000000
rs0574 0.346940 0.081630 0.224490
rs0582 0.551020 0.244900 0.000000
rs0586 0.142860 0.387750 0.061230
rs0591 0.408160 0.142860 0.000000
rs0612 0.693880 0.183670 0.204080
rs0650 0.469390 0.183670 0.000000
rs0656 0.530610 0.142860 0.387750
rs0660 0.387760 0.102040 0.000000
rs0672 0.693880 0.163260 0.326530
rs0679 0.000000 0.469390 0.000000
rs0724 0.387760 0.122440 0.285720
rs0731 0.000000 0.551020 0.000000
rs0741 0.448980 0.122450 0.204080
rs0745 0.530610 0.163270 0.000000
rs0751 0.346940 0.081630 0.244900
rs0763 0.000000 0.530610 0.000000
rs0768 0.122450 0.469390 0.040820
rs0775 0.428570 0.387760 0.000000
rs0779 0.448980 0.122450 0.244900
rs0781 0.408160 0.122450 0.000000
rs0788 0.102040 0.428570 0.040820
rs0797 0.408160 0.122450 0.000000
rs0798 0.571430 0.122450 0.367350
rs0804 0.122450 0.244900 0.000000
rs0805 0.204080 0.367350 0.061220
rs0806 0.428570 0.183670 0.000000
rs0808 1.000000 inf 0.122450
rs0809 0.346940 0.122450 0.000000
rs0812 0.346940 0.081630 0.244900
rs0815 0.204080 0.448980 0.000000
rs0823 0.346940 0.102040 0.224490
rs0833 0.265310 0.183670 0.000000
rs0839 0.367350 0.122450 0.265310
rs0842 0.204080 0.428570 0.000000
rs0847 0.387760 0.102040 0.306130
rs0868 0.448980 0.142860 0.000000
rs0869 0.000000 0.469390 -0.040820
rs0871 0.000000 0.469390 0.000000
rs0896 0.857140 0.081640 0.285710
rs0906 0.142860 0.408160 0.000000
rs0909 0.387760 0.367340 0.163270
rs0916 0.142860 0.469380 0.000000
rs0932 0.183670 0.489800 0.061220
rs0933 0.224490 0.448980 0.000000
rs0944 0.122450 0.469390 0.040820
rs0950 0.000000 0.408160 0.000000
rs0957 0.122450 0.387750 0.040820
rs0958 0.000000 0.489800 0.000000
rs0959 0.244900 0.448980 0.102040
rs0960 0.285710 0.469390 0.000000
rs0967 0.102040 0.510200 0.000000
rs0970 0.000000 0.510200 0.000000
rs0974 0.448980 0.122450 0.265310
rs0978 0.612240 0.102050 0.000000
rs0981 0.183670 0.408170 0.081630
rs0983 0.081630 0.408170 0.000000
rs0984 0.000000 0.571430 -0.061220
rs0985 0.000000 0.489800 0.000000
rs0991 0.387760 0.142850 0.285720
rs0995 0.448980 0.142860 0.000000
rs0997 0.408160 0.163270 0.306120
rs1004 0.693880 0.183670 0.000000
rs1014 0.142860 0.367340 0.061230
rs1016 0.346940 0.102040 0.000000
rs1021 0.224490 0.469390 0.061220
rs1023 0.469390 0.142850 0.000000
rs1025 0.653060 0.183670 0.265300
rs1029 0.204080 0.448980 0.000000
rs1030 0.265310 0.469380 0.081640
rs1035 0.061220 0.367350 0.000000
rs1036 0.632650 0.163270 0.346940
rs1038 0.448980 0.367350 0.000000
rs1046 1.000000 -0.020410 0.326530
rs1047 0.346940 0.408160 0.000000
rs1050 0.265310 0.428570 0.081640
rs1052 0.000000 0.571430 0.000000
rs1055 0.183670 0.448980 0.061220
rs1060 0.163270 0.285710 0.000000
rs1062 0.387760 0.102040 0.244900
rs1072 0.183670 0.428570 0.000000
rs1074 0.102040 0.428570 0.040820
rs1075 0.387760 0.102040 0.000000
rs1081 0.122450 0.428570 0.040820
rs1082 0.387760 0.122440 0.000000
rs1084 0.142860 0.489790 0.040820
rs1091 0.346940 0.122450 0.000000
rs1098 0.163270 0.448970 0.061230
rs1100 0.000000 0.510200 0.000000
rs1102 0.346940 0.061220 0.224490
rs1103 0.000000 0.265310 0.000000
rs1105 0.428570 0.367350 0.142860
rs1106 1.000000 inf 0.000000
rs1109 0.367350 0.122450 0.244900
rs1110 0.000000 0.530610 0.000000
rs1111 0.938780 0.000000 0.326540
rs1112 0.673470 0.142860 0.000000
rs1116 1.000000 -0.040820 0.306120
rs1117 0.122450 0.469390 0.000000
rs1118 0.428570 0.163270 0.326530
rs1121 0.346940 0.102040 0.000000
rs1126 0.122450 0.448980 0.040820
rs1129 1.000000 -0.040820 0.000000
rs1131 0.367350 0.102040 0.183680
rs1137 0.000000 0.530610 0.000000
rs1143 0.285710 0.448980 0.081630
rs1150 0.734690 0.183680 0.000000
rs1152 0.510200 0.163270 0.265300
rs1154 0.000000 0.551020 0.000000
rs1159 0.163270 0.448970 0.061230
rs1163 0.000000 0.428570 0.000000
rs1168 0.489800 0.122440 0.224490
rs1169 0.510200 0.122450 0.000000
rs1178 0.000000 0.591840 -0.081630
rs1179 0.000000 0.510200 0.000000
rs1182 0.428570 0.224490 0.306120
rs1185 0.000000 0.469390 0.000000
rs1188 0.163270 0.387750 0.061230
rs1191 0.448980 0.122450 0.000000
rs1195 0.591840 0.265300 0.244900
rs1197 0.551020 0.142860 0.000000
rs1198 0.000000 0.428570 -0.040820
rs1200 0.224490 0.428570 0.000000
rs1209 0.000000 0.448980 -0.040820
rs1212 0.224490 0.448980 0.000000
rs1214 1.000000 -0.020410 0.285710
rs1220 0.408160 0.102040 0.000000
rs1248 0.489800 0.142850 0.306130
rs1258 0.000000 0.530610 0.000000
rs1259 0.061220 0.326540 0.020400
rs1264 0.142860 0.387750 0.000000
rs1266 0.000000 0.408160 -0.040820
rs1267 0.346940 0.102040 0.000000
rs1270 0.000000 0.428570 -0.040820
rs1276 0.142860 0.408160 0.000000
rs1284 0.142860 0.326530 0.061230
rs1290 0.122450 0.326530 0.000000
rs1291 0.102040 0.469390 0.040820
rs1293 0.000000 0.571430 0.000000
rs1296 0.204080 0.387760 0.081630
rs1297 0.102040 0.387760 0.000000
rs1337 0.510200 0.142860 0.346930
rs1359 0.122450 0.387750 0.000000
rs1437 0.408160 0.102040 0.204080
ECO05144 0.591840 0.183670 0.000000
ECO11517 0.306120 0.448980 0.081630
ECO09709 0.000000 0.551020 0.000000
ECO03774 1.000000 -0.020410 0.183670
ECO11195 0.204080 0.448980 0.000000
ECO11986 0.448980 0.122450 0.346940
ECO10428 0.367350 0.102040 0.000000
ECO05163 0.489800 0.142850 0.346940
ECO05563 0.285710 0.428580 0.000000
ECO04997 0.244900 0.387750 0.122450
ECO07859 0.000000 0.489800 0.000000
ECO10692 0.265310 0.469380 0.081640
ECO10007 0.387760 0.102040 0.000000
ECO09960 0.102040 0.346940 0.040820
ECO10258 0.163270 0.346930 0.000000
ECO07785 0.122450 0.469390 0.040820
ECO04192 0.346940 0.081630 0.000000
ECO05764 0.408160 0.163270 0.306120
ECO07019 0.102040 0.183670 0.000000
ECO06341 0.489800 0.102040 0.387760
ECO09664 0.183670 0.448980 0.000000
ECO06592 0.387760 0.122440 0.306130
ECO09450 0.489800 0.142850 0.000000
ECO03934 0.000000 0.551020 -0.061220
ECO09368 0.000000 0.551020 0.000000
ECO08866 0.000000 0.591840 -0.081630
ECO09168 0.224490 0.428570 0.000000
ECO11141 0.122450 0.428570 0.040820
ECO06996 0.000000 0.510200 0.000000
ECO05115 0.102040 0.265310 0.040820
ECO04817 0.632650 0.204080 0.000000
ECO09561 0.000000 0.489800 -0.061220
ECO12308 0.448980 0.183670 0.000000
ECO06894 0.122450 0.408160 0.040820
ECO09738 0.000000 0.428570 0.000000
ECO10431 0.122450 0.469390 0.040820
ECO02845 0.000000 0.428570 0.000000
ECO09068 0.000000 0.469390 -0.040820
ECO06094 0.285710 0.122450 0.000000
ECO11300 0.183670 0.367350 0.061220
ECO09275 0.102040 0.224490 0.000000
ECO09858 0.510200 0.142860 0.244890
ECO01034 0.448980 0.102040 0.000000
ECO04927 0.102040 0.387760 0.040820
ECO10862 0.142860 0.428570 0.000000
ECO06033 0.244900 0.448980 0.081630
ECO07199 1.000000 -0.040820 0.000000
ECO08990 0.244900 0.428570 0.081630
ECO08305 0.081630 0.367350 0.000000
ECO09940 0.081630 0.387760 0.020410
ECO10010 0.387760 0.122440 0.000000
ECO03222 0.408160 0.122450 0.265300
ECO10361 1.000000 -0.040820 0.000000
ECO08589 0.183670 0.306130 0.081630
ECO07887 0.183670 0.387760 0.000000
ECO10761 0.142860 0.367340 0.061230
ECO05715 0.102040 0.469390 0.000000
ECO01402 0.163270 0.408160 0.061230
ECO09890 0.367350 0.102040 0.000000
ECO09558 0.000000 0.408160 -0.061220
ECO11468 0.469390 0.142850 0.000000
ECO10009 0.183670 0.448980 0.061220
ECO01470 0.102040 0.326530 0.000000
ECO11617 0.102040 0.469390 0.040820
ECO05865 0.408160 0.122450 0.000000
ECO03691 0.795920 0.122450 0.306120
ECO05597 0.000000 0.551020 0.000000
ECO11818 0.265310 0.428570 0.081640
ECO01019 0.163270 0.428570 0.000000
ECO05916 0.000000 0.387760 -0.040820
ECO10609 0.469390 0.142850 0.000000
ECO06014 0.102040 0.408160 0.040820
ECO08690 0.673470 0.224490 0.000000
ECO06865 0.571430 0.204080 0.244900
ECO03274 0.102040 0.387760 0.000000
ECO11315 0.428570 0.122450 0.306120
ECO05648 0.387760 0.122440 0.000000
ECO09792 0.571430 0.122450 0.367350
ECO06163 0.122450 0.469390 0.000000
ECO02121 0.489800 0.163260 0.326530
ECO09907 0.183670 0.448980 0.000000
ECO10228 0.102040 0.448980 0.040820
ECO11654 0.448980 0.142860 0.000000
ECO10307 0.081630 0.408170 0.020410
ECO05057 0.102040 0.469390 0.000000
ECO08933 0.000000 0.591840 -0.081630
ECO03983 0.428570 0.183670 0.000000
ECO06292 0.265310 0.448980 0.081640
ECO09149 0.367350 0.102040 0.000000
ECO11827 0.000000 0.591840 -0.102040
ECO06491 0.224490 0.408160 0.000000
ECO04334 0.367350 0.102040 0.204080
ECO09299 0.183670 0.428570 0.000000
ECO06305 0.244900 0.408160 0.081630
ECO12012 0.428570 0.102040 0.000000
ECO04519 0.000000 0.530610 -0.081630
ECO06791 0.102040 0.489800 0.000000
ECO04734 0.632650 0.163270 0.367340
ECO12363 0.448980 0.387750 0.000000
ECO00339 0.000000 0.530610 -0.061220
ECO06642 0.000000 0.530610 0.000000
ECO05319 0.020410 0.571430 -0.061220
ECO04284 0.428570 0.122450 0.000000
ECO09800 0.020410 0.367350 -0.020410
ECO05670 0.204080 0.469390 0.000000
ECO08378 0.000000 0.551020 -0.061220
ECO04820 0.000000 0.571430 0.000000
ECO06556 0.346940 0.081630 0.265310
ECO11677 0.326530 0.428570 0.000000
ECO11712 0.000000 0.591840 -0.102040
ECO04969 1.000000 -0.040820 0.000000
ECO04033 0.224490 0.102040 0.163270
ECO05806 0.142860 0.387750 0.000000
ECO05991 0.204080 0.469390 0.081630
ECO05455 0.183670 0.448980 0.000000
ECO08428 0.591840 0.244890 0.244900
ECO11326 0.000000 0.448980 0.000000
ECO06516 0.367350 0.122450 0.285720
ECO11031 0.000000 0.530610 0.000000
ECO04325 0.122450 0.489790 0.040820
ECO04342 0.367350 0.122450 0.000000
ECO02321 0.428570 0.102040 0.326530
ECO10392 0.000000 0.530610 0.000000
ECO01244 0.102040 0.244900 0.061220
ECO07809 0.000000 0.510200 0.000000
ECO12169 0.122450 0.448980 0.040820
ECO10041 0.489800 0.142850 0.000000
ECO08088 0.000000 0.367350 -0.040820
ECO12203 0.183670 0.408170 0.000000
ECO01136 0.142860 0.428570 0.061230
ECO02323 1.000000 inf 0.000000
ECO10394 0.428570 0.122450 0.244900
ECO04778 0.142860 0.469380 0.000000
ECO06216 0.367350 0.122450 0.204080
ECO04344 0.530610 0.224490 0.000000
ECO08854 0.000000 0.510200 -0.081630
ECO07803 0.204080 0.448980 0.000000
ECO10326 0.000000 0.571430 -0.061220
ECO09641 0.469390 0.163260 0.000000
ECO04995 0.408160 0.102040 0.224490
ECO05680 0.510200 0.244900 0.000000
ECO09824 0.734690 0.163270 0.244890
ECO08135 0.448980 0.142860 0.000000
ECO03706 1.000000 -0.040820 0.326530
ECO05578 0.244900 0.367340 0.000000
ECO06700 0.000000 0.469390 -0.040820
ECO03790 0.959180 -0.020400 0.000000
ECO09121 0.163270 0.448970 0.061230
ECO06247 0.000000 0.530610 0.000000
ECO03926 0.387760 0.122440 0.306130
ECO06849 0.000000 0.591840 0.000000
ECO10629 0.367350 0.122450 0.285720
ECO03526 0.265310 0.142850 0.000000
ECO03656 0.428570 0.122450 0.306120
ECO07685 0.142860 0.469380 0.000000
ECO11968 0.000000 0.448980 -0.040820
ECO06449 0.653060 0.224490 0.000000
ECO12370 0.510200 0.204090 0.326530
ECO00833 0.265310 0.469380 0.000000
ECO03139 0.489800 0.122440 0.306130
ECO05698 0.265310 0.142850 0.000000
ECO00869 0.122450 0.265310 0.061230
ECO10093 0.142860 0.408160 0.000000
ECO10091 0.000000 0.489800 -0.061220
ECO10527 0.081630 0.346940 0.000000
ECO10493 0.428570 0.122450 0.306120
ECO09706 0.122450 0.489790 0.000000
ECO03539 0.346940 0.061220 0.163270
ECO12355 0.163270 0.428570 0.000000
ECO10378 0.102040 0.326530 0.040820
ECO09591 0.122450 0.469390 0.000000
ECO03390 0.142860 0.489790 0.040820
ECO07670 0.000000 0.551020 0.000000
ECO04762 0.938780 0.000000 0.387760
ECO04477 1.000000 -0.020410 0.000000
ECO09406 0.000000 0.469390 -0.040820
ECO00448 0.000000 0.346940 0.000000
ECO06634 0.122450 0.448980 0.040820
ECO05798 0.102040 0.489800 0.000000
ECO03241 0.571430 0.163260 0.326530
ECO07183 0.061220 0.510210 0.000000
ECO10127 0.265310 0.428570 0.081640
ECO06883 0.408160 0.224490 0.000000
ECO10642 0.408160 0.122450 0.265300
ECO05411 0.367350 0.081630 0.000000
ECO05228 0.469390 0.142850 0.244900
ECO07955 0.183670 0.428570 0.000000
ECO02990 0.469390 0.142850 0.265310
ECO03141 0.510200 0.224490 0.000000
ECO08989 0.204080 0.469390 0.061220
ECO06415 0.204080 0.448980 0.000000
ECO08789 0.591840 0.265300 0.204080
ECO08938 0.000000 0.530610 0.000000
ECO05545 0.000000 0.591840 -0.102040
ECO03422 0.571430 0.285710 0.000000
ECO02924 0.346940 0.081630 0.244900
ECO05096 0.428570 0.306120 0.000000
ECO04494 0.000000 0.530610 -0.061220
ECO12338 0.000000 0.387760 0.000000
ECO12387 0.204080 0.448980 0.061220
ECO06096 0.000000 0.510200 0.000000
ECO12287 0.183670 0.387760 0.081630
ECO09389 0.183670 0.448980 0.000000
ECO06617 0.000000 0.510200 -0.061220
ECO09810 0.183670 0.448980 0.000000
ECO10962 0.877550 0.061230 0.285710
ECO08887 0.000000 0.489800 0.000000
ECO09959 0.000000 0.306120 -0.040820
ECO06015 0.000000 0.469390 0.000000
ECO03224 0.530610 0.204080 0.326530
ECO04743 0.285710 0.122450 0.000000
ECO10610 0.489800 0.122440 0.326530
ECO09240 0.000000 0.367350 0.000000
ECO11316 0.510200 0.326530 0.183670
ECO05394 0.000000 0.510200 0.000000
ECO02573 0.000000 0.469390 -0.061220
ECO04425 0.000000 0.489800 0.000000
ECO08386 0.265310 0.183670 0.204090
ECO08922 0.367350 0.102040 0.000000
ECO09105 0.387760 0.102040 0.183680
ECO01855 0.122450 0.408160 0.000000
ECO03740 0.448980 0.122450 0.224490
ECO02506 0.408160 0.183680 0.000000
ECO10360 0.204080 0.448980 0.081630
ECO06501 0.000000 0.571430 0.000000
ECO00200 0.142860 0.408160 0.061230
ECO03998 0.000000 0.448980 0.000000
ECO11597 1.000000 -0.040820 0.346940
ECO10021 0.000000 0.469390 0.000000
ECO03898 0.448980 0.142860 0.346940
ECO08928 0.673470 0.224490 0.000000
ECO04505 0.469390 0.163260 0.346940
ECO01404 0.224490 0.448980 0.000000
ECO09378 0.204080 0.448980 0.081630
ECO09242 0.285710 0.387760 0.000000
ECO01247 0.183670 0.326530 0.081630
ECO09585 0.265310 0.428570 0.000000
ECO05984 0.000000 0.571430 -0.061220
ECO10951 0.163270 0.448970 0.000000
ECO05391 0.163270 0.387750 0.061230
ECO05341 0.387760 0.102040 0.000000
ECO09428 0.448980 0.142860 0.326530
ECO07763 0.285710 0.183680 0.000000
ECO05741 0.061220 0.510210 0.000000
ECO06570 0.448980 0.142860 0.000000
ECO10557 0.000000 0.408160 -0.040820
ECO09778 0.142860 0.285710 0.000000
ECO06034 0.510200 0.183680 0.326530
ECO05477 0.000000 0.551020 0.000000
ECO03605 0.489800 0.142850 0.346940
ECO06756 0.387760 0.122440 0.000000
ECO11998 0.346940 0.408160 0.102040
ECO04611 0.000000 0.571430 0.000000
ECO11064 0.489800 0.346930 0.163270
ECO11685 0.510200 0.142860 0.000000
ECO00867 0.183670 0.428570 0.061220
ECO05847 0.469390 0.142850 0.000000
ECO09306 0.591840 0.244890 0.244900
ECO05547 0.000000 0.469390 0.000000
ECO12185 0.000000 0.510200 -0.061220
ECO04911 0.469390 0.122450 0.000000
ECO02639 0.183670 0.448980 0.081630
ECO12619 0.142860 0.469380 0.000000
ECO00984 0.142860 0.346940 0.061230
ECO09643 0.122450 0.428570 0.000000
ECO11954 0.632650 0.204080 0.285710
ECO09524 0.224490 0.448980 0.000000
ECO09175 0.000000 0.551020 -0.081630
ECO12422 0.000000 0.285710 0.000000
ECO04461 0.346940 0.102040 0.244900
ECO05061 0.163270 0.448970 0.000000
ECO06649 0.000000 0.571430 -0.061220
ECO11768 0.000000 0.510200 0.000000
ECO04712 0.000000 0.551020 -0.061220
ECO04426 0.244900 0.448980 0.000000
ECO08521 0.061220 0.428580 0.000000
ECO08955 0.000000 0.571430 0.000000
ECO07119 0.102040 0.408160 0.040820
ECO04175 0.877550 0.061230 0.000000
ECO11885 0.510200 0.102040 0.408160
ECO03791 0.102040 0.428570 0.000000
ECO04008 0.000000 0.448980 -0.040820
ECO00617 0.183670 0.367350 0.000000
ECO04259 0.448980 0.122450 0.346940
ECO00366 0.204080 0.448980 0.000000
ECO09475 0.122450 0.285710 0.061230
ECO09088 0.122450 0.489790 0.000000
ECO06097 0.530610 0.306120 0.183670
ECO09054 0.408160 0.122450 0.000000
ECO09760 0.489800 0.122440 0.224490
ECO06450 0.000000 0.551020 0.000000
ECO08071 0.000000 0.387760 -0.040820
ECO05344 0.346940 0.081630 0.000000
ECO00332 0.224490 0.489800 0.081630
ECO12437 0.224490 0.428570 0.000000
ECO09224 0.122450 0.428570 0.040820
ECO09305 0.081630 0.448980 0.000000
ECO04408 0.836730 0.081640 0.306120
ECO12403 0.000000 0.551020 0.000000
ECO03174 0.244900 0.428570 0.081630
ECO05948 0.551020 0.183670 0.000000
ECO05114 0.224490 0.428570 0.081630
ECO10458 0.000000 0.530610 0.000000
ECO05412 0.836730 0.102050 0.285710
ECO05982 0.408160 0.102040 0.000000
ECO11786 0.122450 0.469390 0.040820
ECO09605 0.000000 0.551020 0.000000
ECO05799 0.510200 0.102040 0.408160
ECO11500 0.000000 0.530610 0.000000
ECO07935 0.448980 0.122450 0.265310
ECO09226 0.000000 0.571430 0.000000
ECO06754 0.122450 0.469390 0.020410
ECO06043 0.183670 0.428570 0.000000
ECO09726 0.163270 0.183670 0.081640
ECO09943 0.224490 0.448980 0.000000
ECO05663 0.408160 0.142860 0.306120
ECO09909 0.204080 0.448980 0.000000
ECO02991 1.000000 -0.040820 0.367350
ECO09990 0.224490 0.142860 0.000000
ECO04693 0.510200 0.163270 0.367340
ECO05812 0.000000 0.551020 0.000000
ECO04727 0.959180 0.000000 0.346940
ECO08356 0.102040 0.448980 0.000000
ECO06382 0.000000 0.367350 -0.040820
ECO04076 0.510200 0.163270 0.000000
ECO05080 0.102040 0.387760 0.040820
ECO05331 0.204080 0.448980 0.000000
ECO04544 0.000000 0.530610 -0.061220
ECO04457 0.000000 0.551020 0.000000
ECO02024 0.244900 0.428570 0.081630
ECO04296 0.469390 0.306120 0.000000
ECO07840 0.000000 0.510200 -0.081630
ECO09426 0.510200 0.183680 0.000000
ECO11950 0.265310 0.428570 0.081640
ECO08026 0.510200 0.285720 0.000000
ECO06461 0.142860 0.469380 0.040820
ECO05243 0.122450 0.448980 0.000000
ECO04096 0.387760 0.122440 0.285720
ECO04383 0.265310 0.122450 0.000000
ECO11475 0.000000 0.551020 -0.061220
ECO09580 0.000000 0.510200 0.000000
ECO04775 0.265310 0.142850 0.163270
ECO09599 0.183670 0.367350 0.000000
ECO10049 0.408160 0.122450 0.244890
ECO01225 0.204080 0.489800 0.000000
ECO10135 0.244900 0.428570 0.102040
ECO10486 0.102040 0.469390 0.000000
ECO10585 0.000000 0.510200 -0.040820
ECO02997 0.795920 0.122450 0.000000
ECO02548 0.102040 0.346940 0.040820
ECO00027 0.163270 0.387750 0.000000
ECO02848 0.204080 0.448980 0.061220
ECO02948 0.489800 0.122440 0.000000
ECO06742 0.000000 0.408160 -0.040820
ECO07913 1.000000 -0.020410 0.000000
ECO04619 0.448980 0.122450 0.244900
ECO09550 0.000000 0.530610 0.000000
ECO09949 0.448980 0.122450 0.346940
ECO09649 0.510200 0.244900 0.000000
ECO10300 0.000000 0.367350 -0.040820
ECO12663 0.000000 0.530610 0.000000
ECO10786 0.142860 0.265300 0.061230
ECO05905 0.122450 0.408160 0.000000
ECO03933 0.387760 0.204080 0.183680
ECO08613 0.204080 0.448980 0.000000
ECO10205 0.183670 0.428570 0.061220
ECO10673 0.367350 0.122450 0.000000
ECO03210 0.510200 0.122450 0.387750
ECO03989 0.673470 0.224490 0.000000
ECO10073 0.510200 0.204090 0.265300
ECO12468 0.122450 0.489790 0.000000
ECO00190 0.244900 0.448980 0.081630
ECO02062 0.163270 0.448970 0.000000
ECO10745 0.632650 0.224490 0.367340
ECO06699 0.530610 0.142860 0.000000
ECO06499 0.163270 0.448970 0.061230
ECO03257 0.428570 0.122450 0.000000
ECO12218 0.448980 0.163260 0.326530
ECO00347 0.081630 0.326530 0.000000
ECO08439 0.102040 0.469390 0.020410
ECO05495 0.510200 0.122450 0.000000
ECO04044 0.448980 0.102040 0.224490
ECO09358 0.673470 0.204080 0.000000
ECO12188 0.102040 0.367350 0.040820
ECO03525 0.346940 0.081630 0.000000
ECO10980 0.102040 0.306120 0.040820
ECO11634 0.061220 0.346940 0.000000
ECO07988 0.142860 0.367340 0.061230
ECO01253 0.306120 0.428570 0.000000
ECO07069 0.000000 0.469390 -0.040820
ECO02253 0.061220 0.489800 0.000000
ECO12286 0.000000 0.489800 -0.081630
ECO00700 0.122450 0.183670 0.000000
ECO12537 0.918370 0.020410 0.285720
ECO10141 0.428570 0.122450 0.000000
ECO04593 0.448980 0.163260 0.306120
ECO06448 0.183670 0.387760 0.000000
ECO01202 0.061220 0.489800 0.000000
ECO11767 0.285710 0.163270 0.000000
ECO09307 0.122450 0.469390 0.040820
ECO04776 1.000000 inf 0.000000
ECO09507 0.000000 0.530610 -0.061220
ECO02521 0.367350 0.102040 0.000000
ECO06703 0.000000 0.448980 -0.040820
ECO00185 0.102040 0.448980 0.000000
ECO12431 0.000000 0.551020 -0.081630
ECO07818 0.000000 0.530610 0.000000
ECO12656 0.000000 0.510200 -0.061220
ECO05814 0.142860 0.367340 0.000000
ECO08239 0.428570 0.122450 0.204080
ECO05848 0.122450 0.510200 0.000000
ECO04142 0.061220 0.489800 0.000000
ECO02623 0.000000 0.510200 0.000000
ECO03291 0.122450 0.428570 0.040820
ECO03976 0.979590 -0.040810 0.000000
ECO05193 0.469390 0.346940 0.183680
ECO12039 0.428570 0.163270 0.000000
ECO11924 0.183670 0.469390 0.061220
ECO10950 0.163270 0.428570 0.000000
ECO04439 0.183670 0.448980 0.061220
ECO09937 0.285710 0.428580 0.000000
ECO11327 0.000000 0.387760 -0.040820
ECO12064 0.000000 0.448980 0.000000
ECO09519 0.000000 0.469390 -0.040820
ECO04950 0.346940 0.081630 0.000000
ECO03764 0.000000 0.510200 -0.061220
ECO09026 0.000000 0.530610 0.000000
ECO02292 0.000000 0.489800 -0.040820
ECO03103 0.244900 0.387750 0.000000
ECO03478 0.000000 0.551020 -0.061220
ECO04944 0.367350 0.102040 0.000000
ECO07603 1.000000 -0.040820 0.326530
ECO08369 0.102040 0.265310 0.000000
ECO03106 0.510200 0.122450 0.265300
ECO02891 0.142860 0.448980 0.000000
ECO04993 0.244900 0.408160 0.102040
ECO00951 0.163270 0.408160 0.000000
ECO05558 0.000000 0.428570 -0.040820
ECO09897 0.387760 0.122440 0.000000
ECO06310 0.428570 0.142860 0.285710
ECO10505 0.734690 0.163270 0.000000
ECO08124 0.000000 0.428570 -0.040820
ECO09503 0.000000 0.551020 0.000000
ECO04216 0.000000 0.489800 -0.040820
ECO03216 0.428570 0.122450 0.000000
ECO04051 0.204080 0.408160 0.102040
ECO09081 0.224490 0.448980 0.000000
ECO04002 0.000000 0.469390 -0.040820
ECO09746 0.224490 0.469390 0.000000
ECO11119 0.000000 0.510200 -0.061220
ECO00807 0.265310 0.489790 0.000000
ECO09032 0.020410 0.551020 -0.040810
ECO11557 0.020410 0.551020 0.000000
ECO04788 0.000000 0.530610 -0.061220
ECO04437 0.367350 0.102040 0.000000
ECO11995 0.102040 0.469390 0.040820
ECO07990 0.244900 0.448980 0.000000
ECO12382 0.102040 0.367350 0.040820
ECO09637 0.000000 0.551020 0.000000
ECO12157 0.448980 0.346940 0.183670
ECO03865 0.469390 0.102040 0.000000
ECO05374 1.000000 inf 0.163270
ECO07939 0.020410 0.551020 0.000000
ECO04506 0.000000 0.285710 -0.020410
ECO06446 0.102040 0.510200 0.000000
ECO00336 0.265310 0.448980 0.081640
ECO04080 0.000000 0.489800 0.000000
ECO04382 0.346940 0.061220 0.183670
ECO04464 1.000000 -0.020410 0.000000
ECO11445 0.102040 0.448980 0.040820
ECO07815 0.183670 0.448980 0.000000
ECO07846 0.387760 0.102040 0.224490
ECO07960 0.183670 0.428570 0.000000
ECO00758 0.285710 0.448980 0.081630
ECO01779 0.285710 0.448980 0.000000
ECO10730 0.224490 0.428570 0.081630
ECO09016 0.408160 0.102040 0.000000
ECO04751 0.632650 0.163270 0.285710
ECO05874 0.000000 0.530610 0.000000
ECO11744 0.000000 0.469390 -0.040820
ECO06460 0.061220 0.551020 0.000000
ECO08802 0.469390 0.122450 0.204080
ECO11471 0.510200 0.102040 0.000000
ECO06493 0.142860 0.469380 0.040820
ECO03978 0.367350 0.081630 0.000000
ECO03646 0.163270 0.408160 0.061230
ECO06893 0.020410 0.530610 0.000000
ECO07926 0.142860 0.469380 0.040820
ECO10334 0.448980 0.122450 0.000000
ECO06423 0.000000 0.571430 -0.081630
ECO05737 0.000000 0.551020 0.000000
ECO03694 0.428570 0.142860 0.244900
ECO03794 0.387760 0.102040 0.000000
ECO10489 1.000000 -0.040820 0.306120
ECO06209 0.000000 0.551020 0.000000
ECO05658 0.489800 0.265300 0.285720
ECO07130 0.020410 0.387750 0.000000
ECO11674 0.673470 0.183670 0.285710
ECO09981 0.775510 0.142860 0.000000
ECO07816 0.142860 0.469380 0.040820
ECO06075 0.408160 0.183680 0.000000
ECO10530 0.000000 0.469390 -0.061220
ECO05957 0.489800 0.163260 0.000000
ECO05627 0.530610 0.163270 0.367340
ECO06413 0.387760 0.306120 0.000000
ECO12055 0.000000 0.571430 -0.081630
ECO06027 0.061220 0.469390 0.000000
ECO05791 0.102040 0.469390 0.020410
ECO09185 0.000000 0.469390 0.000000
ECO11741 0.285710 0.448980 0.081630
ECO08542 0.163270 0.428570 0.000000
ECO03888 0.448980 0.122450 0.306120
ECO07774 0.224490 0.469390 0.000000
ECO05902 0.285710 0.428580 0.102040
ECO09839 0.102040 0.489800 0.000000
ECO06002 0.122450 0.326530 0.061230
ECO04573 0.000000 0.530610 0.000000
ECO02962 0.000000 0.408160 -0.061220
ECO07020 0.510200 0.183680 0.000000
ECO10071 0.000000 0.387760 -0.061220
ECO09819 0.061220 0.387760 0.000000
ECO09944 0.061220 0.510210 0.000000
ECO03931 0.448980 0.122450 0.000000
ECO08776 0.102040 0.346940 0.040820
ECO06511 0.367350 0.122450 0.000000
ECO12291 0.346940 0.102040 0.204080
ECO08385 0.244900 0.408160 0.000000
ECO02876 0.346940 0.408160 0.102040
ECO02426 0.122450 0.387750 0.000000
ECO02819 0.122450 0.469390 0.040820
ECO07106 0.183670 0.448980 0.000000
ECO03330 0.122450 0.306120 0.061230
ECO06574 0.020410 0.551020 0.000000
ECO05684 0.000000 0.428570 -0.040820
ECO04698 0.000000 0.448980 0.000000
ECO04748 0.000000 0.469390 -0.061220
ECO08442 0.428570 0.122450 0.000000
ECO08149 0.102040 0.428570 0.040820
ECO08246 0.000000 0.571430 0.000000
ECO03065 0.795920 0.122450 0.265310
ECO07695 0.122450 0.469390 0.000000
ECO08549 0.000000 0.510200 -0.040820
ECO11529 0.591840 0.163260 0.000000
ECO06502 0.000000 0.551020 -0.061220
ECO12223 0.408160 0.122450 0.000000
ECO06727 0.224490 0.428570 0.081630
ECO08632 0.061220 0.510210 0.000000
ECO09295 0.938780 0.000000 0.326540
ECO12274 0.285710 0.122450 0.000000
ECO05637 0.265310 0.448980 0.102040
ECO04884 0.387760 0.142850 0.000000
ECO12584 0.000000 0.571430 -0.061220
ECO12191 0.000000 0.489800 0.000000
ECO02074 0.244900 0.387750 0.081630
ECO03130 0.551020 0.183670 0.000000
ECO06193 0.428570 0.122450 0.285710
ECO06977 0.000000 0.387760 0.000000
ECO12613 0.000000 0.408160 -0.040820
ECO04869 0.387760 0.102040 0.000000
ECO11777 0.000000 0.571430 -0.061220
ECO07092 0.408160 0.142860 0.000000
ECO04684 0.244900 0.122450 0.163270
ECO08587 0.367350 0.122450 0.000000
ECO06217 0.408160 0.102040 0.224490
ECO02598 0.102040 0.489800 0.000000
ECO04169 0.408160 0.122450 0.265300
ECO02297 0.000000 0.551020 0.000000
ECO12577 0.142860 0.306120 0.061230
ECO11565 0.000000 0.448980 0.000000
ECO11787 0.448980 0.367350 0.163270
ECO05045 0.244900 0.081630 0.000000
ECO05515 0.816330 0.122450 0.265310
ECO04143 1.000000 -0.040820 0.000000
ECO06966 0.000000 0.571430 -0.061220
ECO08187 0.530610 0.265310 0.000000
ECO03071 0.489800 0.102040 0.224490
ECO12589 0.000000 0.530610 0.000000
ECO02373 0.306120 0.428570 0.102040
ECO12487 0.142860 0.204080 0.000000
ECO01852 0.204080 0.448980 0.081630
ECO07117 0.000000 0.469390 0.000000
ECO04443 0.000000 0.591840 -0.081630
ECO04996 0.408160 0.122450 0.000000
ECO04896 0.816330 0.102040 0.285720
ECO02771 0.510200 0.102040 0.000000
ECO03273 0.000000 0.510200 -0.081630
ECO11230 0.040820 0.428570 0.000000
ECO08957 0.000000 0.469390 -0.061220
ECO06983 0.408160 0.122450 0.000000
ECO02120 1.000000 -0.020410 0.224490
ECO05647 0.775510 0.142860 0.000000
ECO05428 0.612240 0.142860 0.367340
ECO07919 0.061220 0.428580 0.000000
ECO03090 0.000000 0.571430 -0.081630
ECO09927 0.204080 0.448980 0.000000
ECO05464 0.408160 0.122450 0.204080
ECO03592 0.346940 0.102040 0.000000
ECO12121 0.265310 0.122450 0.183680
ECO07101 0.367350 0.122450 0.000000
ECO05697 0.142860 0.387750 0.040820
ECO06816 0.387760 0.102040 0.000000
ECO12335 0.244900 0.448980 0.081630
ECO10058 0.000000 0.469390 0.000000
ECO08857 0.122450 0.428570 0.040820
ECO09372 0.408160 0.102040 0.000000
ECO00231 0.346940 0.102040 0.244900
ECO02456 0.612240 0.224490 0.000000
ECO08470 0.183670 0.448980 0.061220
ECO03105 0.000000 0.530610 0.000000
ECO05013 0.163270 0.428570 0.061230
ECO03439 0.081630 0.326530 0.000000
ECO06483 0.020410 0.571430 -0.061220
ECO12606 0.244900 0.448980 0.000000
ECO02490 0.244900 0.142860 0.183680
ECO09442 0.387760 0.102040 0.000000
ECO12504 0.061220 0.367350 0.020400
ECO01954 0.204080 0.469390 0.000000
ECO04877 0.081630 0.428570 0.020410
ECO11819 0.367350 0.122450 0.000000
ECO11533 0.346940 0.102040 0.265310
ECO03175 1.000000 -0.040820 0.000000
ECO08271 0.000000 0.469390 -0.040820
ECO05897 0.000000 0.510200 0.000000
ECO11449 0.102040 0.428570 0.040820
ECO03340 0.000000 0.387760 0.000000
ECO07118 0.102040 0.469390 0.040820
ECO05782 0.000000 0.571430 0.000000
ECO11803 0.346940 0.081630 0.244900
ECO08590 0.000000 0.551020 0.000000
ECO06901 0.081630 0.448980 0.020410
ECO09539 0.000000 0.387760 0.000000
ECO09790 0.163270 0.387750 0.061230
ECO09628 0.265310 0.122450 0.000000
ECO04448 0.000000 0.530610 -0.081630
ECO04898 0.000000 0.469390 0.000000
ECO11611 0.000000 0.530610 -0.061220
ECO08878 0.204080 0.408160 0.000000
ECO09092 0.428570 0.142860 0.265300
ECO03162 0.469390 0.142850 0.000000
ECO11848 0.367350 0.122450 0.285720
ECO08749 0.489800 0.102040 0.000000
ECO04655 0.224490 0.428570 0.081630
ECO07842 0.448980 0.183670 0.000000
ECO11662 0.244900 0.448980 0.081630
ECO05128 0.183670 0.306130 0.000000
ECO11504 1.000000 -0.040820 0.285710
ECO12637 0.204080 0.408160 0.000000
ECO06982 0.000000 0.510200 -0.040820
ECO07250 0.102040 0.387760 0.000000
ECO08824 0.142860 0.408160 0.061230
ECO08220 0.224490 0.408160 0.000000
ECO05514 0.367350 0.102040 0.244900
ECO10559 0.428570 0.163270 0.000000
ECO12489 0.000000 0.571430 -0.061220
ECO03124 0.387760 0.102040 0.000000
ECO02152 0.204080 0.448980 0.061220
ECO02317 0.183670 0.489800 0.000000
ECO10605 0.000000 0.551020 -0.081630
ECO06647 0.122450 0.448980 0.000000
ECO03410 0.653060 0.204080 0.224490
ECO08894 0.265310 0.428570 0.000000
ECO11857 0.265310 0.408160 0.102040
ECO10566 0.367350 0.102040 0.000000
ECO08626 0.000000 0.612240 -0.102040
ECO05550 0.020410 0.448980 0.000000
ECO02424 0.204080 0.448980 0.081630
ECO04389 0.448980 0.183670 0.000000
ECO02878 0.183670 0.448980 0.081630
ECO07933 0.000000 0.448980 0.000000
ECO02224 0.469390 0.367340 0.163270
ECO05775 0.000000 0.510200 0.000000
ECO03117 0.244900 0.367340 0.122450
ECO06554 0.102040 0.469390 0.000000
ECO05457 0.448980 0.224490 0.306120
ECO06529 0.122450 0.428570 0.000000
ECO05843 0.428570 0.102040 0.326530
ECO03696 0.326530 0.081630 0.000000
ECO11771 0.000000 0.510200 -0.040820
ECO03678 0.265310 0.142850 0.000000
ECO12575 0.265310 0.428570 0.102040
ECO02492 0.000000 0.551020 0.000000
ECO12443 0.000000 0.489800 -0.061220
ECO06636 0.000000 0.571430 0.000000
ECO06622 0.448980 0.142860 0.346940
ECO12201 0.265310 0.163260 0.000000
ECO10626 0.591840 0.285710 0.142860
ECO04678 0.591840 0.142850 0.000000
ECO04512 0.346940 0.102040 0.244900
ECO06082 0.061220 0.530620 0.000000
ECO09005 0.367350 0.102040 0.224490
ECO08480 0.571430 0.285710 0.000000
ECO12161 0.142860 0.469380 0.040820
ECO10684 0.000000 0.571430 0.000000
ECO03959 0.000000 0.551020 -0.061220
ECO00615 0.224490 0.428570 0.000000
ECO03057 0.244900 0.102040 0.163270
ECO09375 0.000000 0.367350 0.000000
ECO03206 0.000000 0.469390 -0.081630
ECO04227 0.775510 0.142860 0.000000
ECO00255 0.061220 0.265310 0.020400
ECO04535 0.265310 0.122450 0.000000
ECO09330 0.244900 0.306120 0.081630
ECO03389 0.000000 0.571430 0.000000
ECO12205 0.489800 0.346930 0.163270
ECO09934 1.000000 -0.040820 0.000000
ECO03050 0.510200 0.183680 0.306120
ECO10752 0.102040 0.408160 0.000000
ECO05682 0.224490 0.163270 0.163270
ECO08605 0.122450 0.387750 0.000000
ECO04410 0.367350 0.102040 0.244900
ECO04061 1.000000 -0.040820 0.000000
ECO02189 0.020410 0.510200 -0.040810
ECO07194 0.183670 0.428570 0.000000
ECO10002 0.000000 0.387760 -0.040820
ECO05180 0.000000 0.551020 0.000000
ECO12354 0.142860 0.428570 0.040820
ECO03406 0.448980 0.142860 0.000000
ECO08971 0.000000 0.489800 -0.040820
ECO09843 0.244900 0.448980 0.000000
ECO10026 0.000000 0.571430 -0.061220
ECO06533 0.000000 0.489800 0.000000
ECO04729 0.571430 0.163260 0.265310
ECO10545 0.020410 0.551020 0.000000
ECO06550 0.408160 0.102040 0.306120
ECO05512 0.000000 0.489800 0.000000
ECO12320 0.000000 0.489800 -0.040820
ECO10294 0.285710 0.428580 0.000000
ECO06801 0.244900 0.469390 0.081630
ECO05461 0.469390 0.163260 0.000000
ECO04159 0.448980 0.183670 0.326530
ECO03606 0.020410 0.428570 0.000000
ECO02806 0.714290 0.183670 0.244900
ECO08354 0.000000 0.510200 0.000000
ECO07184 0.183670 0.448980 0.061220
ECO12103 0.632650 0.183680 0.000000
ECO02371 0.000000 0.183670 -0.020410
ECO12136 0.102040 0.489800 0.000000
ECO02169 0.183670 0.346940 0.081630
ECO05947 0.163270 0.244890 0.000000
ECO05220 0.000000 0.428570 -0.040820
ECO05306 0.122450 0.489790 0.000000
ECO03183 0.000000 0.551020 -0.061220
ECO11705 0.102040 0.285720 0.000000
ECO03226 0.367350 0.102040 0.244900
ECO08685 0.122450 0.428570 0.000000
ECO04055 0.224490 0.469390 0.061220
ECO00068 0.265310 0.489790 0.000000
ECO02376 0.000000 0.530610 -0.061220
ECO02669 0.408160 0.122450 0.000000
ECO06620 0.489800 0.163260 0.285720
ECO02683 0.102040 0.387760 0.000000
ECO02719 0.000000 0.571430 -0.081630
ECO08249 0.571430 0.224490 0.000000
ECO01990 0.183670 0.408170 0.061220
ECO05661 0.122450 0.469390 0.000000
ECO08315 0.183670 0.387760 0.061220
ECO03610 0.530610 0.142860 0.000000
ECO04576 0.204080 0.428570 0.061220
ECO02270 0.367350 0.122450 0.000000
ECO05797 0.224490 0.469390 0.081630
ECO02504 0.122450 0.469390 0.000000
ECO07869 1.000000 -0.040820 0.367350
ECO05746 0.000000 0.530610 0.000000
ECO00220 0.224490 0.367350 0.081630
ECO02624 0.244900 0.448980 0.000000
ECO06954 0.408160 0.102040 0.285710
ECO02585 0.000000 0.510200 0.000000
ECO12505 0.653060 0.244900 0.163260
ECO08505 0.571430 0.285710 0.000000
ECO08790 0.122450 0.367350 0.040820
ECO02455 0.714290 0.142850 0.000000
ECO02923 0.877550 0.061230 0.346940
ECO03208 0.367350 0.102040 0.000000
ECO05765 0.367350 0.122450 0.244900
ECO12654 0.000000 0.571430 0.000000
ECO01987 0.142860 0.448980 0.040820
ECO02387 0.040820 0.326530 0.000000
ECO08299 0.122450 0.510200 0.020410
ECO02476 0.000000 0.551020 0.000000
ECO04298 0.530610 0.163270 0.306120
ECO11260 0.122450 0.448980 0.000000
ECO08843 0.387760 0.122440 0.244900
ECO00989 0.000000 0.489800 0.000000
ECO09277 0.183670 0.448980 0.061220
ECO09354 0.775510 0.142860 0.000000
ECO05878 0.428570 0.122450 0.326530
ECO06971 0.530610 0.122450 0.000000
ECO05031 0.428570 0.102040 0.306120
ECO06712 0.102040 0.448980 0.000000
ECO12392 0.448980 0.367350 0.142860
ECO03738 0.122450 0.387750 0.000000
ECO04040 0.571430 0.224490 0.265310
ECO03227 0.489800 0.142850 0.000000
ECO07112 0.122450 0.489790 0.040820
ECO06903 0.102040 0.448980 0.000000
ECO06503 0.000000 0.387760 -0.040820
ECO03236 0.346940 0.102040 0.000000
ECO05040 0.346940 0.061220 0.224490
ECO12333 0.142860 0.489790 0.000000
ECO10022 0.408160 0.122450 0.244890
ECO05410 1.000000 -0.040820 0.000000
ECO05099 0.469390 0.367340 0.163270
ECO03806 0.265310 0.142850 0.000000
ECO10422 0.244900 0.448980 0.081630
ECO10554 0.428570 0.122450 0.000000
ECO05006 0.530610 0.142860 0.306120
ECO07805 0.122450 0.428570 0.000000
ECO05440 0.081630 0.469390 0.020410
ECO05308 0.020410 0.530610 0.000000
ECO09554 0.102040 0.387760 0.040820
ECO07775 0.183670 0.448980 0.000000
ECO00794 0.183670 0.469390 0.061220
ECO04806 0.000000 0.530610 0.000000
ECO10324 0.367350 0.102040 0.224490
ECO08150 0.387760 0.122440 0.000000
ECO11319 0.000000 0.571430 -0.081630
ECO08243 0.000000 0.428570 0.000000
ECO05533 0.000000 0.428570 -0.061220
ECO09184 1.000000 -0.020410 0.000000
ECO04888 0.632650 0.224490 0.224490
ECO05488 0.061220 0.428580 0.000000
ECO11643 0.448980 0.122450 0.265310
ECO06174 0.408160 0.122450 0.000000
ECO07009 0.408160 0.102040 0.285710
ECO09532 0.122450 0.469390 0.000000
ECO11105 0.061220 0.285720 0.020400
ECO09581 0.448980 0.367350 0.000000
ECO08832 0.469390 0.142850 0.346940
ECO05388 0.204080 0.448980 0.000000
ECO11457 0.122450 0.469390 0.040820
ECO08581 0.306120 0.428570 0.000000
ECO11343 0.265310 0.122450 0.163270
ECO02430 0.530610 0.163270 0.000000
ECO03016 0.122450 0.489790 0.020410
ECO02130 0.408160 0.122450 0.000000
ECO03416 0.408160 0.122450 0.285710
ECO04737 0.387760 0.122440 0.000000
ECO04602 0.551020 0.183670 0.285710
ECO09618 0.224490 0.408160 0.000000
ECO02179 0.122450 0.428570 0.040820
ECO03494 0.387760 0.102040 0.000000
ECO06545 0.122450 0.265310 0.061230
ECO09296 0.122450 0.469390 0.000000
ECO09310 0.469390 0.122450 0.367350
ECO03194 0.306120 0.448980 0.000000
ECO00629 0.020410 0.346940 -0.020410
ECO12273 0.000000 0.510200 0.000000
ECO04373 0.000000 0.591840 -0.081630
ECO03873 1.000000 -0.040820 0.000000
ECO02608 0.142860 0.489790 0.040820
ECO03301 1.000000 -0.020410 0.000000
ECO09689 0.000000 0.551020 -0.061220
ECO03487 0.510200 0.183680 0.000000
ECO05666 0.224490 0.448980 0.081630
ECO08324 0.367350 0.081630 0.000000
ECO06538 0.000000 0.448980 -0.040820
ECO04766 1.000000 -0.040820 0.000000
ECO04773 1.000000 -0.020410 0.285710
ECO10396 0.693880 0.204080 0.000000
ECO05452 0.000000 0.510200 -0.040820
ECO03187 0.000000 0.551020 0.000000
ECO06652 0.469390 0.102040 0.326530
ECO03594 0.367350 0.102040 0.000000
ECO04287 0.000000 0.530610 -0.081630
ECO02408 0.408160 0.142860 0.000000
ECO02638 0.244900 0.448980 0.081630
ECO06400 0.448980 0.183670 0.000000
ECO06683 0.000000 0.448980 -0.061220
ECO03375 0.204080 0.163270 0.000000
ECO00348 0.102040 0.489800 0.020410
ECO12068 0.000000 0.530610 0.000000
ECO07085 0.102040 0.469390 0.020410
ECO08372 0.000000 0.530610 0.000000
ECO04711 0.428570 0.081630 0.285710
ECO06298 0.387760 0.102040 0.000000
ECO03475 0.000000 0.612240 -0.102040
ECO01218 0.000000 0.469390 0.000000
ECO05028 0.591840 0.163260 0.285720
ECO04928 0.102040 0.306120 0.000000
ECO02790 0.367350 0.122450 0.244900
ECO04092 0.428570 0.122450 0.000000
ECO11668 0.346940 0.102040 0.244900
ECO09993 0.000000 0.448980 0.000000
ECO05211 0.163270 0.448970 0.061230
ECO03205 0.591840 0.244890 0.000000
ECO04241 0.244900 0.102040 0.163270
ECO10542 0.000000 0.571430 0.000000
ECO02701 0.122450 0.367350 0.061230
ECO05459 0.469390 0.224490 0.000000
ECO05659 0.224490 0.448980 0.061220
ECO06798 0.224490 0.448980 0.000000
ECO11680 0.367350 0.102040 0.204080
ECO12473 0.102040 0.285720 0.000000
ECO03156 0.204080 0.448980 0.081630
ECO09857 0.346940 0.122450 0.000000
ECO04562 0.489800 0.163260 0.244900
ECO12455 0.142860 0.448980 0.000000
ECO01318 0.122450 0.469390 0.040820
ECO03490 0.346940 0.102040 0.000000
ECO08121 0.183670 0.448980 0.081630
ECO07600 0.061220 0.265310 0.000000
ECO07736 0.102040 0.428570 0.040820
ECO04926 0.000000 0.489800 0.000000
ECO03741 0.612240 0.204090 0.285710
ECO04430 0.367350 0.387750 0.000000
ECO08474 0.367350 0.102040 0.244900
ECO05709 0.979590 -0.040810 0.000000
ECO03530 0.510200 0.142860 0.285710
ECO06095 0.530610 0.285720 0.000000
ECO04923 0.469390 0.142850 0.326530
ECO11816 0.346940 0.408160 0.000000
ECO04323 0.224490 0.428570 0.102040
ECO12016 0.102040 0.469390 0.000000
ECO04723 0.000000 0.428570 -0.061220
ECO09167 0.448980 0.102040 0.000000
ECO02658 0.285710 0.448980 0.081630
ECO09646 0.387760 0.122440 0.000000
ECO06402 0.183670 0.326530 0.061220
ECO09453 0.081630 0.387760 0.000000
ECO10232 0.387760 0.122440 0.285720
ECO08760 0.102040 0.428570 0.000000
ECO03630 0.510200 0.142860 0.346930
ECO11133 0.102040 0.387760 0.000000
ECO09053 0.000000 0.448980 -0.040820
ECO04916 0.448980 0.122450 0.000000
ECO05716 0.000000 0.530610 -0.061220
ECO07767 0.204080 0.408160 0.000000
ECO05816 0.408160 0.122450 0.285710
ECO03737 0.408160 0.142860 0.000000
ECO02165 0.142860 0.428570 0.040820
ECO02644 0.000000 0.530610 0.000000
ECO05402 0.061220 0.489800 0.000000
ECO03138 0.816330 0.102040 0.000000
ECO00917 0.183670 0.387760 0.061220
ECO02155 0.183670 0.448980 0.000000
ECO12503 0.183670 0.428570 0.061220
ECO12520 0.183670 0.448980 0.000000
ECO08303 0.224490 0.408160 0.102040
ECO12303 0.142860 0.448980 0.000000
ECO04800 0.755100 0.142860 0.265300
ECO03221 0.000000 0.489800 0.000000
ECO04071 0.000000 0.428570 -0.040820
ECO12032 0.448980 0.122450 0.000000
ECO10641 0.346940 0.102040 0.244900
ECO04314 1.000000 -0.020410 0.000000
ECO09950 0.224490 0.428570 0.081630
ECO08127 0.163270 0.469380 0.000000
ECO06068 0.000000 0.571430 -0.081630
ECO05532 0.469390 0.224490 0.000000
ECO05493 0.367350 0.102040 0.224490
ECO12089 0.346940 0.122450 0.000000
ECO06536 0.244900 0.448980 0.081630
ECO06411 0.408160 0.367350 0.000000
ECO05143 1.000000 -0.040820 0.306120
ECO11513 0.000000 0.448980 0.000000
ECO06050 0.183670 0.469390 0.061220
ECO03621 0.000000 0.571430 0.000000
ECO08633 0.428570 0.224490 0.306120
ECO04889 1.000000 -0.040820 0.000000
ECO11739 0.122450 0.469390 0.040820
ECO04732 0.204080 0.448980 0.000000
ECO07940 0.836730 0.102050 0.244890
ECO03953 0.367350 0.102040 0.000000
ECO06000 0.367350 0.408160 0.122450
ECO10398 0.469390 0.367340 0.000000
ECO05075 0.000000 0.551020 -0.061220
ECO09237 0.224490 0.489800 0.000000
ECO09619 0.061220 0.224490 0.020400
ECO06879 0.000000 0.510200 0.000000
ECO10466 0.346940 0.102040 0.224490
ECO06604 0.183670 0.448980 0.000000
ECO07765 0.204080 0.448980 0.081630
ECO07872 0.102040 0.448980 0.000000
ECO02199 0.489800 0.122440 0.244900
ECO04264 0.000000 0.530610 0.000000
ECO03396 0.551020 0.163270 0.306120
ECO11288 0.346940 0.102040 0.000000
ECO05093 0.408160 0.346940 0.163260
ECO02392 0.000000 0.428570 0.000000
ECO02538 0.020410 0.448980 -0.020410
ECO00734 0.183670 0.469390 0.000000
ECO02755 0.693880 0.204080 0.204080
ECO08805 0.469390 0.122450 0.000000
ECO12486 0.510200 0.081640 0.387750
ECO04793 0.081630 0.448980 0.000000
ECO09246 0.224490 0.489800 0.081630
ECO06388 0.000000 0.469390 0.000000
ECO08360 0.367350 0.102040 0.244900
ECO03730 1.000000 -0.020410 0.000000
ECO08374 0.122450 0.326530 0.040820
ECO03937 0.000000 0.530610 0.000000
ECO02451 0.081630 0.448980 0.020410
ECO02944 0.387760 0.102040 0.000000
ECO08574 0.489800 0.183670 0.326530
ECO06093 0.000000 0.387760 0.000000
ECO07808 0.265310 0.428570 0.081640
ECO08676 0.142860 0.428570 0.000000
ECO02399 0.551020 0.142860 0.285710
ECO11606 0.632650 0.183680 0.000000
ECO11174 0.142860 0.428570 0.061230
ECO04289 0.000000 0.469390 0.000000
ECO00545 0.204080 0.448980 0.061220
ECO05918 0.244900 0.448980 0.000000
ECO11067 0.306120 0.448980 0.102040
ECO04757 0.346940 0.081630 0.000000
ECO04982 0.061220 0.408170 0.000000
ECO08969 0.000000 0.571430 0.000000
ECO12368 0.000000 0.448980 -0.061220
ECO04064 0.489800 0.122440 0.000000
ECO10080 1.000000 -0.020410 0.244900
ECO10480 0.061220 0.448980 0.000000
ECO08101 0.367350 0.122450 0.265310
ECO05675 0.183670 0.346940 0.000000
ECO11782 0.122450 0.489790 0.020410
ECO05207 0.448980 0.142860 0.000000
ECO05586 0.000000 0.530610 -0.061220
ECO07965 0.224490 0.428570 0.000000
ECO05382 0.000000 0.530610 -0.081630
ECO07254 0.448980 0.142860 0.000000
ECO04689 0.000000 0.530610 -0.061220
ECO02953 1.000000 -0.040820 0.000000
ECO06336 1.000000 -0.040820 0.346940
ECO05118 0.489800 0.122440 0.000000
ECO12025 0.469390 0.122450 0.326530
ECO07147 0.000000 0.551020 0.000000
ECO11313 0.775510 0.122450 0.306120
ECO08326 0.183670 0.448980 0.000000
ECO02242 0.000000 0.551020 -0.061220
ECO06961 0.000000 0.571430 0.000000
ECO02710 0.408160 0.204080 0.244890
ECO05800 0.510200 0.163270 0.000000
ECO02574 0.000000 0.571430 -0.081630
ECO04366 0.204080 0.448980 0.000000
ECO08317 0.469390 0.326530 0.142860
ECO07331 0.224490 0.428570 0.000000
ECO11169 0.102040 0.387760 0.040820
ECO09603 0.265310 0.448980 0.000000
ECO09110 0.000000 0.530610 -0.061220
ECO12373 0.000000 0.510200 0.000000
ECO02885 0.102040 0.285720 0.040820
ECO02124 0.102040 0.448980 0.000000
ECO04804 0.244900 0.122450 0.163270
ECO08347 0.408160 0.163270 0.000000
ECO06757 0.204080 0.448980 0.061220
ECO08598 0.000000 0.510200 0.000000
ECO03259 0.448980 0.122450 0.285710
ECO06258 0.000000 0.571430 0.000000
ECO06603 0.122450 0.408160 0.040820
ECO09518 0.632650 0.163270 0.000000
ECO01421 0.489800 0.346930 0.183680
ECO07008 0.408160 0.102040 0.000000
ECO12629 0.204080 0.428570 0.061220
ECO01259 0.224490 0.448980 0.000000
ECO10569 0.000000 0.510200 -0.061220
ECO08530 0.244900 0.448980 0.000000
ECO03034 0.734690 0.183680 0.204080
ECO03204 1.000000 -0.040820 0.000000
ECO09547 0.183670 0.448980 0.081630
ECO05889 0.530610 0.142860 0.000000
ECO04854 0.000000 0.469390 -0.061220
ECO12093 0.102040 0.204080 0.000000
ECO09254 0.142860 0.408160 0.061230
ECO08841 0.183670 0.448980 0.000000
ECO03897 0.102040 0.408160 0.040820
ECO04417 0.551020 0.142860 0.000000
ECO04386 0.428570 0.122450 0.204080
ECO12347 0.000000 0.551020 0.000000
ECO12360 0.387760 0.142850 0.306130
ECO07994 0.000000 0.530610 0.000000
ECO10083 0.489800 0.285710 0.204090
ECO06726 0.000000 0.448980 0.000000
ECO03936 0.367350 0.102040 0.224490
ECO03463 0.571430 0.163260 0.000000
ECO05301 0.408160 0.102040 0.306120
ECO01460 0.183670 0.448980 0.000000
ECO10734 0.102040 0.367350 0.040820
ECO00242 0.163270 0.346930 0.000000
ECO06540 0.000000 0.469390 -0.040820
ECO10501 0.122450 0.448980 0.000000
ECO00409 0.204080 0.387760 0.061220
ECO06590 0.204080 0.285720 0.000000
ECO00723 0.142860 0.408160 0.061230
ECO10970 0.204080 0.326530 0.000000
ECO00927 0.244900 0.469390 0.081630
ECO03429 0.530610 0.142860 0.000000
ECO08582 0.387760 0.102040 0.265310
ECO09748 0.000000 0.448980 0.000000
ECO02545 0.448980 0.122450 0.265310
ECO09952 0.142860 0.448980 0.000000
ECO06608 0.306120 0.448980 0.081630
ECO02331 0.102040 0.224490 0.000000
ECO02846 0.000000 0.551020 -0.061220
ECO06705 0.061220 0.510210 0.000000
ECO11999 0.387760 0.102040 0.306130
ECO04404 0.000000 0.530610 0.000000
ECO04365 0.632650 0.183680 0.285710
ECO08148 0.204080 0.448980 0.000000
ECO08279 0.122450 0.489790 0.020410
ECO03918 0.918370 0.020410 0.000000
ECO03217 0.897960 0.040820 0.306120
ECO11965 0.000000 0.510200 0.000000
ECO03965 0.408160 0.122450 0.204080
ECO08284 0.204080 0.469390 0.000000
ECO08548 0.448980 0.122450 0.346940
ECO11879 0.142860 0.469380 0.000000
ECO12611 0.265310 0.367340 0.081640
ECO03264 0.040820 0.346940 0.000000
ECO02961 1.000000 -0.020410 0.224490
ECO04540 0.367350 0.081630 0.000000
ECO11756 0.000000 0.510200 -0.061220
ECO09309 0.142860 0.367340 0.000000
ECO04663 0.265310 0.163260 0.163270
ECO06880 0.122450 0.469390 0.000000
ECO07850 0.102040 0.387760 0.040820
ECO09688 0.122450 0.489790 0.000000
ECO05042 0.265310 0.163260 0.183680
ECO07416 0.142860 0.448980 0.000000
ECO05199 0.000000 0.489800 -0.040820
ECO05408 0.102040 0.244900 0.000000
ECO05442 0.183670 0.469390 0.081630
ECO10957 0.183670 0.326530 0.000000
ECO07280 0.122450 0.489790 0.040820
ECO06778 0.000000 0.551020 0.000000
ECO11321 0.551020 0.142860 0.326530
ECO11287 0.122450 0.244900 0.000000
ECO11025 0.265310 0.448980 0.102040
ECO02268 0.469390 0.122450 0.000000
ECO11250 0.000000 0.408160 -0.040820
ECO02859 0.000000 0.591840 0.000000
ECO01332 0.000000 0.469390 -0.061220
ECO11722 0.000000 0.469390 0.000000
ECO08158 0.102040 0.367350 0.040820
ECO05900 0.000000 0.530610 0.000000
ECO09069 0.204080 0.469390 0.061220
ECO09962 0.020410 0.530610 0.000000
ECO09269 0.102040 0.489800 0.020410
ECO09176 0.000000 0.551020 0.000000
ECO03828 0.653060 0.142860 0.387750
ECO02160 0.163270 0.428570 0.000000
ECO03635 0.285710 0.448980 0.081630
ECO06086 0.000000 0.530610 0.000000
ECO03639 0.530610 0.142860 0.285710
ECO11049 0.387760 0.122440 0.000000
ECO05100 0.408160 0.102040 0.285710
ECO07797 0.204080 0.448980 0.000000
ECO08465 0.183670 0.489800 0.061220
ECO04907 0.408160 0.326530 0.000000
ECO12214 0.142860 0.285710 0.061230
ECO10541 0.285710 0.428580 0.000000
ECO09337 0.000000 0.326530 -0.020410
ECO04614 0.448980 0.163260 0.000000
ECO08469 0.142860 0.448980 0.061230
ECO07983 0.285710 0.448980 0.000000
ECO07976 0.224490 0.448980 0.061220
ECO05593 0.285710 0.142860 0.000000
ECO05218 0.530610 0.122450 0.387750
ECO05014 0.673470 0.204080 0.000000
ECO09455 0.000000 0.510200 -0.040820
ECO04839 0.367350 0.102040 0.000000
ECO08851 1.000000 -0.040820 0.306120
ECO03614 0.346940 0.081630 0.000000
ECO04239 0.408160 0.102040 0.306120
ECO06579 0.122450 0.469390 0.000000
ECO05325 0.000000 0.510200 -0.040820
ECO03435 0.530610 0.244900 0.000000
ECO00470 0.163270 0.428570 0.061230
ECO05232 0.285710 0.142860 0.000000
ECO05039 0.000000 0.551020 -0.061220
ECO11907 0.469390 0.102040 0.000000
ECO01674 0.326530 0.346940 0.081630
ECO11320 0.000000 0.510200 0.000000
ECO08376 0.204080 0.448980 0.081630
ECO02342 0.142860 0.346940 0.000000
ECO02635 0.000000 0.530610 -0.081630
ECO02367 0.000000 0.571430 0.000000
ECO04900 0.387760 0.102040 0.224490
ECO01928 0.367350 0.408160 0.000000
ECO02378 0.142860 0.469380 0.040820
ECO12679 0.122450 0.448980 0.000000
ECO02464 0.102040 0.428570 0.040820
ECO03379 0.408160 0.122450 0.000000
ECO08123 0.224490 0.428570 0.081630
ECO08895 0.306120 0.448980 0.000000
ECO04688 0.102040 0.469390 0.020410
ECO07166 0.102040 0.408160 0.000000
ECO03373 0.000000 0.530610 -0.061220
ECO04813 0.000000 0.408160 0.000000
ECO07219 0.000000 0.530610 -0.061220
ECO05498 0.469390 0.122450 0.000000
ECO04126 0.632650 0.204080 0.306120
ECO08821 0.000000 0.551020 0.000000
ECO06264 0.448980 0.122450 0.285710
ECO09302 0.000000 0.551020 0.000000
ECO09304 0.142860 0.326530 0.061230
ECO12481 0.387760 0.122440 0.000000
ECO09997 0.122450 0.408160 0.061230
ECO10318 0.000000 0.489800 0.000000
ECO03716 0.448980 0.102040 0.204080
ECO07460 0.489800 0.163260 0.000000
ECO10653 0.000000 0.530610 -0.061220
ECO08495 0.061220 0.326540 0.000000
ECO02144 0.367350 0.102040 0.265310
ECO07946 0.000000 0.469390 0.000000
ECO03465 0.489800 0.102040 0.204090
ECO10467 0.000000 0.510200 0.000000
ECO10874 0.571430 0.224490 0.285720
ECO08223 0.163270 0.448970 0.000000
ECO00237 0.142860 0.265300 0.040820
ECO08902 0.224490 0.428570 0.000000
ECO04288 0.122450 0.469390 0.040820
ECO04279 0.122450 0.469390 0.000000
ECO06351 0.000000 0.551020 -0.061220
ECO04281 0.448980 0.102040 0.000000
ECO04179 1.000000 -0.040820 0.346940
ECO10674 0.020410 0.591830 0.000000
ECO04581 0.367350 0.102040 0.224490
ECO05951 0.000000 0.530610 0.000000
ECO07123 0.163270 0.448970 0.061230
ECO05158 0.204080 0.448980 0.000000
ECO11774 0.000000 0.571430 -0.061220
ECO03986 0.000000 0.510200 0.000000
ECO06530 0.346940 0.081630 0.204080
ECO09697 0.122450 0.408160 0.000000
ECO07830 0.265310 0.326530 0.102040
ECO11772 0.142860 0.469380 0.000000
ECO05458 0.285710 0.183680 0.204080
ECO10304 0.000000 0.448980 0.000000
ECO06060 0.061220 0.306130 0.020400
ECO10975 0.102040 0.387760 0.000000
ECO00614 0.224490 0.448980 0.081630
ECO10767 0.142860 0.428570 0.000000
ECO05360 0.000000 0.530610 -0.081630
ECO07223 0.693880 0.204080 0.000000
ECO08323 0.122450 0.408160 0.040820
ECO12374 1.000000 -0.040820 0.000000
ECO05660 0.000000 0.530610 -0.081630
ECO05758 0.469390 0.163260 0.000000
ECO03279 0.367350 0.102040 0.224490
ECO03479 0.367350 0.122450 0.000000
ECO02686 0.204080 0.428570 0.081630
ECO08225 0.448980 0.122450 0.000000
ECO05860 0.142860 0.265300 0.061230
ECO02967 0.367350 0.081630 0.000000
ECO12525 0.367350 0.102040 0.265310
ECO12446 0.408160 0.142860 0.000000
ECO11158 0.367350 0.102040 0.224490
ECO06720 0.183670 0.428570 0.000000
ECO11748 0.469390 0.102040 0.306120
ECO00854 0.122450 0.306120 0.000000
ECO05047 0.000000 0.387760 -0.061220
ECO09657 0.000000 0.469390 0.000000
ECO02726 0.122450 0.346940 0.061230
ECO05298 0.122450 0.469390 0.000000
ECO08885 0.183670 0.448980 0.081630
ECO11798 0.530610 0.163270 0.000000
ECO06420 0.102040 0.428570 0.040820
ECO04362 0.000000 0.551020 0.000000
ECO08592 0.326530 0.408160 0.102040
ECO11855 0.306120 0.448980 0.000000
ECO05191 0.000000 0.489800 -0.061220
ECO00054 0.163270 0.448970 0.000000
ECO06470 0.000000 0.571430 -0.061220
ECO03955 0.285710 0.102050 0.000000
ECO09764 0.224490 0.448980 0.081630
ECO09678 0.204080 0.448980 0.000000
ECO04755 1.000000 inf 0.122450
ECO04598 0.387760 0.102040 0.000000
ECO00861 0.448980 0.142860 0.285710
ECO03126 0.367350 0.102040 0.000000
ECO06613 0.224490 0.387750 0.081630
ECO11447 0.000000 0.551020 0.000000
ECO05134 0.367350 0.122450 0.265310
ECO05884 0.061220 0.489800 0.000000
ECO00990 0.183670 0.346940 0.061220
ECO09685 0.000000 0.489800 0.000000
ECO08192 0.224490 0.448980 0.081630
ECO05327 0.000000 0.367350 0.000000
ECO05920 1.000000 -0.040820 0.306120
ECO00004 0.183670 0.326530 0.000000
ECO07806 0.224490 0.469390 0.081630
ECO06070 0.102040 0.469390 0.000000
ECO10564 0.000000 0.530610 -0.081630
ECO00061 0.387760 0.428570 0.000000
ECO11561 0.000000 0.448980 -0.040820
ECO06956 0.040820 0.224490 0.000000
ECO03769 0.408160 0.102040 0.326530
ECO11709 0.204080 0.448980 0.000000
ECO12444 0.102040 0.244900 0.040820
ECO03905 0.000000 0.551020 0.000000
ECO08728 0.285710 0.448980 0.081630
ECO02326 0.081630 0.326530 0.000000
ECO01690 0.122450 0.183670 0.061230
ECO02833 0.326530 0.408160 0.000000
ECO09228 0.387760 0.102040 0.265310
ECO05970 0.000000 0.510200 0.000000
ECO06077 0.489800 0.326530 0.183680
ECO03212 0.489800 0.122440 0.000000
ECO10614 0.489800 0.142850 0.306130
ECO06763 0.367350 0.122450 0.000000
ECO05438 0.367350 0.102040 0.224490
ECO02269 0.428570 0.142860 0.000000
ECO06364 0.428570 0.387760 0.163260
ECO11770 0.428570 0.122450 0.000000
ECO03917 1.000000 -0.020410 0.244900
ECO11661 0.408160 0.102040 0.000000
ECO00424 0.142860 0.285710 0.061230
ECO09333 0.428570 0.387760 0.000000
ECO08452 0.122450 0.448980 0.040820
ECO00117 0.000000 0.448980 0.000000
ECO08375 0.000000 0.510200 -0.061220
ECO11018 0.122450 0.428570 0.000000
ECO12533 0.122450 0.489790 0.020410
ECO00457 0.163270 0.387750 0.000000
ECO11353 0.000000 0.510200 -0.061220
ECO02359 0.000000 0.469390 0.000000
ECO02457 0.224490 0.448980 0.081630
ECO02466 0.571430 0.122450 0.000000
ECO09052 0.183670 0.387760 0.081630
ECO05678 0.224490 0.448980 0.000000
ECO03159 0.734690 0.122450 0.306120
ECO04206 0.000000 0.530610 0.000000
ECO12524 0.204080 0.408160 0.081630
ECO04738 0.387760 0.122440 0.000000
ECO00194 0.102040 0.244900 0.061220
ECO04508 0.367350 0.102040 0.000000
ECO05592 0.530610 0.183680 0.306120
ECO03747 0.551020 0.183670 0.000000
ECO10565 0.612240 0.183680 0.346930
ECO07796 0.000000 0.551020 0.000000
ECO04387 0.000000 0.510200 -0.081630
ECO03318 1.000000 -0.020410 0.000000
ECO06955 0.530610 0.183680 0.285710
ECO08191 0.000000 0.551020 0.000000
ECO09234 0.000000 0.489800 -0.040820
ECO10519 0.469390 0.163260 0.000000
ECO04150 1.000000 -0.020410 0.306120
ECO05657 0.000000 0.428570 0.000000
ECO11607 0.693880 0.204080 0.265310
ECO06238 0.102040 0.489800 0.000000
ECO04983 1.000000 -0.040820 0.346940
ECO05020 0.428570 0.102040 0.000000
ECO03197 0.918370 0.000000 0.428570
ECO06256 0.387760 0.122440 0.000000
ECO12162 0.102040 0.408160 0.040820
ECO06892 0.102040 0.428570 0.000000
ECO09093 0.204080 0.448980 0.081630
ECO06827 1.000000 -0.020410 0.000000
ECO10136 0.285710 0.408170 0.081630
ECO07108 0.387760 0.102040 0.000000
ECO06591 0.000000 0.448980 -0.040820
ECO09336 0.489800 0.163260 0.000000
ECO06710 0.000000 0.469390 -0.040820
ECO00957 0.306120 0.448980 0.000000
ECO06124 0.795920 0.122450 0.244900
ECO08047 0.000000 0.551020 0.000000
ECO10719 0.122450 0.265310 0.061230
ECO10035 0.387760 0.367340 0.000000
ECO03048 0.938780 0.000000 0.408170
ECO02384 0.408160 0.183680 0.000000
ECO05103 0.000000 0.489800 -0.040820
ECO05389 0.000000 0.489800 0.000000
ECO10787 0.448980 0.122450 0.265310
ECO09366 0.183670 0.448980 0.000000
ECO09315 0.000000 0.571430 -0.081630
ECO09784 0.020410 0.448980 0.000000
ECO00389 0.081630 0.367350 0.020410
ECO05355 0.061220 0.387760 0.000000
ECO12507 0.244900 0.428570 0.081630
ECO11249 0.000000 0.591840 0.000000
ECO06819 0.387760 0.102040 0.224490
ECO03320 0.795920 0.122450 0.000000
ECO00912 0.102040 0.224490 0.061220
ECO07755 0.204080 0.448980 0.000000
ECO09733 0.142860 0.204080 0.061230
ECO07912 0.122450 0.489790 0.000000
ECO08447 0.244900 0.183670 0.183680
ECO02964 0.387760 0.081630 0.000000
ECO05956 0.102040 0.469390 0.020410
ECO06026 0.693880 0.183670 0.000000
ECO05292 0.204080 0.408160 0.081630
ECO01712 0.142860 0.469380 0.000000
ECO09099 0.122450 0.448980 0.040820
ECO06241 0.224490 0.448980 0.000000
ECO03033 0.734690 0.183680 0.204080
ECO08431 0.122450 0.387750 0.000000
ECO08996 0.224490 0.428570 0.081630
ECO02711 0.020410 0.551020 0.000000
ECO02675 0.244900 0.448980 0.081630
ECO02418 0.081630 0.346940 0.000000
ECO10536 0.204080 0.469390 0.061220
ECO10871 0.061220 0.489800 0.000000
ECO00139 0.163270 0.387750 0.061230
ECO08345 0.000000 0.530610 0.000000
ECO11323 0.000000 0.571430 -0.081630
ECO06991 0.448980 0.122450 0.000000
ECO08414 0.122450 0.306120 0.061230
ECO02018 0.204080 0.408160 0.000000
ECO08745 0.163270 0.285710 0.081640
ECO04687 0.244900 0.142860 0.000000
ECO05773 1.000000 -0.020410 0.285710
ECO02629 0.000000 0.469390 0.000000
ECO12583 0.000000 0.612240 -0.081630
ECO09493 0.000000 0.387760 0.000000
ECO06962 0.000000 0.469390 -0.081630
ECO04084 0.387760 0.081630 0.000000
ECO02212 0.367350 0.102040 0.265310
ECO02847 0.183670 0.448980 0.000000
ECO10068 0.530610 0.306120 0.163260
ECO06724 0.000000 0.489800 0.000000
ECO04384 0.408160 0.142860 0.306120
ECO08013 0.408160 0.142860 0.000000
ECO10236 1.000000 -0.020410 0.244900
ECO06575 0.408160 0.102040 0.000000
ECO08329 0.000000 0.571430 -0.061220
ECO01643 0.346940 0.428570 0.000000
ECO03015 0.000000 0.530610 -0.061220
ECO12480 0.000000 0.510200 0.000000
ECO03705 0.469390 0.122450 0.346940
ECO13577 0.469390 0.122450 0.000000
ECO08256 0.122450 0.387750 0.040820
ECO03176 0.408160 0.102040 0.000000
ECO03362 0.367350 0.102040 0.224490
ECO03631 0.408160 0.122450 0.000000
ECO04836 0.428570 0.142860 0.326530
ECO04436 0.000000 0.551020 0.000000
ECO09817 0.183670 0.448980 0.061220
ECO09782 0.183670 0.448980 0.000000
ECO06624 0.000000 0.489800 -0.040820
ECO10303 0.000000 0.551020 0.000000
ECO07710 0.000000 0.489800 -0.040820
ECO06373 0.367350 0.142850 0.000000
ECO00357 0.142860 0.469380 0.061230
ECO06122 0.183670 0.448980 0.000000
ECO12046 0.000000 0.530610 -0.061220
ECO05003 0.469390 0.142850 0.000000
ECO08266 0.653060 0.142860 0.367350
ECO00871 0.163270 0.367340 0.000000
ECO11808 0.122450 0.408160 0.040820
ECO04715 0.102040 0.489800 0.000000
ECO08761 0.081630 0.326530 0.040810
ECO09961 0.285710 0.469390 0.000000
ECO04145 1.000000 -0.020410 0.204080
ECO08089 0.122450 0.428570 0.000000
ECO11738 0.489800 0.122440 0.326530
ECO12015 0.000000 0.591840 0.000000
ECO10538 0.285710 0.448980 0.102040
ECO04522 0.000000 0.551020 0.000000
ECO04922 1.000000 -0.020410 0.265310
ECO07959 0.000000 0.591840 0.000000
ECO09438 0.000000 0.571430 -0.061220
ECO10731 0.224490 0.469390 0.000000
ECO05494 0.367350 0.122450 0.244900
ECO10138 0.204080 0.387760 0.000000
ECO05217 0.000000 0.469390 -0.061220
ECO04315 0.387760 0.122440 0.000000
ECO00873 0.163270 0.448970 0.061230
ECO09361 0.367350 0.102040 0.000000
ECO00001 0.408160 0.102040 0.265300
ECO09931 0.204080 0.448980 0.000000
ECO09761 0.448980 0.122450 0.306120
ECO12317 0.000000 0.510200 0.000000
ECO12508 0.142860 0.469380 0.061230
ECO02452 0.428570 0.122450 0.000000
ECO04245 0.428570 0.122450 0.204080
ECO12417 1.000000 -0.040820 0.000000
ECO02950 0.448980 0.163260 0.326530
ECO05224 0.387760 0.122440 0.000000
ECO03045 0.000000 0.469390 -0.061220
ECO03052 0.000000 0.551020 0.000000
ECO08568 0.387760 0.367340 0.163270
ECO08272 0.367350 0.102040 0.000000
ECO02005 0.142860 0.326530 0.061230
ECO12285 0.265310 0.122450 0.000000
ECO10142 0.408160 0.122450 0.224490
ECO02905 1.000000 inf 0.000000
ECO02139 0.204080 0.448980 0.081630
ECO04616 0.367350 0.122450 0.000000
ECO08367 0.448980 0.163260 0.326530
ECO07967 0.000000 0.530610 0.000000
ECO09360 0.000000 0.387760 -0.040820
ECO09739 0.428570 0.142860 0.000000
ECO03137 0.551020 0.163270 0.265310
ECO02458 0.000000 0.571430 0.000000
ECO02744 0.142860 0.387750 0.040820
ECO06895 0.367350 0.122450 0.000000
ECO08467 0.408160 0.102040 0.326530
ECO08074 0.204080 0.387760 0.000000
ECO08260 0.102040 0.448980 0.040820
ECO12609 0.448980 0.163260 0.000000
ECO11233 0.204080 0.408160 0.081630
ECO12516 0.000000 0.551020 0.000000
ECO02365 0.183670 0.469390 0.061220
ECO12523 0.102040 0.306120 0.000000
ECO12623 0.204080 0.448980 0.081630
ECO12602 0.448980 0.183670 0.000000
ECO03537 0.897960 0.040820 0.265310
ECO03430 0.346940 0.081630 0.000000
ECO06881 0.469390 0.122450 0.265310
ECO05316 0.367350 0.122450 0.000000
ECO12249 0.408160 0.387760 0.142850
ECO00805 0.428570 0.142860 0.000000
ECO11639 0.000000 0.428570 -0.040820
ECO04290 0.612240 0.122450 0.000000
ECO11883 0.204080 0.469390 0.061220
ECO12006 0.244900 0.428570 0.000000
ECO04011 1.000000 -0.040820 0.387760
ECO10529 0.000000 0.469390 0.000000
ECO03054 0.979590 -0.020410 0.306120
ECO09870 0.000000 0.469390 0.000000
ECO01312 0.142860 0.408160 0.061230
ECO04756 0.224490 0.448980 0.000000
ECO12548 0.183670 0.448980 0.081630
ECO09978 0.367350 0.102040 0.000000
ECO03112 0.346940 0.102040 0.265310
ECO02226 0.000000 0.591840 0.000000
ECO02469 0.448980 0.142860 0.306120
ECO02383 0.142860 0.448980 0.000000
ECO03679 0.591840 0.244890 0.204080
ECO12551 0.591840 0.265300 0.000000
ECO12081 0.571430 0.122450 0.346940
ECO01707 0.163270 0.326530 0.000000
ECO02207 0.000000 0.571430 -0.061220
ECO04858 0.346940 0.061220 0.000000
ECO08325 0.448980 0.122450 0.326530
ECO08132 0.489800 0.142850 0.000000
ECO00920 0.183670 0.326530 0.061220
ECO08683 0.163270 0.469380 0.000000
ECO08390 0.489800 0.142850 0.326530
ECO00881 0.224490 0.102040 0.000000
ECO11495 0.367350 0.081630 0.244900
ECO06986 0.000000 0.530610 0.000000
ECO11807 0.142860 0.469380 0.040820
ECO03203 0.122450 0.346940 0.000000
ECO02335 0.000000 0.551020 -0.061220
ECO12675 0.163270 0.448970 0.000000
ECO00970 0.387760 0.408160 0.142860
ECO00677 0.142860 0.408160 0.000000
ECO01867 0.306120 0.448980 0.122450
ECO12557 0.122450 0.489790 0.000000
ECO05893 0.183670 0.448980 0.061220
ECO12568 0.122450 0.448980 0.000000
ECO03728 0.448980 0.122450 0.326530
ECO06654 0.204080 0.469390 0.000000
ECO12518 0.285710 0.408170 0.102040
ECO09687 0.142860 0.408160 0.000000
ECO04848 0.367350 0.102040 0.265310
ECO12334 0.000000 0.428570 0.000000
ECO02433 0.142860 0.448980 0.061230
ECO03319 0.489800 0.142850 0.000000
ECO10976 0.000000 0.469390 -0.040820
ECO11479 0.000000 0.489800 0.000000
ECO08617 0.204080 0.428570 0.081630
ECO09803 0.367350 0.102040 0.000000
ECO08424 0.122450 0.469390 0.040820
ECO10675 0.000000 0.408160 0.000000
ECO08024 0.000000 0.551020 -0.081630
ECO04073 0.448980 0.122450 0.000000
ECO04966 0.448980 0.204080 0.306120
ECO05759 0.448980 0.142860 0.000000
ECO02801 0.224490 0.448980 0.081630
ECO08410 0.653060 0.224490 0.000000
ECO09217 0.000000 0.571430 -0.081630
ECO02394 0.387760 0.408160 0.000000
ECO02355 0.000000 0.551020 -0.081630
ECO02287 0.122450 0.489790 0.000000
ECO02138 0.367350 0.122450 0.265310
ECO09575 0.285710 0.448980 0.000000
ECO02840 0.122450 0.326530 0.061230
ECO02406 0.000000 0.551020 0.000000
ECO01938 0.102040 0.285720 0.040820
ECO05417 0.000000 0.326530 0.000000
ECO02843 0.000000 0.571430 -0.081630
ECO12510 0.142860 0.408160 0.000000
ECO08168 0.530610 0.183680 0.326530
ECO00980 0.183670 0.489800 0.000000
ECO03545 0.448980 0.122450 0.346940
ECO07189 0.122450 0.510200 0.000000
ECO02745 0.489800 0.163260 0.346940
ECO02459 0.448980 0.122450 0.000000
ECO11897 0.408160 0.102040 0.265300
ECO12467 0.000000 0.469390 0.000000
ECO02391 0.183670 0.408170 0.081630
ECO05769 0.122450 0.428570 0.000000
ECO03361 0.000000 0.510200 -0.040820
ECO06012 0.408160 0.122450 0.000000
ECO00655 0.122450 0.244900 0.061230
ECO05910 0.489800 0.183670 0.000000
ECO12535 0.122450 0.489790 0.040820
ECO03102 1.000000 -0.020410 0.000000
ECO09050 0.265310 0.122450 0.183680
ECO12292 0.122450 0.469390 0.000000
ECO06846 0.346940 0.122450 0.265310
ECO02409 0.000000 0.510200 0.000000
ECO09495 0.367350 0.122450 0.224490
ECO03179 0.591840 0.265300 0.000000
ECO04981 0.408160 0.367350 0.163260
ECO08401 0.551020 0.204080 0.000000
ECO04964 0.387760 0.102040 0.204090
ECO12668 0.489800 0.224490 0.000000
ECO00420 0.204080 0.448980 0.081630
ECO05818 1.000000 -0.040820 0.000000
ECO02167 0.102040 0.408160 0.040820
ECO12475 0.224490 0.448980 0.000000
ECO12300 0.204080 0.387760 0.081630
ECO05468 0.367350 0.122450 0.000000
ECO11714 0.306120 0.428570 0.102040
ECO02135 0.102040 0.387760 0.000000
ECO03353 0.367350 0.081630 0.183680
ECO02485 0.408160 0.122450 0.000000
ECO12632 0.000000 0.571430 -0.081630
ECO12582 0.163270 0.448970 0.000000
ECO04621 0.489800 0.163260 0.346940
ECO02467 0.122450 0.346940 0.000000
ECO12651 0.000000 0.530610 -0.061220
ECO05762 0.122450 0.448980 0.000000
ECO06695 0.510200 0.163270 0.306120
ECO09394 1.000000 -0.040820 0.000000
ECO04021 0.408160 0.122450 0.224490
ECO11563 0.000000 0.551020 0.000000
ECO09725 0.102040 0.387760 0.040820
ECO05481 0.081630 0.428570 0.000000
ECO06762 0.142860 0.428570 0.061230
ECO09929 0.000000 0.510200 0.000000
ECO04713 0.408160 0.122450 0.306120
ECO04990 0.387760 0.122440 0.000000
ECO04784 0.000000 0.612240 -0.102040
ECO08813 0.204080 0.448980 0.000000
ECO06706 0.408160 0.102040 0.285710
ECO12063 0.387760 0.122440 0.000000
ECO06392 0.000000 0.489800 -0.061220
ECO01861 0.142860 0.530610 0.000000
ECO09064 0.122450 0.469390 0.040820
ECO03347 0.571430 0.204080 0.000000
ECO12513 0.000000 0.551020 -0.061220
ECO08863 0.755100 0.142860 0.000000
ECO10586 0.387760 0.122440 0.204090
ECO09250 0.836730 0.081640 0.000000
ECO05420 0.000000 0.530610 -0.061220
ECO11812 0.408160 0.122450 0.000000
ECO10500 0.265310 0.142850 0.183680
ECO02662 0.530610 0.142860 0.000000
ECO03969 1.000000 -0.040820 0.346940
ECO04484 0.387760 0.122440 0.000000
ECO11762 0.000000 0.510200 -0.061220
ECO08963 0.244900 0.469390 0.000000
ECO11776 0.571430 0.142860 0.387760
ECO10400 0.142860 0.448980 0.000000
ECO10550 0.367350 0.102040 0.244900
ECO02398 0.102040 0.448980 0.000000
ECO02698 0.000000 0.571430 -0.081630
ECO04133 0.367350 0.122450 0.000000
ECO07977 0.081630 0.142860 0.061220
ECO08264 0.183670 0.428570 0.000000
ECO00526 0.000000 0.387760 -0.040820
ECO05755 0.000000 0.571430 0.000000
ECO12612 0.102040 0.469390 0.040820
ECO05506 0.408160 0.102040 0.000000
ECO05470 0.367350 0.081630 0.204080
ECO02514 0.000000 0.469390 0.000000
ECO10015 0.367350 0.102040 0.265310
ECO02328 0.204080 0.428570 0.000000
ECO12561 0.000000 0.510200 -0.061220
ECO11491 0.367350 0.081630 0.000000
ECO00776 0.183670 0.367350 0.081630
ECO10435 0.000000 0.469390 0.000000
ECO05605 0.204080 0.428570 0.102040
ECO03098 0.510200 0.326530 0.000000
ECO02361 0.081630 0.244900 0.040810
ECO02348 0.000000 0.489800 0.000000
ECO09976 0.510200 0.102040 0.387750
ECO07802 0.673470 0.142860 0.000000
ECO05879 0.510200 0.122450 0.346930
ECO11753 0.000000 0.489800 0.000000
ECO04349 0.387760 0.102040 0.244900
ECO11599 0.122450 0.408160 0.000000
ECO08623 0.204080 0.448980 0.081630
ECO11247 0.102040 0.489800 0.000000
ECO11751 0.102040 0.489800 0.020410
ECO08653 0.102040 0.469390 0.000000
ECO05385 0.530610 0.204080 0.285710
ECO00069 0.265310 0.469380 0.000000
ECO05426 0.428570 0.122450 0.326530
ECO08357 0.367350 0.122450 0.000000
ECO03847 1.000000 -0.040820 0.326530
ECO03809 0.285710 0.102050 0.000000
ECO04309 0.551020 0.183670 0.285710
ECO00210 0.244900 0.448980 0.000000
ECO02718 1.000000 -0.040820 0.346940
ECO03518 0.367350 0.081630 0.000000
ECO03118 0.000000 0.571430 -0.081630
ECO11552 0.224490 0.448980 0.000000
ECO05681 0.000000 0.489800 -0.040820
ECO10576 0.387760 0.122440 0.000000
ECO05381 0.183670 0.469390 0.061220
ECO12402 1.000000 -0.020410 0.000000
ECO06964 0.346940 0.081630 0.224490
ECO09963 0.122450 0.265310 0.000000
ECO08493 0.428570 0.224490 0.265300
ECO05785 0.061220 0.346940 0.000000
ECO04930 0.163270 0.448970 0.061230
ECO03258 0.816330 0.102040 0.000000
ECO04560 0.897960 0.040820 0.306120
ECO05819 0.000000 0.551020 0.000000
ECO06062 0.122450 0.387750 0.040820
ECO03987 0.877550 0.061230 0.000000
ECO02887 0.000000 0.489800 -0.061220
ECO11196 0.163270 0.326530 0.000000
ECO06902 0.000000 0.571430 -0.061220
ECO05826 0.367350 0.102040 0.000000
ECO08198 0.510200 0.183680 0.306120
ECO06728 0.142860 0.448980 0.000000
ECO02318 0.000000 0.367350 -0.040820
ECO10606 0.387760 0.122440 0.000000
ECO05832 0.408160 0.122450 0.306120
ECO05926 0.489800 0.142850 0.000000
ECO01439 0.122450 0.367350 0.040820
ECO08064 0.142860 0.428570 0.000000
ECO04556 0.000000 0.469390 -0.061220
ECO11450 0.510200 0.163270 0.000000
ECO03058 0.734690 0.183680 0.224490
ECO10506 0.387760 0.122440 0.000000
ECO11648 0.000000 0.551020 -0.061220
ECO06519 0.040820 0.387750 0.000000
ECO02182 0.000000 0.408160 -0.061220
ECO06085 0.224490 0.408160 0.000000
ECO09776 0.102040 0.408160 0.040820
ECO11902 1.000000 inf 0.000000
ECO04409 0.510200 0.306130 0.204080
ECO06462 0.408160 0.122450 0.000000
ECO06221 0.000000 0.591840 -0.102040
ECO09876 0.408160 0.122450 0.000000
ECO05060 0.204080 0.448980 0.081630
ECO05530 0.000000 0.510200 0.000000
ECO05526 0.000000 0.408160 -0.040820
ECO04460 0.428570 0.122450 0.000000
ECO05579 0.387760 0.102040 0.244900
ECO08491 0.387760 0.408160 0.000000
ECO02375 0.346940 0.081630 0.244900
ECO06651 0.122450 0.469390 0.000000
ECO06281 0.000000 0.510200 -0.040820
ECO08102 0.408160 0.142860 0.000000
ECO07162 0.000000 0.448980 -0.040820
ECO03309 0.877550 0.061230 0.000000
ECO02237 0.142860 0.387750 0.061230
ECO04749 0.000000 0.469390 0.000000
ECO02341 0.673470 0.224490 0.204080
ECO02650 0.183670 0.428570 0.000000
ECO06494 0.000000 0.489800 -0.061220
ECO12615 0.000000 0.510200 0.000000
ECO02352 0.061220 0.387760 0.020400
ECO05015 0.673470 0.204080 0.000000
ECO02653 0.020410 0.530610 -0.040810
ECO07865 0.265310 0.448980 0.000000
ECO06619 0.000000 0.530610 -0.061220
ECO09236 0.020410 0.408160 0.000000
ECO03418 1.000000 -0.040820 0.346940
ECO09672 0.224490 0.428570 0.000000
ECO05290 0.285710 0.428580 0.102040
ECO00639 0.142860 0.428570 0.000000
ECO02984 0.122450 0.510200 0.020410
ECO02684 0.244900 0.448980 0.000000
ECO07855 0.000000 0.367350 -0.040820
ECO06862 0.102040 0.469390 0.000000
ECO12540 0.346940 0.081630 0.204080
ECO06585 0.000000 0.489800 0.000000
ECO01641 0.224490 0.489800 0.081630
ECO03654 0.510200 0.183680 0.000000
ECO05419 0.000000 0.510200 -0.061220
ECO05392 0.408160 0.122450 0.000000
ECO08091 0.530610 0.306120 0.163260
ECO05283 0.000000 0.489800 0.000000
ECO08057 0.000000 0.510200 -0.081630
ECO10366 0.428570 0.102040 0.000000
ECO03882 0.000000 0.591840 -0.081630
ECO01913 0.142860 0.306120 0.000000
ECO03282 0.346940 0.102040 0.204080
ECO09447 0.000000 0.530610 0.000000
ECO03985 0.000000 0.510200 -0.081630
ECO03950 1.000000 -0.020410 0.000000
ECO08715 0.000000 0.551020 -0.061220
ECO03682 0.612240 0.183680 0.000000
ECO06240 0.489800 0.142850 0.244900
ECO02035 0.204080 0.428570 0.000000
ECO07202 0.204080 0.387760 0.081630
ECO11792 0.428570 0.122450 0.000000
ECO11702 0.000000 0.469390 -0.061220
ECO04109 0.714290 0.183670 0.000000
ECO08004 0.102040 0.469390 0.020410
ECO04568 0.020410 0.530610 0.000000
ECO11996 0.102040 0.448980 0.040820
ECO04317 0.367350 0.102040 0.000000
ECO08698 0.122450 0.469390 0.040820
ECO07094 0.489800 0.122440 0.000000
ECO03096 0.489800 0.102040 0.265310
ECO10401 0.000000 0.571430 0.000000
ECO03960 0.000000 0.367350 -0.040820
ECO12353 0.489800 0.204080 0.000000
ECO12653 0.000000 0.510200 -0.061220
ECO12372 0.000000 0.448980 0.000000
ECO10395 0.346940 0.081630 0.244900
ECO08912 0.408160 0.122450 0.000000
ECO00824 0.163270 0.428570 0.061230
ECO04985 0.204080 0.448980 0.000000
ECO11929 0.265310 0.448980 0.102040
ECO10452 0.285710 0.122450 0.000000
ECO06626 0.142860 0.448980 0.040820
ECO05503 0.428570 0.122450 0.000000
ECO08904 0.081630 0.326530 0.040810
ECO05430 0.000000 0.510200 0.000000
ECO07751 0.183670 0.387760 0.061220
ECO08261 0.142860 0.448980 0.000000
ECO09898 0.000000 0.530610 -0.061220
ECO11591 0.428570 0.142860 0.000000
ECO05754 0.448980 0.122450 0.244900
ECO05554 0.326530 0.081630 0.000000
ECO04768 0.387760 0.122440 0.265310
ECO10001 0.122450 0.489790 0.000000
ECO09298 0.142860 0.428570 0.040820
ECO01713 0.000000 0.551020 0.000000
ECO08312 0.102040 0.489800 0.020410
ECO04971 0.469390 0.102040 0.000000
ECO07729 0.102040 0.489800 0.020410
ECO02631 0.000000 0.489800 0.000000
ECO07712 0.000000 0.571430 -0.061220
ECO05189 0.020410 0.510200 0.000000
ECO02882 0.551020 0.306120 0.265310
ECO07175 0.285710 0.448980 0.000000
ECO08909 0.061220 0.306130 0.020400
ECO05492 0.122450 0.306120 0.000000
ECO12206 0.244900 0.428570 0.081630
ECO09027 0.448980 0.367350 0.000000
ECO09134 0.142860 0.326530 0.061230
ECO09427 0.142860 0.469380 0.000000
ECO05892 1.000000 -0.040820 0.367350
ECO02977 0.428570 0.142860 0.000000
ECO07007 0.000000 0.489800 -0.061220
ECO01242 0.142860 0.367340 0.000000
ECO03681 0.428570 0.122450 0.204080
ECO04118 1.000000 -0.020410 0.000000
ECO12011 0.346940 0.408160 0.122450
ECO06743 0.183670 0.448980 0.000000
ECO12212 0.081630 0.285720 0.040810
ECO11626 0.367350 0.102040 0.000000
ECO07091 0.367350 0.102040 0.244900
ECO02162 0.020410 0.571430 0.000000
ECO07878 0.163270 0.428570 0.061230
ECO11375 0.142860 0.428570 0.000000
ECO04019 0.387760 0.346930 0.142860
ECO06272 0.000000 0.551020 0.000000
ECO03399 1.000000 -0.040820 0.346940
ECO04068 0.428570 0.122450 0.000000
ECO06225 0.163270 0.448970 0.061230
ECO03307 0.102040 0.489800 0.000000
ECO07553 0.000000 0.551020 -0.081630
ECO05130 0.000000 0.571430 0.000000
ECO06551 0.081630 0.428570 0.020410
ECO10025 0.000000 0.571430 0.000000
ECO02788 0.102040 0.387760 0.040820
ECO03188 0.000000 0.510200 0.000000
ECO02707 0.408160 0.122450 0.285710
ECO12002 0.224490 0.408160 0.000000
ECO09548 0.448980 0.367350 0.142860
ECO05336 0.204080 0.448980 0.000000
ECO01988 0.142860 0.428570 0.040820
ECO12453 0.387760 0.122440 0.000000
ECO06130 0.102040 0.489800 0.020410
ECO04358 0.448980 0.122450 0.000000
ECO08280 0.408160 0.142860 0.265300
ECO05990 1.000000 -0.040820 0.000000
ECO00473 0.142860 0.469380 0.040820
ECO02714 0.102040 0.489800 0.000000
ECO08212 0.469390 0.285710 0.183680
ECO05522 0.142860 0.469380 0.000000
ECO02481 0.530610 0.163270 0.326530
ECO05386 0.265310 0.122450 0.000000
ECO02578 0.183670 0.448980 0.081630
ECO02395 0.000000 0.510200 0.000000
ECO00141 0.244900 0.448980 0.081630
ECO11474 0.183670 0.408170 0.000000
ECO00073 0.265310 0.367340 0.081640
ECO11893 0.000000 0.571430 0.000000
ECO05553 0.469390 0.122450 0.306120
ECO08147 0.183670 0.448980 0.000000
ECO02246 0.224490 0.408160 0.081630
ECO05689 0.224490 0.122450 0.000000
ECO05757 0.183670 0.367350 0.061220
ECO03132 0.367350 0.122450 0.000000
ECO03213 0.714290 0.183670 0.224490
ECO02664 0.000000 0.448980 0.000000
ECO05054 0.673470 0.142860 0.326530
ECO06489 0.244900 0.122450 0.000000
ECO05671 0.653060 0.224490 0.326530
ECO09882 0.000000 0.408160 0.000000
ECO12545 0.183670 0.408170 0.061220
ECO08331 0.000000 0.551020 0.000000
ECO07310 0.408160 0.102040 0.224490
ECO11507 0.102040 0.489800 0.000000
ECO11493 0.489800 0.102040 0.387760
ECO03280 0.000000 0.530610 0.000000
ECO02815 0.510200 0.122450 0.387750
ECO02929 0.000000 0.571430 0.000000
ECO02429 0.428570 0.122450 0.306120
ECO08596 0.020410 0.551020 0.000000
ECO12194 0.632650 0.224490 0.244890
ECO04752 0.367350 0.102040 0.000000
ECO02680 0.448980 0.122450 0.346940
ECO04501 0.061220 0.489800 0.000000
ECO06273 0.938780 0.000000 0.346940
ECO05673 0.469390 0.102040 0.000000
ECO12145 0.224490 0.428570 0.061220
ECO00257 0.183670 0.489800 0.000000
ECO05538 0.510200 0.244900 0.285710
ECO04186 0.000000 0.489800 0.000000
ECO12578 0.244900 0.489790 0.081630
ECO06089 0.122450 0.489790 0.000000
ECO01343 0.183670 0.387760 0.061220
ECO11104 0.183670 0.408170 0.000000
ECO07210 1.000000 -0.020410 0.285710
ECO08479 0.204080 0.469390 0.000000
ECO05271 0.367350 0.408160 0.122450
ECO08245 0.000000 0.489800 0.000000
ECO04838 0.346940 0.081630 0.244900
ECO04452 0.387760 0.102040 0.000000
ECO07124 0.000000 0.530610 -0.061220
ECO12029 0.346940 0.102040 0.000000
ECO04217 0.612240 0.163270 0.306120
ECO06008 0.346940 0.081630 0.000000
ECO07862 0.122450 0.448980 0.040820
ECO00322 0.081630 0.326530 0.000000
ECO02580 0.918370 0.020410 0.326530
ECO06473 0.142860 0.428570 0.000000
ECO02881 0.000000 0.489800 -0.040820
ECO02128 0.102040 0.306120 0.000000
ECO08011 0.183670 0.428570 0.081630
ECO09331 0.081630 0.428570 0.000000
ECO02996 0.408160 0.102040 0.265300
ECO04601 0.489800 0.142850 0.000000
ECO12580 0.285710 0.428580 0.102040
ECO04652 0.530610 0.142860 0.000000
ECO04587 0.204080 0.448980 0.081630
ECO07910 0.122450 0.489790 0.000000
ECO05038 0.000000 0.551020 -0.061220
ECO07024 1.000000 -0.040820 0.000000
ECO03107 0.367350 0.102040 0.244900
ECO11652 0.000000 0.591840 0.000000
ECO04610 0.387760 0.102040 0.224490
ECO02206 0.000000 0.489800 0.000000
ECO04933 0.448980 0.122450 0.346940
ECO12626 0.346940 0.081630 0.000000
ECO00705 0.122450 0.428570 0.040820
ECO00103 0.163270 0.326530 0.000000
ECO05517 0.367350 0.102040 0.224490
ECO08968 0.448980 0.102040 0.000000
ECO00354 0.183670 0.367350 0.081630
ECO10017 0.000000 0.489800 0.000000
ECO03458 0.000000 0.551020 -0.081630
ECO02337 0.142860 0.448980 0.000000
ECO10476 0.428570 0.102040 0.326530
ECO05930 0.428570 0.122450 0.000000
ECO06532 0.591840 0.244890 0.224490
ECO06275 0.469390 0.102040 0.000000
ECO04803 0.408160 0.142860 0.285710
ECO02949 0.469390 0.122450 0.000000
ECO06526 0.122450 0.469390 0.040820
ECO12646 0.000000 0.489800 0.000000
ECO04654 0.428570 0.163270 0.306120
ECO07794 0.224490 0.489800 0.000000
ECO00860 0.142860 0.408160 0.061230
ECO06957 1.000000 -0.081630 0.000000
ECO07143 1.000000 -0.040820 0.367350
ECO11309 0.000000 0.510200 0.000000
ECO05603 0.000000 0.448980 -0.040820
ECO12497 0.061220 0.408170 0.000000
ECO06714 0.428570 0.102040 0.326530
ECO05365 0.081630 0.448980 0.000000
ECO09920 0.122450 0.448980 0.040820
ECO06335 0.000000 0.428570 0.000000
ECO02993 0.489800 0.163260 0.306130
ECO10013 0.122450 0.489790 0.000000
ECO04563 0.428570 0.122450 0.224490
ECO04772 0.387760 0.102040 0.000000
ECO01064 0.387760 0.102040 0.306130
ECO12097 0.163270 0.448970 0.000000
ECO09143 0.000000 0.367350 -0.040820
ECO12131 0.000000 0.387760 0.000000
ECO08607 0.142860 0.469380 0.040820
ECO08675 1.000000 -0.020410 0.000000
ECO03731 0.408160 0.102040 0.244890
ECO11758 0.265310 0.448980 0.000000
ECO10090 0.265310 0.448980 0.081640
ECO04363 0.448980 0.102040 0.000000
ECO07548 0.224490 0.428570 0.102040
ECO07779 0.040820 0.326530 0.000000
ECO06958 0.510200 0.163270 0.306120
ECO05490 0.428570 0.163270 0.000000
ECO02693 0.142860 0.469380 0.040820
ECO02834 0.000000 0.489800 0.000000
ECO06510 0.020410 0.469390 -0.020410
ECO12492 0.020410 0.489790 0.000000
ECO09020 0.448980 0.367350 0.142860
ECO06042 0.000000 0.469390 0.000000
ECO11663 0.122450 0.367350 0.040820
ECO04565 0.857140 0.081640 0.000000
ECO11990 0.000000 0.448980 -0.040820
ECO07875 0.306120 0.428570 0.000000
ECO05901 0.183670 0.387760 0.061220
ECO09854 0.204080 0.408160 0.000000
ECO10756 0.163270 0.326530 0.081640
ECO10547 0.061220 0.408170 0.000000
ECO06544 0.000000 0.591840 -0.081630
ECO05399 0.408160 0.122450 0.000000
ECO10288 0.285710 0.428580 0.102040
ECO09956 0.571430 0.142860 0.000000
ECO06978 0.081630 0.244900 0.040810
ECO10683 0.102040 0.408160 0.000000
ECO02332 0.489800 0.142850 0.285720
ECO03629 0.000000 0.571430 0.000000
ECO05867 0.061220 0.489800 0.000000
ECO03229 1.000000 -0.020410 0.000000
ECO02298 0.102040 0.489800 0.020410
ECO03404 0.387760 0.102040 0.000000
ECO12633 0.428570 0.122450 0.326530
ECO03263 1.000000 -0.020410 0.000000
ECO06844 0.102040 0.448980 0.040820
ECO10120 0.428570 0.122450 0.000000
ECO08044 0.000000 0.551020 -0.061220
ECO00253 0.122450 0.265310 0.000000
ECO02525 0.163270 0.387750 0.061230
ECO08986 1.000000 -0.020410 0.000000
ECO01723 0.122450 0.367350 0.040820
ECO02157 0.448980 0.081630 0.000000
ECO11665 0.530610 0.142860 0.346940
ECO09086 0.122450 0.346940 0.000000
ECO04674 0.265310 0.142850 0.183680
ECO02223 0.000000 0.591840 0.000000
ECO06444 0.408160 0.244900 0.265300
ECO07907 0.122450 0.489790 0.000000
ECO08920 0.428570 0.142860 0.306120
ECO10881 0.122450 0.408160 0.000000
ECO09486 0.122450 0.408160 0.040820
ECO01321 0.448980 0.367350 0.000000
ECO11387 0.489800 0.224490 0.306130
ECO10613 0.204080 0.448980 0.000000
ECO10413 0.367350 0.102040 0.224490
ECO07707 0.489800 0.163260 0.000000
ECO10320 0.061220 0.408170 0.000000
ECO11455 0.000000 0.530610 0.000000
ECO11489 0.387760 0.122440 0.285720
ECO11865 0.448980 0.387750 0.000000
ECO02402 0.265310 0.448980 0.102040
ECO06376 0.326530 0.428570 0.000000
ECO11797 0.244900 0.448980 0.081630
ECO02691 0.326530 0.367350 0.000000
ECO02125 0.244900 0.448980 0.081630
ECO07839 0.612240 0.204090 0.000000
ECO03997 0.408160 0.142860 0.224490
ECO11690 0.775510 0.142860 0.000000
ECO12567 0.102040 0.346940 0.040820
ECO04572 0.346940 0.102040 0.000000
ECO05967 0.367350 0.102040 0.265310
ECO06069 0.448980 0.326530 0.000000
ECO12260 0.000000 0.448980 -0.061220
ECO09183 0.000000 0.591840 0.000000
ECO10069 0.346940 0.102040 0.224490
ECO08444 0.673470 0.224490 0.000000
ECO06793 0.122450 0.489790 0.020410
ECO11928 0.428570 0.183670 0.000000
ECO12414 0.775510 0.142860 0.306120
ECO08979 0.000000 0.448980 0.000000
ECO02346 0.000000 0.489800 -0.061220
ECO05704 0.000000 0.530610 0.000000
ECO08562 0.000000 0.510200 -0.040820
ECO05504 0.000000 0.551020 0.000000
ECO08916 0.408160 0.122450 0.285710
ECO12379 0.122450 0.469390 0.000000
ECO03367 0.632650 0.142860 0.326530
ECO11942 0.367350 0.122450 0.000000
ECO10537 0.000000 0.591840 -0.081630
ECO03618 0.571430 0.163260 0.000000
ECO05104 0.244900 0.448980 0.081630
ECO10451 0.142860 0.469380 0.000000
ECO09516 0.244900 0.142860 0.163270
ECO06439 0.000000 0.265310 0.000000
ECO05321 0.061220 0.510210 0.000000
ECO06325 0.122450 0.489790 0.000000
ECO00023 0.224490 0.448980 0.081630
ECO05304 0.183670 0.428570 0.000000
ECO10316 0.285710 0.142860 0.204080
ECO05086 0.163270 0.469380 0.000000
ECO10302 0.428570 0.163270 0.326530
ECO03649 0.428570 0.183670 0.000000
ECO04635 0.387760 0.122440 0.244900
ECO00105 0.469390 0.346940 0.000000
ECO01709 0.265310 0.408160 0.081640
ECO03032 1.000000 -0.020410 0.000000
ECO02695 0.346940 0.428570 0.122450
ECO02763 0.265310 0.448980 0.000000
ECO00691 0.163270 0.510200 0.040820
ECO05904 0.265310 0.122450 0.000000
ECO02228 0.122450 0.367350 0.040820
ECO06725 0.163270 0.448970 0.000000
ECO03181 0.000000 0.510200 -0.061220
ECO05035 0.346940 0.081630 0.000000
ECO00942 0.000000 0.510200 -0.040820
ECO06090 0.000000 0.428570 0.000000
ECO07793 0.163270 0.244890 0.081640
ECO05690 0.102040 0.489800 0.000000
ECO02495 0.408160 0.102040 0.306120
ECO12528 0.448980 0.183670 0.000000
ECO06976 0.224490 0.428570 0.081630
ECO12460 0.122450 0.244900 0.000000
ECO11510 0.000000 0.530610 -0.061220
ECO08630 1.000000 -0.020410 0.000000
ECO12111 0.081630 0.326530 0.040810
ECO04904 0.489800 0.163260 0.000000
ECO11728 0.183670 0.448980 0.081630
ECO04197 0.428570 0.142860 0.000000
ECO08141 0.102040 0.367350 0.040820
ECO03095 0.632650 0.244900 0.000000
ECO08686 0.122450 0.408160 0.040820
ECO08107 0.428570 0.122450 0.000000
ECO12558 0.000000 0.448980 -0.061220
ECO02300 0.000000 0.591840 0.000000
ECO05674 0.469390 0.122450 0.346940
ECO05742 0.142860 0.448980 0.000000
ECO03270 0.448980 0.122450 0.265310
ECO12665 0.000000 0.551020 0.000000
ECO03695 0.448980 0.122450 0.346940
ECO00721 0.204080 0.448980 0.000000
ECO05235 0.346940 0.102040 0.265310
ECO12367 0.857140 0.081640 0.000000
ECO10758 0.224490 0.448980 0.081630
ECO10690 0.081630 0.326530 0.000000
ECO06635 0.081630 0.469390 0.020410
ECO07146 0.530610 0.204080 0.000000
ECO07648 0.265310 0.142850 0.183680
ECO11660 0.632650 0.183680 0.000000
ECO06707 0.000000 0.591840 -0.081630
ECO12193 0.000000 0.530610 0.000000
ECO02946 0.367350 0.102040 0.204080
ECO02814 0.204080 0.428570 0.000000
ECO11189 0.122450 0.367350 0.040820
ECO02781 0.000000 0.530610 0.000000
ECO09851 0.224490 0.448980 0.081630
ECO09916 0.000000 0.551020 0.000000
ECO12447 0.000000 0.489800 -0.040820
ECO12010 0.244900 0.183670 0.000000
ECO08580 0.387760 0.122440 0.224490
ECO03099 0.000000 0.489800 0.000000
ECO12596 0.408160 0.142860 0.306120
ECO06581 0.020410 0.510200 0.000000
ECO02488 0.612240 0.142860 0.326530
ECO08430 0.265310 0.408160 0.000000
ECO02177 1.000000 -0.040820 0.346940
ECO05985 0.000000 0.530610 0.000000
ECO08557 0.285710 0.448980 0.081630
ECO12542 0.102040 0.489800 0.000000
ECO11749 0.428570 0.163270 0.306120
ECO08900 0.122450 0.326530 0.000000
ECO06385 0.102040 0.469390 0.020410
ECO09436 0.653060 0.163270 0.000000
ECO10563 0.000000 0.489800 -0.081630
ECO02884 0.510200 0.204090 0.000000
ECO05783 0.000000 0.612240 -0.081630
ECO06928 0.367350 0.122450 0.000000
ECO11612 0.448980 0.142860 0.326530
ECO12440 0.122450 0.448980 0.000000
ECO11783 0.122450 0.469390 0.040820
ECO06664 0.346940 0.102040 0.000000
ECO07964 0.061220 0.469390 0.000000
ECO04947 0.000000 0.612240 0.000000
ECO12476 0.367350 0.142850 0.224490
ECO12340 0.163270 0.285710 0.000000
ECO10406 0.428570 0.142860 0.306120
ECO05519 0.000000 0.551020 0.000000
ECO04892 0.265310 0.102040 0.163270
ECO04549 0.000000 0.530610 0.000000
ECO09470 0.367350 0.102040 0.285720
ECO09370 0.000000 0.551020 0.000000
ECO02918 0.000000 0.489800 -0.040820
ECO09836 0.061220 0.326540 0.000000
ECO10306 0.000000 0.448980 -0.040820
ECO01339 0.244900 0.448980 0.000000
ECO03354 0.469390 0.122450 0.346940
ECO03284 0.428570 0.102040 0.000000
ECO03177 1.000000 -0.040820 0.408160
ECO11202 0.408160 0.102040 0.000000
ECO02484 1.000000 -0.020410 0.285710
ECO02293 0.224490 0.448980 0.000000
ECO08309 0.244900 0.469390 0.061230
ECO08343 0.244900 0.428570 0.000000
ECO08348 0.122450 0.428570 0.040820
ECO06246 0.102040 0.367350 0.000000
ECO00855 0.122450 0.408160 0.040820
ECO03527 0.346940 0.081630 0.000000
ECO09386 0.224490 0.408160 0.081630
ECO04272 0.489800 0.142850 0.000000
ECO01464 0.142860 0.244900 0.061230
ECO04531 0.428570 0.122450 0.000000
ECO02659 0.000000 0.510200 -0.061220
ECO04429 0.142860 0.469380 0.000000
ECO07739 0.367350 0.408160 0.142860
ECO12599 0.000000 0.612240 0.000000
ECO04808 0.102040 0.469390 0.040820
ECO06437 0.387760 0.122440 0.000000
ECO09245 0.000000 0.510200 -0.061220
ECO11922 0.183670 0.469390 0.000000
ECO05642 0.000000 0.489800 -0.040820
ECO09577 0.387760 0.122440 0.000000
ECO09211 0.000000 0.551020 -0.061220
ECO09922 0.142860 0.408160 0.000000
ECO07039 0.408160 0.122450 0.306120
ECO00321 0.326530 0.408160 0.000000
ECO05937 0.367350 0.102040 0.224490
ECO11052 0.102040 0.163270 0.000000
ECO04474 0.489800 0.122440 0.346940
ECO01232 0.489800 0.122440 0.000000
ECO02602 0.000000 0.448980 -0.061220
ECO04942 0.387760 0.102040 0.000000
ECO10379 0.510200 0.122450 0.244890
ECO02198 0.122450 0.448980 0.000000
ECO06737 0.387760 0.102040 0.306130
ECO06505 0.469390 0.163260 0.000000
