rf0002 0.105260 0.394740 0.000000
rf0003 0.000000 0.210530 inf
rf0010 0.052630 0.394740 0.000000
rf0011 0.000000 0.421050 -0.026320
rf0013 0.105260 0.236850 0.000000
rf0015 0.000000 0.210530 inf
rf0016 0.236840 0.421050 0.000000
rf0022 0.210530 0.368420 0.105270
rf0024 0.000000 0.394740 0.000000
rf0029 0.000000 0.342110 -0.026320
rf0030 0.000000 0.315790 0.000000
rf0031 0.000000 0.236840 inf
rf0040 0.000000 0.236840 0.000000
rf0048 0.000000 0.473680 -0.026320
rf0053 0.052630 0.315790 0.000000
rf0060 0.000000 0.526320 -0.026320
rf0062 0.000000 0.394740 0.000000
rf0064 0.078950 0.342100 0.026320
rf0065 0.078950 0.526310 0.000000
rf0072 0.052630 0.289480 0.026310
rf0073 0.000000 0.210530 0.000000
rf0092 0.000000 0.210530 inf
rf0125 0.000000 0.263160 0.000000
rf0127 0.210530 0.342100 0.078950
rf0129 0.000000 0.447370 0.000000
rf0132 0.000000 0.394740 -0.026320
rf0134 0.000000 0.289470 0.000000
rf0138 0.684210 0.210530 0.210530
rf0164 0.000000 0.236840 0.000000
rf0166 0.500000 0.315790 0.131580
rf0169 0.000000 0.526320 0.000000
rf0176 0.000000 0.210530 inf
rf0180 0.000000 0.315790 0.000000
rf0190 0.263160 0.447370 0.105270
rf0201 0.000000 0.263160 0.000000
rf0204 0.000000 0.289470 -0.026320
rf0205 0.000000 0.210530 0.000000
rf0223 0.000000 0.289470 -0.026320
rf0234 0.000000 0.289470 0.000000
rf0237 0.000000 0.236840 inf
rf0241 0.000000 0.236840 0.000000
rf0248 0.552630 0.289480 0.157890
rf0249 0.000000 0.210530 0.000000
rf0250 0.000000 0.236840 inf
rf0251 0.000000 0.342110 0.000000
rf0258 0.000000 0.315790 -0.026320
rf0263 0.000000 0.289470 0.000000
rf0267 0.000000 0.368420 -0.026320
rf0271 0.684210 0.210530 0.000000
rf0283 0.000000 0.236840 inf
rf0284 0.000000 0.368420 0.000000
rf0287 0.184210 0.421050 0.105260
rf0292 0.000000 0.263160 0.000000
rf0295 0.289470 0.421060 0.131580
rf0298 0.000000 0.500000 0.000000
rf0306 0.131580 0.447370 0.052630
rf0309 0.105260 0.447370 0.000000
rf0315 0.526320 0.315790 0.131580
rf0319 0.605260 0.263160 0.000000
rf0324 0.263160 0.342100 0.078950
rf0338 0.210530 0.421050 0.000000
rf0339 0.000000 0.184210 inf
rf0343 0.000000 0.289470 0.000000
rf0348 0.000000 0.210530 inf
rf0351 0.000000 0.342110 0.000000
rf0354 0.000000 0.210530 inf
rf0358 0.000000 0.263160 0.000000
rf0363 0.026320 0.236840 0.000000
rf0364 0.000000 0.263160 0.000000
rf0366 0.000000 0.342110 -0.026320
rf0372 0.000000 0.263160 0.000000
rf0375 0.447370 0.368420 0.157900
rf0377 0.763160 0.157890 0.000000
rf0383 0.000000 0.210530 -0.026320
rf0385 0.000000 0.447370 0.000000
rf0386 0.000000 0.263160 inf
rf0388 0.000000 0.210530 0.000000
rf0396 0.000000 0.289470 -0.026320
rf0397 0.000000 0.289470 0.000000
rf0399 0.000000 0.447370 -0.052630
rf0400 0.000000 0.184210 0.000000
rf0403 0.000000 0.210530 inf
rf0415 0.000000 0.342110 0.000000
rf0419 0.026320 0.315790 0.000000
rf0428 0.000000 0.315790 0.000000
rf0439 0.078950 0.500000 0.026320
rf0444 0.289470 0.421060 0.000000
rf0474 0.052630 0.315790 0.026310
rf0477 0.078950 0.394730 0.000000
rf0488 0.000000 0.289470 -0.026320
rf0496 0.000000 0.552630 0.000000
rf0499 0.078950 0.342100 0.026320
rf0500 0.000000 0.236840 0.000000
rf0503 0.105260 0.342110 0.052630
rf0513 0.000000 0.289470 0.000000
rf0630 0.052630 0.289480 0.026310
rf0795 0.000000 0.263160 0.000000
rs0001 0.000000 0.236840 inf
rs0003 0.000000 0.236840 0.000000
rs0010 0.105260 0.473690 0.052630
rs0012 0.000000 0.263160 0.000000
rs0013 0.000000 0.368420 -0.026320
rs0022 0.000000 0.289470 0.000000
rs0029 0.263160 0.421050 0.105270
rs0030 0.000000 0.263160 0.000000
rs0046 0.000000 0.236840 -0.026320
rs0051 0.000000 0.342110 0.000000
rs0052 0.000000 0.315790 -0.026320
rs0053 0.552630 0.289480 0.000000
rs0054 0.078950 0.342100 0.052630
rs0062 0.026320 0.342100 0.000000
rs0087 0.000000 0.184210 inf
rs0088 0.000000 0.342110 0.000000
rs0089 0.000000 0.289470 -0.026320
rs0090 0.078950 0.368420 0.000000
rs0092 0.000000 0.368420 -0.026320
rs0093 0.000000 0.236840 0.000000
rs0094 0.000000 0.315790 -0.026320
rs0095 0.131580 0.552630 0.000000
rs0096 0.000000 0.236840 inf
rs0097 0.026320 0.289470 0.000000
rs0098 0.000000 0.368420 -0.026320
rs0104 0.000000 0.236840 0.000000
rs0107 0.000000 0.368420 -0.026320
rs0109 0.342110 0.315780 0.000000
rs0113 0.000000 0.210530 inf
rs0122 0.000000 0.342110 0.000000
rs0124 0.210530 0.526310 0.078950
rs0127 0.000000 0.263160 0.000000
rs0133 0.000000 0.263160 -0.026320
rs0134 0.000000 0.289470 0.000000
rs0136 0.000000 0.394740 -0.026320
rs0138 0.000000 0.500000 0.000000
rs0140 0.078950 0.368420 0.052630
rs0141 0.000000 0.552630 0.000000
rs0143 0.000000 0.236840 inf
rs0145 0.000000 0.210530 0.000000
rs0146 0.000000 0.236840 inf
rs0147 0.000000 0.394740 0.000000
rs0150 0.157890 0.552640 0.052630
rs0156 0.000000 0.236840 0.000000
rs0159 0.000000 0.263160 -0.026320
rs0163 0.000000 0.263160 0.000000
rs0167 0.000000 0.342110 -0.026320
rs0168 0.000000 0.368420 0.000000
rs0172 0.000000 0.526320 -0.052630
rs0175 0.000000 0.289470 0.000000
rs0181 0.000000 0.315790 -0.026320
rs0183 0.000000 0.263160 0.000000
rs0196 0.473680 0.342110 0.184210
rs0201 0.000000 0.210530 0.000000
rs0203 0.000000 0.236840 inf
rs0206 0.000000 0.236840 0.000000
rs0218 0.000000 0.526320 -0.026320
rs0221 0.000000 0.289470 0.000000
rs0225 0.000000 0.263160 inf
rs0226 0.000000 0.289470 0.000000
rs0231 0.000000 0.368420 -0.026320
rs0237 0.000000 0.263160 0.000000
rs0240 0.000000 0.184210 inf
rs0242 0.000000 0.394740 0.000000
rs0243 0.000000 0.210530 inf
rs0244 0.473680 0.342110 0.000000
rs0247 0.052630 0.342110 0.026310
rs0256 0.000000 0.236840 0.000000
rs0259 0.000000 0.289470 -0.026320
rs0261 0.000000 0.289470 0.000000
rs0262 0.000000 0.368420 -0.026320
rs0264 0.078950 0.394730 0.000000
rs0266 0.000000 0.342110 -0.026320
rs0267 0.000000 0.263160 0.000000
rs0268 0.000000 0.263160 -0.026320
rs0273 0.000000 0.473680 0.000000
rs0275 0.000000 0.368420 -0.026320
rs0276 0.000000 0.368420 0.000000
rs0282 0.000000 0.289470 -0.026320
rs0306 0.000000 0.263160 0.000000
rs0315 0.000000 0.368420 -0.026320
rs0316 0.000000 0.289470 0.000000
rs0318 0.026320 0.368420 0.000000
rs0320 0.000000 0.263160 0.000000
rs0323 0.000000 0.447370 -0.052630
rs0334 0.000000 0.315790 0.000000
rs0337 0.000000 0.289470 -0.026320
rs0339 0.000000 0.210530 0.000000
rs0341 0.000000 0.447370 -0.026320
rs0344 0.000000 0.315790 0.000000
rs0345 0.131580 0.526310 0.052630
rs0349 0.052630 0.447370 0.000000
rs0350 0.000000 0.184210 inf
rs0351 0.447370 0.368420 0.000000
rs0354 0.000000 0.289470 inf
rs0358 0.000000 0.315790 0.000000
rs0373 0.000000 0.210530 inf
rs0386 0.000000 0.236840 0.000000
rs0391 0.000000 0.342110 -0.026320
rs0392 0.000000 0.157890 0.000000
rs0393 0.078950 0.421050 0.026320
rs0406 0.105260 0.394740 0.000000
rs0416 0.078950 0.500000 0.026320
rs0419 0.000000 0.210530 0.000000
rs0421 0.131580 0.500000 0.052630
rs0424 0.000000 0.289470 0.000000
rs0425 0.000000 0.342110 -0.026320
rs0429 0.078950 0.394730 0.000000
rs0430 0.131580 0.526310 0.052630
rs0432 0.026320 0.105260 0.000000
rs0437 0.000000 0.184210 inf
rs0440 0.210530 0.342100 0.000000
rs0444 0.000000 0.394740 -0.026320
rs0452 0.000000 0.210530 0.000000
rs0460 0.000000 0.421050 -0.026320
rs0463 0.000000 0.131580 0.000000
rs0468 0.000000 0.263160 inf
rs0472 0.131580 0.473680 0.000000
rs0473 0.000000 0.421050 -0.026320
rs0477 0.000000 0.157890 0.000000
rs0485 0.078950 0.315790 0.052630
rs0493 0.000000 0.263160 0.000000
rs0495 0.000000 0.578950 -0.052630
rs0503 0.000000 0.368420 0.000000
rs0505 0.000000 0.184210 inf
rs0508 0.000000 0.578950 0.000000
rs0516 0.000000 0.236840 inf
rs0517 0.000000 0.210530 0.000000
rs0519 0.000000 0.236840 inf
rs0520 0.000000 0.447370 0.000000
rs0528 0.000000 0.210530 inf
rs0532 0.000000 0.263160 0.000000
rs0536 0.000000 0.289470 -0.026320
rs0538 0.000000 0.342110 0.000000
rs0541 0.000000 0.184210 inf
rs0549 0.000000 0.368420 0.000000
rs0554 0.000000 0.210530 inf
rs0555 0.000000 0.342110 0.000000
rs0556 0.000000 0.315790 inf
rs0560 0.000000 0.315790 0.000000
rs0571 0.105260 0.473690 0.052630
rs0573 0.000000 0.500000 0.000000
rs0574 0.000000 0.184210 inf
rs0582 0.000000 0.473680 0.000000
rs0586 0.052630 0.315790 0.026310
rs0591 0.000000 0.236840 0.000000
rs0612 0.105260 0.394740 0.052630
rs0650 0.000000 0.236840 0.000000
rs0656 0.000000 0.368420 -0.026320
rs0660 0.000000 0.210530 0.000000
rs0672 0.000000 0.368420 -0.026320
rs0679 0.000000 0.263160 0.000000
rs0724 0.000000 0.263160 -0.026320
rs0731 0.000000 0.263160 0.000000
rs0741 0.000000 0.236840 -0.026320
rs0745 0.000000 0.342110 0.000000
rs0751 0.000000 0.210530 inf
rs0763 0.000000 0.368420 0.000000
rs0768 0.000000 0.368420 -0.026320
rs0775 0.210530 0.500000 0.000000
rs0779 0.000000 0.236840 -0.026320
rs0781 0.000000 0.263160 0.000000
rs0788 0.000000 0.315790 -0.026320
rs0797 0.000000 0.236840 0.000000
rs0798 0.000000 0.315790 -0.026320
rs0804 0.000000 0.236840 0.000000
rs0805 0.078950 0.421050 0.026320
rs0806 0.000000 0.342110 0.000000
rs0808 0.684210 0.210530 0.184210
rs0809 0.000000 0.210530 0.000000
rs0812 0.000000 0.184210 inf
rs0815 0.078950 0.447370 0.000000
rs0823 0.000000 0.210530 inf
rs0833 0.000000 0.184210 0.000000
rs0839 0.000000 0.236840 inf
rs0842 0.078950 0.421050 0.000000
rs0847 0.000000 0.236840 inf
rs0868 0.000000 0.342110 0.000000
rs0869 0.000000 0.236840 inf
rs0871 0.000000 0.184210 0.000000
rs0896 0.184210 0.289470 0.105260
rs0906 0.000000 0.342110 0.000000
rs0909 0.157890 0.447370 0.078940
rs0916 0.000000 0.368420 0.000000
rs0932 0.000000 0.631580 -0.052630
rs0933 0.105260 0.447370 0.000000
rs0944 0.000000 0.394740 -0.026320
rs0950 0.000000 0.236840 0.000000
rs0957 0.000000 0.394740 -0.026320
rs0958 0.000000 0.289470 0.000000
rs0959 0.131580 0.500000 0.052630
rs0960 0.157890 0.552640 0.000000
rs0967 0.000000 0.315790 -0.026320
rs0970 0.000000 0.315790 0.000000
rs0974 0.000000 0.263160 -0.026320
rs0978 0.000000 0.342110 0.000000
rs0981 0.000000 0.394740 -0.026320
rs0983 0.000000 0.289470 0.000000
rs0984 0.000000 0.289470 -0.026320
rs0985 0.000000 0.315790 0.000000
rs0991 0.000000 0.263160 -0.026320
rs0995 0.000000 0.289470 0.000000
rs0997 0.000000 0.368420 -0.026320
rs1004 0.000000 0.394740 0.000000
rs1014 0.026320 0.368420 0.000000
rs1016 0.000000 0.210530 0.000000
rs1021 0.078950 0.447370 0.026320
rs1023 0.000000 0.263160 0.000000
rs1025 0.000000 0.394740 -0.026320
rs1029 0.000000 0.447370 0.000000
rs1030 0.131580 0.552630 0.052630
rs1035 0.000000 0.263160 0.000000
rs1036 0.000000 0.394740 -0.026320
rs1038 0.236840 0.447370 0.000000
rs1046 0.500000 0.315790 0.184210
rs1047 0.131580 0.500000 0.000000
rs1050 0.131580 0.421050 0.052630
rs1052 0.000000 0.342110 0.000000
rs1055 0.000000 0.500000 -0.026320
rs1060 0.052630 0.289480 0.000000
rs1062 0.000000 0.210530 inf
rs1072 0.000000 0.473680 0.000000
rs1074 0.000000 0.342110 -0.026320
rs1075 0.000000 0.236840 0.000000
rs1081 0.000000 0.421050 -0.026320
rs1082 0.000000 0.263160 0.000000
rs1084 0.000000 0.368420 -0.026320
rs1091 0.000000 0.184210 0.000000
rs1098 0.000000 0.368420 -0.026320
rs1100 0.000000 0.236840 0.000000
rs1102 0.000000 0.184210 inf
rs1103 0.000000 0.184210 0.000000
rs1105 0.210530 0.447360 0.078950
rs1106 0.552630 0.289480 0.000000
rs1109 0.000000 0.236840 inf
rs1110 0.000000 0.368420 0.000000
rs1111 0.210530 0.263150 0.105270
rs1112 0.000000 0.315790 0.000000
rs1116 0.394740 0.368420 0.131580
rs1117 0.000000 0.447370 0.000000
rs1118 0.000000 0.315790 -0.026320
rs1121 0.000000 0.210530 0.000000
rs1126 0.000000 0.421050 -0.026320
rs1129 0.368420 0.368420 0.000000
rs1131 0.000000 0.210530 inf
rs1137 0.000000 0.289470 0.000000
rs1143 0.157890 0.473690 0.078940
rs1150 0.289470 0.421060 0.000000
rs1152 0.000000 0.315790 -0.026320
rs1154 0.000000 0.289470 0.000000
rs1159 0.000000 0.447370 -0.026320
rs1163 0.000000 0.210530 0.000000
rs1168 0.000000 0.263160 -0.026320
rs1169 0.000000 0.315790 0.000000
rs1178 0.000000 0.289470 -0.026320
rs1179 0.000000 0.236840 0.000000
rs1182 0.000000 0.394740 -0.026320
rs1185 0.000000 0.236840 0.000000
rs1188 0.026320 0.394730 0.000000
rs1191 0.000000 0.289470 0.000000
rs1195 0.289470 0.447370 0.105260
rs1197 0.000000 0.342110 0.000000
rs1198 0.000000 0.210530 inf
rs1200 0.078950 0.421050 0.000000
rs1209 0.000000 0.210530 inf
rs1212 0.000000 0.447370 0.000000
rs1214 0.368420 0.289470 0.105260
rs1220 0.000000 0.236840 0.000000
rs1248 0.000000 0.289470 -0.026320
rs1258 0.000000 0.315790 0.000000
rs1259 0.000000 0.210530 inf
rs1264 0.026320 0.315790 0.000000
rs1266 0.000000 0.157890 inf
rs1267 0.000000 0.184210 0.000000
rs1270 0.000000 0.210530 inf
rs1276 0.000000 0.342110 0.000000
rs1284 0.026320 0.289470 0.000000
rs1290 0.026320 0.263150 0.000000
rs1291 0.000000 0.315790 -0.026320
rs1293 0.000000 0.315790 0.000000
rs1296 0.078950 0.394730 0.026320
rs1297 0.000000 0.315790 0.000000
rs1337 0.000000 0.315790 -0.026320
rs1359 0.000000 0.289470 0.000000
rs1437 0.000000 0.210530 inf
ECO05144 0.000000 0.421050 0.000000
ECO11517 0.078950 0.342100 0.026320
ECO09709 0.000000 0.315790 0.000000
ECO03774 0.526320 0.289470 0.131580
ECO11195 0.000000 0.473680 0.000000
ECO11986 0.000000 0.289470 -0.026320
ECO10428 0.000000 0.184210 0.000000
ECO05163 0.000000 0.315790 -0.026320
ECO05563 0.078950 0.421050 0.000000
ECO04997 0.000000 0.447370 -0.026320
ECO07859 0.000000 0.289470 0.000000
ECO10692 0.131580 0.500000 0.052630
ECO10007 0.000000 0.236840 0.000000
ECO09960 0.000000 0.315790 -0.026320
ECO10258 0.052630 0.263160 0.000000
ECO07785 0.000000 0.368420 -0.026320
ECO04192 0.000000 0.184210 0.000000
ECO05764 0.000000 0.342110 -0.026320
ECO07019 0.000000 0.210530 0.000000
ECO06341 0.000000 0.289470 -0.026320
ECO09664 0.000000 0.500000 0.000000
ECO06592 0.000000 0.236840 inf
ECO09450 0.000000 0.342110 0.000000
ECO03934 0.000000 0.394740 -0.026320
ECO09368 0.000000 0.315790 0.000000
ECO08866 0.000000 0.394740 -0.026320
ECO09168 0.078950 0.394730 0.000000
ECO11141 0.000000 0.368420 -0.026320
ECO06996 0.000000 0.263160 0.000000
ECO05115 0.000000 0.263160 inf
ECO04817 0.000000 0.473680 0.000000
ECO09561 0.000000 0.184210 inf
ECO12308 0.000000 0.342110 0.000000
ECO06894 0.000000 0.421050 -0.026320
ECO09738 0.000000 0.210530 0.000000
ECO10431 0.000000 0.315790 -0.026320
ECO02845 0.000000 0.184210 0.000000
ECO09068 0.000000 0.289470 inf
ECO06094 0.000000 0.210530 0.000000
ECO11300 0.052630 0.315790 0.026310
ECO09275 0.000000 0.210530 0.000000
ECO09858 0.000000 0.289470 -0.026320
ECO01034 0.000000 0.263160 0.000000
ECO04927 0.000000 0.263160 inf
ECO10862 0.000000 0.447370 0.000000
ECO06033 0.000000 0.394740 -0.026320
ECO07199 0.394740 0.342100 0.000000
ECO08990 0.000000 0.473680 -0.026320
ECO08305 0.000000 0.289470 0.000000
ECO09940 0.000000 0.342110 -0.026320
ECO10010 0.000000 0.210530 0.000000
ECO03222 0.000000 0.236840 -0.026320
ECO10361 0.631580 0.263160 0.000000
ECO08589 0.052630 0.263160 0.026310
ECO07887 0.052630 0.394740 0.000000
ECO10761 0.026320 0.394730 0.000000
ECO05715 0.000000 0.315790 0.000000
ECO01402 0.000000 0.421050 -0.026320
ECO09890 0.000000 0.210530 0.000000
ECO09558 0.000000 0.184210 inf
ECO11468 0.000000 0.315790 0.000000
ECO10009 0.000000 0.500000 -0.052630
ECO01470 0.026320 0.368420 0.000000
ECO11617 0.000000 0.394740 -0.026320
ECO05865 0.000000 0.263160 0.000000
ECO03691 0.105260 0.289480 0.052630
ECO05597 0.000000 0.263160 0.000000
ECO11818 0.105260 0.342110 0.052630
ECO01019 0.052630 0.421050 0.000000
ECO05916 0.000000 0.184210 inf
ECO10609 0.000000 0.342110 0.000000
ECO06014 0.000000 0.394740 -0.026320
ECO08690 0.210530 0.394730 0.000000
ECO06865 0.000000 0.394740 -0.026320
ECO03274 0.000000 0.315790 0.000000
ECO11315 0.000000 0.263160 -0.026320
ECO05648 0.000000 0.236840 0.000000
ECO09792 0.000000 0.236840 inf
ECO06163 0.000000 0.368420 0.000000
ECO02121 0.000000 0.342110 -0.026320
ECO09907 0.000000 0.447370 0.000000
ECO10228 0.000000 0.315790 -0.026320
ECO11654 0.000000 0.289470 0.000000
ECO10307 0.000000 0.394740 -0.026320
ECO05057 0.000000 0.421050 0.000000
ECO08933 0.000000 0.342110 -0.026320
ECO03983 0.000000 0.368420 0.000000
ECO06292 0.105260 0.447370 0.026310
ECO09149 0.000000 0.210530 0.000000
ECO11827 0.000000 0.342110 -0.026320
ECO06491 0.000000 0.421050 0.000000
ECO04334 0.000000 0.210530 inf
ECO09299 0.000000 0.473680 0.000000
ECO06305 0.000000 0.342110 -0.026320
ECO12012 0.000000 0.210530 0.000000
ECO04519 0.000000 0.236840 inf
ECO06791 0.000000 0.447370 0.000000
ECO04734 0.078950 0.368420 0.026320
ECO12363 0.236840 0.526320 0.000000
ECO00339 0.000000 0.289470 -0.026320
ECO06642 0.000000 0.289470 0.000000
ECO05319 0.000000 0.289470 -0.026320
ECO04284 0.000000 0.236840 0.000000
ECO09800 0.000000 0.210530 inf
ECO05670 0.078950 0.447370 0.000000
ECO08378 0.000000 0.315790 -0.026320
ECO04820 0.000000 0.289470 0.000000
ECO06556 0.000000 0.184210 inf
ECO11677 0.157890 0.500000 0.000000
ECO11712 0.000000 0.368420 -0.026320
ECO04969 0.368420 0.368420 0.000000
ECO04033 0.000000 0.210530 inf
ECO05806 0.026320 0.394730 0.000000
ECO05991 0.000000 0.552630 -0.052630
ECO05455 0.000000 0.421050 0.000000
ECO08428 0.000000 0.473680 -0.052630
ECO11326 0.000000 0.210530 0.000000
ECO06516 0.000000 0.184210 inf
ECO11031 0.000000 0.289470 0.000000
ECO04325 0.000000 0.394740 -0.026320
ECO04342 0.000000 0.210530 0.000000
ECO02321 0.000000 0.263160 inf
ECO10392 0.000000 0.315790 0.000000
ECO01244 0.000000 0.263160 inf
ECO07809 0.000000 0.315790 0.000000
ECO12169 0.000000 0.368420 -0.026320
ECO10041 0.000000 0.342110 0.000000
ECO08088 0.000000 0.157890 inf
ECO12203 0.052630 0.342110 0.000000
ECO01136 0.000000 0.394740 -0.026320
ECO02323 0.473680 0.315790 0.000000
ECO10394 0.000000 0.236840 -0.026320
ECO04778 0.000000 0.394740 0.000000
ECO06216 0.000000 0.236840 inf
ECO04344 0.000000 0.394740 0.000000
ECO08854 0.000000 0.236840 inf
ECO07803 0.000000 0.526320 0.000000
ECO10326 0.000000 0.289470 -0.026320
ECO09641 0.000000 0.368420 0.000000
ECO04995 0.000000 0.210530 inf
ECO05680 0.000000 0.447370 0.000000
ECO09824 0.000000 0.447370 -0.052630
ECO08135 0.000000 0.289470 0.000000
ECO03706 0.473680 0.342110 0.131570
ECO05578 0.000000 0.473680 0.000000
ECO06700 0.000000 0.236840 inf
ECO03790 0.289470 0.421060 0.000000
ECO09121 0.000000 0.473680 -0.026320
ECO06247 0.000000 0.236840 0.000000
ECO03926 0.000000 0.236840 inf
ECO06849 0.000000 0.315790 0.000000
ECO10629 0.000000 0.236840 inf
ECO03526 0.000000 0.236840 0.000000
ECO03656 0.000000 0.263160 -0.026320
ECO07685 0.000000 0.500000 0.000000
ECO11968 0.000000 0.236840 inf
ECO06449 0.210530 0.368420 0.000000
ECO12370 0.078950 0.342100 0.026320
ECO00833 0.105260 0.578950 0.000000
ECO03139 0.000000 0.263160 -0.026320
ECO05698 0.000000 0.210530 0.000000
ECO00869 0.052630 0.236840 0.026310
ECO10093 0.000000 0.342110 0.000000
ECO10091 0.000000 0.210530 inf
ECO10527 0.000000 0.210530 0.000000
ECO10493 0.000000 0.236840 -0.026320
ECO09706 0.000000 0.342110 0.000000
ECO03539 0.000000 0.157890 inf
ECO12355 0.000000 0.421050 0.000000
ECO10378 0.000000 0.315790 -0.026320
ECO09591 0.000000 0.394740 0.000000
ECO03390 0.000000 0.342110 -0.026320
ECO07670 0.000000 0.342110 0.000000
ECO04762 0.447370 0.368420 0.210530
ECO04477 0.552630 0.315790 0.000000
ECO09406 0.000000 0.263160 inf
ECO00448 0.000000 0.210530 0.000000
ECO06634 0.000000 0.394740 -0.026320
ECO05798 0.000000 0.368420 0.000000
ECO03241 0.000000 0.394740 -0.026320
ECO07183 0.000000 0.342110 0.000000
ECO10127 0.078950 0.394730 0.026320
ECO06883 0.000000 0.394740 0.000000
ECO10642 0.000000 0.236840 -0.026320
ECO05411 0.000000 0.184210 0.000000
ECO05228 0.000000 0.289470 -0.026320
ECO07955 0.000000 0.394740 0.000000
ECO02990 0.000000 0.289470 -0.026320
ECO03141 0.000000 0.447370 0.000000
ECO08989 0.078950 0.473680 0.026320
ECO06415 0.000000 0.500000 0.000000
ECO08789 0.105260 0.421060 0.052630
ECO08938 0.000000 0.289470 0.000000
ECO05545 0.000000 0.368420 -0.026320
ECO03422 0.236840 0.421050 0.000000
ECO02924 0.000000 0.184210 inf
ECO05096 0.078950 0.394730 0.000000
ECO04494 0.000000 0.289470 inf
ECO12338 0.000000 0.210530 0.000000
ECO12387 0.078950 0.394730 0.026320
ECO06096 0.000000 0.289470 0.000000
ECO12287 0.052630 0.315790 0.026310
ECO09389 0.000000 0.473680 0.000000
ECO06617 0.000000 0.236840 inf
ECO09810 0.000000 0.473680 0.000000
ECO10962 0.289470 0.394740 0.131580
ECO08887 0.000000 0.263160 0.000000
ECO09959 0.000000 0.157890 inf
ECO06015 0.000000 0.289470 0.000000
ECO03224 0.000000 0.447370 -0.052630
ECO04743 0.000000 0.184210 0.000000
ECO10610 0.000000 0.289470 -0.026320
ECO09240 0.000000 0.157890 0.000000
ECO11316 0.236840 0.500000 0.078950
ECO05394 0.000000 0.289470 0.000000
ECO02573 0.000000 0.263160 inf
ECO04425 0.000000 0.263160 0.000000
ECO08386 0.000000 0.157890 inf
ECO08922 0.000000 0.236840 0.000000
ECO09105 0.000000 0.184210 inf
ECO01855 0.000000 0.368420 0.000000
ECO03740 0.000000 0.236840 -0.026320
ECO02506 0.000000 0.368420 0.000000
ECO10360 0.078950 0.473680 0.026320
ECO06501 0.000000 0.394740 0.000000
ECO00200 0.052630 0.394740 0.026310
ECO03998 0.000000 0.184210 0.000000
ECO11597 0.289470 0.394740 0.105260
ECO10021 0.000000 0.210530 0.000000
ECO03898 0.000000 0.315790 -0.026320
ECO08928 0.368420 0.473690 0.000000
ECO04505 0.000000 0.368420 -0.026320
ECO01404 0.105260 0.473690 0.000000
ECO09378 0.000000 0.526320 -0.052630
ECO09242 0.131580 0.394740 0.000000
ECO01247 0.052630 0.368420 0.026310
ECO09585 0.105260 0.368420 0.000000
ECO05984 0.000000 0.342110 -0.026320
ECO10951 0.052630 0.473690 0.000000
ECO05391 0.052630 0.368420 0.026310
ECO05341 0.000000 0.210530 0.000000
ECO09428 0.000000 0.289470 -0.026320
ECO07763 0.000000 0.184210 0.000000
ECO05741 0.000000 0.263160 inf
ECO06570 0.000000 0.315790 0.000000
ECO10557 0.000000 0.263160 inf
ECO09778 0.052630 0.289480 0.000000
ECO06034 0.000000 0.394740 -0.026320
ECO05477 0.000000 0.289470 0.000000
ECO03605 0.000000 0.342110 -0.026320
ECO06756 0.000000 0.236840 0.000000
ECO11998 0.157890 0.421060 0.052630
ECO04611 0.000000 0.342110 0.000000
ECO11064 0.263160 0.500000 0.078950
ECO11685 0.000000 0.289470 0.000000
ECO00867 0.078950 0.394730 0.026320
ECO05847 0.000000 0.315790 0.000000
ECO09306 0.105260 0.473690 0.026310
ECO05547 0.000000 0.289470 0.000000
ECO12185 0.000000 0.289470 -0.026320
ECO04911 0.000000 0.263160 0.000000
ECO02639 0.000000 0.552630 -0.052630
ECO12619 0.000000 0.421050 0.000000
ECO00984 0.026320 0.315790 0.000000
ECO09643 0.000000 0.421050 0.000000
ECO11954 0.000000 0.526320 -0.052630
ECO09524 0.105260 0.447370 0.000000
ECO09175 0.000000 0.289470 -0.026320
ECO12422 0.000000 0.157890 0.000000
ECO04461 0.000000 0.236840 inf
ECO05061 0.000000 0.421050 0.000000
ECO06649 0.000000 0.315790 -0.026320
ECO11768 0.000000 0.263160 0.000000
ECO04712 0.000000 0.289470 -0.026320
ECO04426 0.000000 0.447370 0.000000
ECO08521 0.000000 0.315790 -0.026320
ECO08955 0.000000 0.289470 0.000000
ECO07119 0.000000 0.236840 inf
ECO04175 0.210530 0.342100 0.000000
ECO11885 0.000000 0.289470 -0.026320
ECO03791 0.000000 0.394740 0.000000
ECO04008 0.000000 0.210530 inf
ECO00617 0.052630 0.368420 0.000000
ECO04259 0.000000 0.263160 -0.026320
ECO00366 0.000000 0.552630 0.000000
ECO09475 0.026320 0.263150 0.000000
ECO09088 0.000000 0.526320 0.000000
ECO06097 0.263160 0.447370 0.105270
ECO09054 0.000000 0.263160 0.000000
ECO09760 0.000000 0.263160 -0.026320
ECO06450 0.000000 0.315790 0.000000
ECO08071 0.000000 0.236840 inf
ECO05344 0.000000 0.210530 0.000000
ECO00332 0.078950 0.578940 0.000000
ECO12437 0.000000 0.473680 0.000000
ECO09224 0.000000 0.421050 -0.026320
ECO09305 0.000000 0.368420 0.000000
ECO04408 0.236840 0.394740 0.131580
ECO12403 0.000000 0.289470 0.000000
ECO03174 0.105260 0.447370 0.052630
ECO05948 0.000000 0.421050 0.000000
ECO05114 0.105260 0.394740 0.052630
ECO10458 0.000000 0.263160 0.000000
ECO05412 0.289470 0.394740 0.131580
ECO05982 0.000000 0.236840 0.000000
ECO11786 0.000000 0.394740 -0.026320
ECO09605 0.000000 0.263160 0.000000
ECO05799 0.000000 0.289470 -0.026320
ECO11500 0.000000 0.263160 0.000000
ECO07935 0.000000 0.210530 inf
ECO09226 0.000000 0.368420 0.000000
ECO06754 0.000000 0.394740 -0.026320
ECO06043 0.052630 0.447370 0.000000
ECO09726 0.052630 0.184210 0.026310
ECO09943 0.105260 0.447370 0.000000
ECO05663 0.000000 0.315790 -0.026320
ECO09909 0.000000 0.447370 0.000000
ECO02991 0.368420 0.368420 0.157890
ECO09990 0.000000 0.210530 0.000000
ECO04693 0.000000 0.342110 -0.026320
ECO05812 0.000000 0.315790 0.000000
ECO04727 0.394740 0.368420 0.210530
ECO08356 0.000000 0.447370 0.000000
ECO06382 0.000000 0.157890 inf
ECO04076 0.000000 0.342110 0.000000
ECO05080 0.000000 0.263160 -0.026320
ECO05331 0.000000 0.500000 0.000000
ECO04544 0.000000 0.263160 inf
ECO04457 0.000000 0.263160 0.000000
ECO02024 0.105260 0.447370 0.052630
ECO04296 0.000000 0.368420 0.000000
ECO07840 0.000000 0.236840 inf
ECO09426 0.000000 0.394740 0.000000
ECO11950 0.105260 0.421060 0.052630
ECO08026 0.131580 0.394740 0.000000
ECO06461 0.000000 0.394740 -0.026320
ECO05243 0.000000 0.473680 0.000000
ECO04096 0.000000 0.263160 -0.026320
ECO04383 0.000000 0.210530 0.000000
ECO11475 0.000000 0.315790 -0.026320
ECO09580 0.000000 0.263160 0.000000
ECO04775 0.000000 0.210530 inf
ECO09599 0.052630 0.315790 0.000000
ECO10049 0.000000 0.236840 -0.026320
ECO01225 0.078950 0.552630 0.000000
ECO10135 0.105260 0.447370 0.052630
ECO10486 0.000000 0.342110 0.000000
ECO10585 0.000000 0.315790 -0.026320
ECO02997 0.236840 0.368420 0.000000
ECO02548 0.000000 0.315790 -0.026320
ECO00027 0.052630 0.342110 0.000000
ECO02848 0.000000 0.394740 -0.026320
ECO02948 0.000000 0.289470 0.000000
ECO06742 0.000000 0.157890 inf
ECO07913 0.315790 0.315790 0.000000
ECO04619 0.000000 0.263160 -0.026320
ECO09550 0.000000 0.289470 0.000000
ECO09949 0.000000 0.263160 -0.026320
ECO09649 0.078950 0.368420 0.000000
ECO10300 0.000000 0.236840 inf
ECO12663 0.000000 0.263160 0.000000
ECO10786 0.052630 0.263160 0.026310
ECO05905 0.000000 0.342110 0.000000
ECO03933 0.000000 0.210530 -0.026320
ECO08613 0.078950 0.421050 0.000000
ECO10205 0.000000 0.447370 -0.026320
ECO10673 0.000000 0.236840 0.000000
ECO03210 0.000000 0.263160 inf
ECO03989 0.289470 0.421060 0.000000
ECO10073 0.000000 0.368420 -0.026320
ECO12468 0.000000 0.394740 0.000000
ECO00190 0.131580 0.473680 0.052630
ECO02062 0.052630 0.473690 0.000000
ECO10745 0.631580 0.236840 0.421050
ECO06699 0.000000 0.342110 0.000000
ECO06499 0.000000 0.421050 -0.026320
ECO03257 0.000000 0.289470 0.000000
ECO12218 0.000000 0.342110 -0.026320
ECO00347 0.000000 0.315790 0.000000
ECO08439 0.000000 0.368420 -0.026320
ECO05495 0.000000 0.236840 0.000000
ECO04044 0.000000 0.236840 -0.026320
ECO09358 0.210530 0.368420 0.000000
ECO12188 0.000000 0.315790 -0.026320
ECO03525 0.000000 0.210530 0.000000
ECO10980 0.000000 0.263160 inf
ECO11634 0.000000 0.289470 0.000000
ECO07988 0.000000 0.368420 -0.026320
ECO01253 0.131580 0.421050 0.000000
ECO07069 0.000000 0.184210 inf
ECO02253 0.000000 0.263160 0.000000
ECO12286 0.000000 0.236840 inf
ECO00700 0.000000 0.210530 0.000000
ECO12537 0.289470 0.368420 0.105260
ECO10141 0.000000 0.263160 0.000000
ECO04593 0.000000 0.315790 -0.026320
ECO06448 0.078950 0.315790 0.000000
ECO01202 0.000000 0.368420 -0.026320
ECO11767 0.000000 0.210530 0.000000
ECO09307 0.000000 0.421050 -0.026320
ECO04776 0.500000 0.315790 0.000000
ECO09507 0.000000 0.315790 -0.026320
ECO02521 0.000000 0.210530 0.000000
ECO06703 0.000000 0.342110 inf
ECO00185 0.000000 0.473680 0.000000
ECO12431 0.000000 0.263160 inf
ECO07818 0.000000 0.315790 0.000000
ECO12656 0.000000 0.289470 inf
ECO05814 0.026320 0.315790 0.000000
ECO08239 0.000000 0.236840 -0.026320
ECO05848 0.000000 0.368420 0.000000
ECO04142 0.000000 0.342110 -0.026320
ECO02623 0.000000 0.263160 0.000000
ECO03291 0.000000 0.368420 -0.026320
ECO03976 0.473680 0.342110 0.000000
ECO05193 0.210530 0.552630 0.078950
ECO12039 0.000000 0.315790 0.000000
ECO11924 0.000000 0.473680 -0.052630
ECO10950 0.052630 0.421050 0.000000
ECO04439 0.000000 0.447370 -0.026320
ECO09937 0.105260 0.473690 0.000000
ECO11327 0.000000 0.236840 inf
ECO12064 0.000000 0.263160 0.000000
ECO09519 0.000000 0.263160 inf
ECO04950 0.000000 0.210530 0.000000
ECO03764 0.000000 0.236840 inf
ECO09026 0.000000 0.342110 0.000000
ECO02292 0.000000 0.289470 inf
ECO03103 0.078950 0.342100 0.000000
ECO03478 0.000000 0.289470 -0.026320
ECO04944 0.000000 0.184210 0.000000
ECO07603 0.473680 0.342110 0.157890
ECO08369 0.000000 0.263160 0.000000
ECO03106 0.000000 0.289470 -0.026320
ECO02891 0.000000 0.394740 0.000000
ECO04993 0.000000 0.473680 -0.026320
ECO00951 0.052630 0.394740 0.000000
ECO05558 0.000000 0.184210 inf
ECO09897 0.000000 0.236840 0.000000
ECO06310 0.000000 0.289470 -0.026320
ECO10505 0.368420 0.394740 0.000000
ECO08124 0.000000 0.210530 inf
ECO09503 0.000000 0.315790 0.000000
ECO04216 0.000000 0.236840 inf
ECO03216 0.000000 0.236840 0.000000
ECO04051 0.000000 0.394740 -0.026320
ECO09081 0.105260 0.473690 0.000000
ECO04002 0.000000 0.236840 inf
ECO09746 0.078950 0.526310 0.000000
ECO11119 0.000000 0.210530 inf
ECO00807 0.105260 0.605270 0.000000
ECO09032 0.000000 0.368420 -0.026320
ECO11557 0.000000 0.342110 0.000000
ECO04788 0.000000 0.236840 inf
ECO04437 0.000000 0.184210 0.000000
ECO11995 0.000000 0.289470 -0.026320
ECO07990 0.078950 0.394730 0.000000
ECO12382 0.000000 0.342110 -0.026320
ECO09637 0.000000 0.289470 0.000000
ECO12157 0.131580 0.394740 0.052630
ECO03865 0.000000 0.263160 0.000000
ECO05374 0.868420 0.078950 0.289470
ECO07939 0.000000 0.421050 0.000000
ECO04506 0.000000 0.157890 inf
ECO06446 0.000000 0.342110 0.000000
ECO00336 0.131580 0.500000 0.052630
ECO04080 0.000000 0.289470 0.000000
ECO04382 0.000000 0.157890 inf
ECO04464 0.473680 0.342110 0.000000
ECO11445 0.000000 0.315790 -0.026320
ECO07815 0.000000 0.394740 0.000000
ECO07846 0.000000 0.184210 inf
ECO07960 0.052630 0.473690 0.000000
ECO00758 0.131580 0.500000 0.052630
ECO01779 0.131580 0.526310 0.000000
ECO10730 0.105260 0.421060 0.052630
ECO09016 0.000000 0.184210 0.000000
ECO04751 0.000000 0.394740 -0.026320
ECO05874 0.000000 0.342110 0.000000
ECO11744 0.000000 0.263160 inf
ECO06460 0.000000 0.263160 0.000000
ECO08802 0.000000 0.263160 -0.026320
ECO11471 0.000000 0.289470 0.000000
ECO06493 0.000000 0.421050 -0.026320
ECO03978 0.000000 0.210530 0.000000
ECO03646 0.052630 0.394740 0.026310
ECO06893 0.000000 0.289470 0.000000
ECO07926 0.000000 0.447370 -0.026320
ECO10334 0.000000 0.263160 0.000000
ECO06423 0.000000 0.315790 -0.026320
ECO05737 0.000000 0.368420 0.000000
ECO03694 0.000000 0.263160 -0.026320
ECO03794 0.000000 0.236840 0.000000
ECO10489 0.368420 0.342110 0.131580
ECO06209 0.000000 0.315790 0.000000
ECO05658 0.078950 0.394730 0.026320
ECO07130 0.000000 0.210530 0.000000
ECO11674 0.000000 0.447370 -0.052630
ECO09981 0.210530 0.368420 0.000000
ECO07816 0.000000 0.500000 -0.026320
ECO06075 0.000000 0.368420 0.000000
ECO10530 0.000000 0.210530 inf
ECO05957 0.000000 0.342110 0.000000
ECO05627 0.000000 0.394740 -0.026320
ECO06413 0.000000 0.473680 0.000000
ECO12055 0.000000 0.289470 -0.026320
ECO06027 0.000000 0.289470 0.000000
ECO05791 0.000000 0.368420 -0.026320
ECO09185 0.000000 0.236840 0.000000
ECO11741 0.131580 0.394740 0.052630
ECO08542 0.000000 0.421050 0.000000
ECO03888 0.000000 0.263160 -0.026320
ECO07774 0.105260 0.447370 0.000000
ECO05902 0.131580 0.473680 0.052630
ECO09839 0.000000 0.342110 0.000000
ECO06002 0.000000 0.289470 -0.026320
ECO04573 0.000000 0.263160 0.000000
ECO02962 0.000000 0.157890 inf
ECO07020 0.000000 0.368420 0.000000
ECO10071 0.000000 0.157890 inf
ECO09819 0.000000 0.263160 0.000000
ECO09944 0.000000 0.394740 -0.026320
ECO03931 0.000000 0.236840 0.000000
ECO08776 0.000000 0.342110 -0.026320
ECO06511 0.000000 0.263160 0.000000
ECO12291 0.000000 0.210530 inf
ECO08385 0.000000 0.500000 0.000000
ECO02876 0.157890 0.473690 0.052630
ECO02426 0.000000 0.315790 0.000000
ECO02819 0.000000 0.368420 -0.026320
ECO07106 0.000000 0.447370 0.000000
ECO03330 0.000000 0.210530 inf
ECO06574 0.000000 0.394740 0.000000
ECO05684 0.000000 0.236840 inf
ECO04698 0.000000 0.210530 0.000000
ECO04748 0.000000 0.184210 inf
ECO08442 0.000000 0.236840 0.000000
ECO08149 0.000000 0.394740 -0.026320
ECO08246 0.000000 0.315790 0.000000
ECO03065 0.289470 0.421060 0.131580
ECO07695 0.000000 0.394740 0.000000
ECO08549 0.000000 0.236840 inf
ECO11529 0.105260 0.236850 0.000000
ECO06502 0.000000 0.289470 -0.026320
ECO12223 0.000000 0.263160 0.000000
ECO06727 0.078950 0.447370 0.026320
ECO08632 0.000000 0.236840 0.000000
ECO09295 0.342110 0.368420 0.131580
ECO12274 0.000000 0.210530 0.000000
ECO05637 0.131580 0.500000 0.052630
ECO04884 0.000000 0.289470 0.000000
ECO12584 0.000000 0.342110 -0.026320
ECO12191 0.000000 0.236840 0.000000
ECO02074 0.105260 0.368420 0.052630
ECO03130 0.000000 0.394740 0.000000
ECO06193 0.000000 0.236840 -0.026320
ECO06977 0.000000 0.184210 0.000000
ECO12613 0.000000 0.210530 inf
ECO04869 0.000000 0.210530 0.000000
ECO11777 0.000000 0.315790 -0.026320
ECO07092 0.000000 0.289470 0.000000
ECO04684 0.000000 0.210530 inf
ECO08587 0.000000 0.263160 0.000000
ECO06217 0.000000 0.210530 inf
ECO02598 0.000000 0.500000 0.000000
ECO04169 0.000000 0.236840 -0.026320
ECO02297 0.000000 0.315790 0.000000
ECO12577 0.026320 0.263150 0.000000
ECO11565 0.000000 0.184210 0.000000
ECO11787 0.210530 0.500000 0.078950
ECO05045 0.000000 0.184210 0.000000
ECO05515 0.210530 0.315790 0.105270
ECO04143 0.421050 0.342110 0.000000
ECO06966 0.000000 0.315790 -0.026320
ECO08187 0.105260 0.421060 0.000000
ECO03071 0.000000 0.263160 -0.026320
ECO12589 0.000000 0.289470 0.000000
ECO02373 0.157890 0.473690 0.052630
ECO12487 0.026320 0.157890 0.000000
ECO01852 0.078950 0.473680 0.026320
ECO07117 0.000000 0.263160 0.000000
ECO04443 0.000000 0.342110 -0.026320
ECO04996 0.000000 0.289470 0.000000
ECO04896 0.263160 0.421050 0.131580
ECO02771 0.000000 0.236840 0.000000
ECO03273 0.000000 0.263160 inf
ECO11230 0.000000 0.368420 0.000000
ECO08957 0.000000 0.263160 inf
ECO06983 0.000000 0.236840 0.000000
ECO02120 0.421050 0.342110 0.131580
ECO05647 0.210530 0.368420 0.000000
ECO05428 0.000000 0.342110 -0.026320
ECO07919 0.000000 0.289470 0.000000
ECO03090 0.000000 0.368420 -0.026320
ECO09927 0.000000 0.447370 0.000000
ECO05464 0.000000 0.236840 -0.026320
ECO03592 0.000000 0.184210 0.000000
ECO12121 0.000000 0.184210 inf
ECO07101 0.000000 0.236840 0.000000
ECO05697 0.052630 0.315790 0.026310
ECO06816 0.000000 0.210530 0.000000
ECO12335 0.131580 0.473680 0.052630
ECO10058 0.000000 0.263160 0.000000
ECO08857 0.026320 0.421050 0.000000
ECO09372 0.000000 0.210530 0.000000
ECO00231 0.000000 0.210530 inf
ECO02456 0.000000 0.815790 0.000000
ECO08470 0.000000 0.500000 -0.026320
ECO03105 0.000000 0.263160 0.000000
ECO05013 0.052630 0.421050 0.000000
ECO03439 0.000000 0.210530 0.000000
ECO06483 0.000000 0.342110 -0.026320
ECO12606 0.105260 0.421060 0.000000
ECO02490 0.000000 0.236840 inf
ECO09442 0.000000 0.236840 0.000000
ECO12504 0.000000 0.236840 inf
ECO01954 0.078950 0.526310 0.000000
ECO04877 0.000000 0.315790 -0.026320
ECO11819 0.000000 0.263160 0.000000
ECO11533 0.000000 0.236840 inf
ECO03175 0.526320 0.315790 0.000000
ECO08271 0.000000 0.236840 inf
ECO05897 0.000000 0.263160 0.000000
ECO11449 0.000000 0.368420 -0.026320
ECO03340 0.000000 0.157890 0.000000
ECO07118 0.000000 0.315790 -0.026320
ECO05782 0.000000 0.315790 0.000000
ECO11803 0.000000 0.210530 inf
ECO08590 0.000000 0.289470 0.000000
ECO06901 0.000000 0.289470 -0.026320
ECO09539 0.000000 0.210530 0.000000
ECO09790 0.052630 0.368420 0.026310
ECO09628 0.000000 0.210530 0.000000
ECO04448 0.000000 0.210530 inf
ECO04898 0.000000 0.184210 0.000000
ECO11611 0.000000 0.236840 inf
ECO08878 0.000000 0.473680 0.000000
ECO09092 0.000000 0.263160 -0.026320
ECO03162 0.000000 0.315790 0.000000
ECO11848 0.000000 0.289470 inf
ECO08749 0.000000 0.236840 0.000000
ECO04655 0.000000 0.421050 -0.026320
ECO07842 0.000000 0.368420 0.000000
ECO11662 0.105260 0.368420 0.052630
ECO05128 0.000000 0.236840 0.000000
ECO11504 0.473680 0.289480 0.131570
ECO12637 0.078950 0.394730 0.000000
ECO06982 0.000000 0.236840 inf
ECO07250 0.000000 0.342110 0.000000
ECO08824 0.052630 0.368420 0.026310
ECO08220 0.105260 0.368420 0.000000
ECO05514 0.000000 0.184210 inf
ECO10559 0.000000 0.342110 0.000000
ECO12489 0.000000 0.342110 -0.026320
ECO03124 0.000000 0.236840 0.000000
ECO02152 0.078950 0.368420 0.026320
ECO02317 0.000000 0.605260 0.000000
ECO10605 0.000000 0.263160 inf
ECO06647 0.000000 0.421050 0.000000
ECO03410 0.000000 0.421050 -0.026320
ECO08894 0.105260 0.368420 0.000000
ECO11857 0.000000 0.500000 -0.052630
ECO10566 0.000000 0.210530 0.000000
ECO08626 0.000000 0.315790 -0.026320
ECO05550 0.000000 0.263160 0.000000
ECO02424 0.000000 0.552630 -0.052630
ECO04389 0.000000 0.342110 0.000000
ECO02878 0.000000 0.447370 -0.026320
ECO07933 0.000000 0.236840 0.000000
ECO02224 0.236840 0.500000 0.078950
ECO05775 0.000000 0.315790 0.000000
ECO03117 0.000000 0.394740 -0.026320
ECO06554 0.000000 0.368420 0.000000
ECO05457 0.000000 0.421050 -0.026320
ECO06529 0.000000 0.342110 0.000000
ECO05843 0.000000 0.236840 inf
ECO03696 0.000000 0.184210 0.000000
ECO11771 0.000000 0.315790 -0.026320
ECO03678 0.000000 0.210530 0.000000
ECO12575 0.078950 0.421050 0.026320
ECO02492 0.000000 0.263160 0.000000
ECO12443 0.000000 0.184210 inf
ECO06636 0.000000 0.315790 0.000000
ECO06622 0.000000 0.315790 -0.026320
ECO12201 0.000000 0.184210 0.000000
ECO10626 0.210530 0.394730 0.105270
ECO04678 0.000000 0.315790 0.000000
ECO04512 0.000000 0.210530 inf
ECO06082 0.000000 0.289470 0.000000
ECO09005 0.000000 0.210530 inf
ECO08480 0.210530 0.394730 0.000000
ECO12161 0.000000 0.394740 -0.026320
ECO10684 0.000000 0.289470 0.000000
ECO03959 0.000000 0.315790 -0.026320
ECO00615 0.105260 0.447370 0.000000
ECO03057 0.000000 0.184210 inf
ECO09375 0.000000 0.184210 0.000000
ECO03206 0.000000 0.184210 inf
ECO04227 0.342110 0.368420 0.000000
ECO00255 0.000000 0.210530 inf
ECO04535 0.000000 0.210530 0.000000
ECO09330 0.105260 0.315790 0.052630
ECO03389 0.000000 0.368420 0.000000
ECO12205 0.236840 0.526320 0.078950
ECO09934 0.552630 0.289480 0.000000
ECO03050 0.000000 0.368420 -0.026320
ECO10752 0.000000 0.315790 0.000000
ECO05682 0.000000 0.184210 inf
ECO08605 0.000000 0.263160 0.000000
ECO04410 0.000000 0.210530 inf
ECO04061 0.368420 0.368420 0.000000
ECO02189 0.000000 0.368420 -0.026320
ECO07194 0.078950 0.342100 0.000000
ECO10002 0.000000 0.236840 inf
ECO05180 0.000000 0.289470 0.000000
ECO12354 0.052630 0.394740 0.026310
ECO03406 0.000000 0.263160 0.000000
ECO08971 0.000000 0.210530 inf
ECO09843 0.105260 0.473690 0.000000
ECO10026 0.000000 0.342110 -0.026320
ECO06533 0.000000 0.289470 0.000000
ECO04729 0.000000 0.342110 -0.026320
ECO10545 0.000000 0.368420 0.000000
ECO06550 0.000000 0.236840 inf
ECO05512 0.000000 0.289470 0.000000
ECO12320 0.000000 0.263160 inf
ECO10294 0.131580 0.500000 0.000000
ECO06801 0.078950 0.631580 0.000000
ECO05461 0.000000 0.289470 0.000000
ECO04159 0.000000 0.342110 -0.026320
ECO03606 0.000000 0.263160 0.000000
ECO02806 0.236840 0.421050 0.105260
ECO08354 0.000000 0.289470 0.000000
ECO07184 0.052630 0.421050 0.000000
ECO12103 0.078950 0.394730 0.000000
ECO02371 0.000000 0.157890 inf
ECO12136 0.000000 0.315790 0.000000
ECO02169 0.052630 0.342110 0.026310
ECO05947 0.052630 0.263160 0.000000
ECO05220 0.000000 0.184210 inf
ECO05306 0.000000 0.394740 0.000000
ECO03183 0.000000 0.315790 -0.026320
ECO11705 0.000000 0.210530 0.000000
ECO03226 0.000000 0.210530 inf
ECO08685 0.000000 0.342110 0.000000
ECO04055 0.000000 0.394740 -0.026320
ECO00068 0.157890 0.552640 0.000000
ECO02376 0.000000 0.263160 inf
ECO02669 0.000000 0.236840 0.000000
ECO06620 0.000000 0.315790 -0.026320
ECO02683 0.000000 0.342110 0.000000
ECO02719 0.000000 0.289470 -0.026320
ECO08249 0.000000 0.473680 0.000000
ECO01990 0.052630 0.342110 0.026310
ECO05661 0.000000 0.368420 0.000000
ECO08315 0.052630 0.315790 0.026310
ECO03610 0.000000 0.315790 0.000000
ECO04576 0.078950 0.421050 0.026320
ECO02270 0.000000 0.236840 0.000000
ECO05797 0.105260 0.526320 0.026310
ECO02504 0.000000 0.368420 0.000000
ECO07869 0.447370 0.342100 0.184210
ECO05746 0.000000 0.289470 0.000000
ECO00220 0.105260 0.342110 0.052630
ECO02624 0.105260 0.447370 0.000000
ECO06954 0.000000 0.236840 inf
ECO02585 0.000000 0.289470 0.000000
ECO12505 0.289470 0.421060 0.078940
ECO08505 0.289470 0.421060 0.000000
ECO08790 0.000000 0.236840 -0.026320
ECO02455 0.000000 0.289470 0.000000
ECO02923 0.184210 0.315790 0.105260
ECO03208 0.000000 0.184210 0.000000
ECO05765 0.000000 0.210530 inf
ECO12654 0.000000 0.315790 0.000000
ECO01987 0.000000 0.473680 -0.026320
ECO02387 0.000000 0.210530 0.000000
ECO08299 0.000000 0.315790 -0.026320
ECO02476 0.000000 0.263160 0.000000
ECO04298 0.000000 0.342110 -0.026320
ECO11260 0.000000 0.447370 0.000000
ECO08843 0.000000 0.236840 inf
ECO00989 0.000000 0.236840 0.000000
ECO09277 0.000000 0.473680 -0.026320
ECO09354 0.289470 0.368420 0.000000
ECO05878 0.000000 0.289470 -0.026320
ECO06971 0.000000 0.289470 0.000000
ECO05031 0.000000 0.236840 inf
ECO06712 0.000000 0.342110 0.000000
ECO12392 0.236840 0.473690 0.078950
ECO03738 0.026320 0.342100 0.000000
ECO04040 0.000000 0.500000 -0.052630
ECO03227 0.000000 0.289470 0.000000
ECO07112 0.000000 0.526320 -0.026320
ECO06903 0.000000 0.342110 0.000000
ECO06503 0.000000 0.236840 inf
ECO03236 0.000000 0.184210 0.000000
ECO05040 0.000000 0.184210 inf
ECO12333 0.000000 0.368420 0.000000
ECO10022 0.000000 0.210530 inf
ECO05410 0.657890 0.236850 0.000000
ECO05099 0.184210 0.368420 0.105260
ECO03806 0.000000 0.210530 0.000000
ECO10422 0.105260 0.500000 0.026310
ECO10554 0.000000 0.263160 0.000000
ECO05006 0.000000 0.315790 -0.026320
ECO07805 0.000000 0.342110 0.000000
ECO05440 0.000000 0.315790 -0.026320
ECO05308 0.000000 0.421050 0.000000
ECO09554 0.000000 0.315790 -0.026320
ECO07775 0.000000 0.500000 0.000000
ECO00794 0.000000 0.526320 -0.052630
ECO04806 0.000000 0.289470 0.000000
ECO10324 0.000000 0.210530 inf
ECO08150 0.000000 0.263160 0.000000
ECO11319 0.000000 0.315790 -0.026320
ECO08243 0.000000 0.210530 0.000000
ECO05533 0.000000 0.184210 inf
ECO09184 0.526320 0.315790 0.000000
ECO04888 0.078950 0.421050 0.026320
ECO05488 0.000000 0.236840 0.000000
ECO11643 0.000000 0.263160 -0.026320
ECO06174 0.000000 0.236840 0.000000
ECO07009 0.000000 0.236840 inf
ECO09532 0.000000 0.421050 0.000000
ECO11105 0.000000 0.210530 inf
ECO09581 0.184210 0.421050 0.000000
ECO08832 0.000000 0.315790 -0.026320
ECO05388 0.000000 0.421050 0.000000
ECO11457 0.000000 0.315790 -0.026320
ECO08581 0.131580 0.447370 0.000000
ECO11343 0.000000 0.184210 inf
ECO02430 0.000000 0.342110 0.000000
ECO03016 0.000000 0.368420 -0.026320
ECO02130 0.000000 0.263160 0.000000
ECO03416 0.000000 0.236840 -0.026320
ECO04737 0.000000 0.263160 0.000000
ECO04602 0.000000 0.368420 -0.026320
ECO09618 0.105260 0.368420 0.000000
ECO02179 0.000000 0.394740 -0.026320
ECO03494 0.000000 0.210530 0.000000
ECO06545 0.026320 0.236840 0.000000
ECO09296 0.000000 0.421050 0.000000
ECO09310 0.000000 0.315790 -0.026320
ECO03194 0.157890 0.526320 0.000000
ECO00629 0.000000 0.184210 inf
ECO12273 0.000000 0.263160 0.000000
ECO04373 0.000000 0.342110 -0.026320
ECO03873 0.447370 0.368420 0.000000
ECO02608 0.000000 0.368420 -0.026320
ECO03301 0.526320 0.315790 0.000000
ECO09689 0.000000 0.315790 -0.026320
ECO03487 0.000000 0.368420 0.000000
ECO05666 0.105260 0.473690 0.052630
ECO08324 0.000000 0.210530 0.000000
ECO06538 0.000000 0.210530 inf
ECO04766 0.473680 0.368430 0.000000
ECO04773 0.552630 0.315790 0.157890
ECO10396 0.210530 0.342100 0.000000
ECO05452 0.000000 0.315790 inf
ECO03187 0.000000 0.236840 0.000000
ECO06652 0.000000 0.263160 -0.026320
ECO03594 0.000000 0.210530 0.000000
ECO04287 0.000000 0.263160 inf
ECO02408 0.000000 0.289470 0.000000
ECO02638 0.078950 0.473680 0.026320
ECO06400 0.000000 0.342110 0.000000
ECO06683 0.000000 0.236840 inf
ECO03375 0.000000 0.157890 0.000000
ECO00348 0.000000 0.526320 -0.026320
ECO12068 0.000000 0.236840 0.000000
ECO07085 0.000000 0.473680 -0.026320
ECO08372 0.000000 0.263160 0.000000
ECO04711 0.000000 0.184210 inf
ECO06298 0.000000 0.210530 0.000000
ECO03475 0.000000 0.342110 -0.026320
ECO01218 0.000000 0.315790 0.000000
ECO05028 0.000000 0.368420 -0.026320
ECO04928 0.000000 0.315790 0.000000
ECO02790 0.000000 0.210530 inf
ECO04092 0.000000 0.236840 0.000000
ECO11668 0.000000 0.236840 inf
ECO09993 0.000000 0.236840 0.000000
ECO05211 0.000000 0.447370 -0.026320
ECO03205 0.105260 0.447370 0.000000
ECO04241 0.000000 0.184210 inf
ECO10542 0.000000 0.289470 0.000000
ECO02701 0.000000 0.342110 -0.026320
ECO05459 0.000000 0.263160 0.000000
ECO05659 0.078950 0.447370 0.026320
ECO06798 0.000000 0.394740 0.000000
ECO11680 0.000000 0.210530 inf
ECO12473 0.000000 0.263160 0.000000
ECO03156 0.000000 0.394740 -0.026320
ECO09857 0.000000 0.236840 0.000000
ECO04562 0.000000 0.289470 -0.026320
ECO12455 0.000000 0.421050 0.000000
ECO01318 0.000000 0.421050 -0.026320
ECO03490 0.000000 0.210530 0.000000
ECO08121 0.000000 0.447370 -0.026320
ECO07600 0.000000 0.236840 0.000000
ECO07736 0.000000 0.263160 -0.026320
ECO04926 0.000000 0.236840 0.000000
ECO03741 0.078950 0.421050 0.026320
ECO04430 0.105260 0.394740 0.000000
ECO08474 0.000000 0.210530 inf
ECO05709 0.289470 0.342110 0.000000
ECO03530 0.000000 0.315790 -0.026320
ECO06095 0.000000 0.368420 0.000000
ECO04923 0.000000 0.289470 -0.026320
ECO11816 0.131580 0.421050 0.000000
ECO04323 0.000000 0.447370 -0.026320
ECO12016 0.000000 0.289470 0.000000
ECO04723 0.000000 0.236840 inf
ECO09167 0.000000 0.236840 0.000000
ECO02658 0.105260 0.552630 0.026310
ECO09646 0.000000 0.289470 0.000000
ECO06402 0.052630 0.289480 0.026310
ECO09453 0.000000 0.289470 0.000000
ECO10232 0.000000 0.236840 inf
ECO08760 0.000000 0.368420 0.000000
ECO03630 0.000000 0.315790 -0.026320
ECO11133 0.000000 0.342110 0.000000
ECO09053 0.000000 0.184210 inf
ECO04916 0.000000 0.289470 0.000000
ECO05716 0.000000 0.263160 inf
ECO07767 0.078950 0.394730 0.000000
ECO05816 0.000000 0.263160 inf
ECO03737 0.000000 0.289470 0.000000
ECO02165 0.000000 0.368420 -0.026320
ECO02644 0.000000 0.315790 0.000000
ECO05402 0.000000 0.394740 -0.026320
ECO03138 0.105260 0.263160 0.000000
ECO00917 0.078950 0.394730 0.026320
ECO02155 0.000000 0.421050 0.000000
ECO12503 0.000000 0.447370 -0.026320
ECO12520 0.000000 0.473680 0.000000
ECO08303 0.000000 0.394740 -0.026320
ECO12303 0.000000 0.421050 0.000000
ECO04800 0.210530 0.368420 0.131580
ECO03221 0.000000 0.263160 0.000000
ECO04071 0.000000 0.210530 inf
ECO12032 0.000000 0.263160 0.000000
ECO10641 0.000000 0.210530 inf
ECO04314 0.473680 0.342110 0.000000
ECO09950 0.105260 0.421060 0.052630
ECO08127 0.000000 0.473680 0.000000
ECO06068 0.000000 0.289470 -0.026320
ECO05532 0.000000 0.421050 0.000000
ECO05493 0.000000 0.210530 inf
ECO12089 0.000000 0.184210 0.000000
ECO06536 0.078950 0.368420 0.026320
ECO06411 0.131580 0.394740 0.000000
ECO05143 0.342110 0.342100 0.131580
ECO11513 0.000000 0.184210 0.000000
ECO06050 0.000000 0.552630 -0.052630
ECO03621 0.000000 0.315790 0.000000
ECO08633 0.000000 0.263160 inf
ECO04889 0.394740 0.342100 0.000000
ECO11739 0.000000 0.342110 -0.026320
ECO04732 0.000000 0.368420 0.000000
ECO07940 0.394740 0.394730 0.105270
ECO03953 0.000000 0.184210 0.000000
ECO06000 0.105260 0.394740 0.026310
ECO10398 0.263160 0.526310 0.000000
ECO05075 0.000000 0.236840 inf
ECO09237 0.105260 0.526320 0.000000
ECO09619 0.000000 0.184210 inf
ECO06879 0.000000 0.263160 0.000000
ECO10466 0.000000 0.184210 inf
ECO06604 0.078950 0.447370 0.000000
ECO07765 0.078950 0.394730 0.026320
ECO07872 0.000000 0.394740 0.000000
ECO02199 0.000000 0.263160 -0.026320
ECO04264 0.000000 0.394740 0.000000
ECO03396 0.000000 0.368420 -0.026320
ECO11288 0.000000 0.236840 0.000000
ECO05093 0.157890 0.473690 0.078940
ECO02392 0.000000 0.184210 0.000000
ECO02538 0.000000 0.289470 inf
ECO00734 0.000000 0.578950 0.000000
ECO02755 0.263160 0.421050 0.078950
ECO08805 0.000000 0.263160 0.000000
ECO12486 0.000000 0.236840 -0.026320
ECO04793 0.000000 0.289470 0.000000
ECO09246 0.131580 0.526310 0.052630
ECO06388 0.000000 0.236840 0.000000
ECO08360 0.000000 0.236840 inf
ECO03730 0.657890 0.236850 0.000000
ECO08374 0.026320 0.315790 0.000000
ECO03937 0.000000 0.236840 0.000000
ECO02451 0.000000 0.315790 -0.026320
ECO02944 0.000000 0.210530 0.000000
ECO08574 0.000000 0.342110 -0.026320
ECO06093 0.000000 0.184210 0.000000
ECO07808 0.105260 0.342110 0.052630
ECO08676 0.000000 0.394740 0.000000
ECO02399 0.000000 0.315790 -0.026320
ECO11606 0.000000 0.447370 0.000000
ECO11174 0.000000 0.447370 -0.026320
ECO04289 0.000000 0.263160 0.000000
ECO00545 0.078950 0.394730 0.026320
ECO05918 0.105260 0.473690 0.000000
ECO11067 0.157890 0.500000 0.052630
ECO04757 0.000000 0.210530 0.000000
ECO04982 0.000000 0.263160 inf
ECO08969 0.000000 0.289470 0.000000
ECO12368 0.000000 0.263160 inf
ECO04064 0.000000 0.315790 0.000000
ECO10080 0.473680 0.342110 0.105260
ECO10480 0.000000 0.315790 0.000000
ECO08101 0.000000 0.236840 inf
ECO05675 0.052630 0.315790 0.000000
ECO11782 0.000000 0.289470 -0.026320
ECO05207 0.000000 0.315790 0.000000
ECO05586 0.000000 0.315790 -0.026320
ECO07965 0.105260 0.394740 0.000000
ECO05382 0.000000 0.263160 -0.026320
ECO07254 0.000000 0.263160 0.000000
ECO04689 0.000000 0.289470 -0.026320
ECO02953 0.421050 0.368420 0.000000
ECO06336 0.394740 0.342100 0.184210
ECO05118 0.000000 0.263160 0.000000
ECO12025 0.000000 0.289470 -0.026320
ECO07147 0.000000 0.289470 0.000000
ECO11313 0.394740 0.289470 0.157900
ECO08326 0.000000 0.500000 0.000000
ECO02242 0.000000 0.315790 -0.026320
ECO06961 0.000000 0.342110 0.000000
ECO02710 0.000000 0.210530 inf
ECO05800 0.000000 0.342110 0.000000
ECO02574 0.000000 0.289470 -0.026320
ECO04366 0.000000 0.368420 0.000000
ECO08317 0.000000 0.368420 -0.026320
ECO07331 0.078950 0.368420 0.000000
ECO11169 0.000000 0.210530 inf
ECO09603 0.105260 0.473690 0.000000
ECO09110 0.000000 0.289470 -0.026320
ECO12373 0.000000 0.289470 0.000000
ECO02885 0.000000 0.315790 inf
ECO02124 0.000000 0.421050 0.000000
ECO04804 0.000000 0.184210 inf
ECO08347 0.000000 0.315790 0.000000
ECO06757 0.078950 0.473680 0.026320
ECO08598 0.000000 0.289470 0.000000
ECO03259 0.000000 0.263160 -0.026320
ECO06258 0.000000 0.342110 0.000000
ECO06603 0.000000 0.342110 -0.026320
ECO09518 0.000000 0.315790 0.000000
ECO01421 0.263160 0.500000 0.105270
ECO07008 0.000000 0.210530 0.000000
ECO12629 0.000000 0.394740 -0.026320
ECO01259 0.078950 0.526310 0.000000
ECO10569 0.000000 0.263160 inf
ECO08530 0.105260 0.368420 0.000000
ECO03034 0.184210 0.368420 0.105260
ECO03204 0.473680 0.342110 0.000000
ECO09547 0.000000 0.421050 -0.026320
ECO05889 0.000000 0.342110 0.000000
ECO04854 0.000000 0.289470 inf
ECO12093 0.000000 0.184210 0.000000
ECO09254 0.000000 0.394740 -0.026320
ECO08841 0.000000 0.394740 0.000000
ECO03897 0.000000 0.315790 -0.026320
ECO04417 0.000000 0.368420 0.000000
ECO04386 0.000000 0.236840 -0.026320
ECO12347 0.000000 0.263160 0.000000
ECO12360 0.000000 0.289470 -0.026320
ECO07994 0.000000 0.342110 0.000000
ECO10083 0.000000 0.447370 -0.052630
ECO06726 0.000000 0.210530 0.000000
ECO03936 0.000000 0.210530 inf
ECO03463 0.000000 0.368420 0.000000
ECO05301 0.000000 0.236840 inf
ECO01460 0.052630 0.473690 0.000000
ECO10734 0.000000 0.342110 -0.026320
ECO00242 0.052630 0.394740 0.000000
ECO06540 0.000000 0.263160 inf
ECO10501 0.000000 0.447370 0.000000
ECO00409 0.078950 0.421050 0.026320
ECO06590 0.078950 0.289470 0.000000
ECO00723 0.026320 0.394730 0.000000
ECO10970 0.078950 0.315790 0.000000
ECO00927 0.105260 0.552630 0.026310
ECO03429 0.000000 0.315790 0.000000
ECO08582 0.000000 0.210530 inf
ECO09748 0.000000 0.236840 0.000000
ECO02545 0.000000 0.263160 -0.026320
ECO09952 0.000000 0.447370 0.000000
ECO06608 0.131580 0.473680 0.052630
ECO02331 0.000000 0.236840 0.000000
ECO02846 0.000000 0.263160 inf
ECO06705 0.000000 0.421050 0.000000
ECO11999 0.000000 0.236840 inf
ECO04404 0.000000 0.289470 0.000000
ECO04365 0.000000 0.473680 -0.052630
ECO08148 0.078950 0.421050 0.000000
ECO08279 0.000000 0.368420 -0.026320
ECO03918 0.342110 0.342100 0.000000
ECO03217 0.368420 0.368420 0.131580
ECO11965 0.000000 0.289470 0.000000
ECO03965 0.000000 0.210530 -0.026320
ECO08284 0.078950 0.500000 0.000000
ECO08548 0.000000 0.289470 -0.026320
ECO11879 0.000000 0.500000 0.000000
ECO12611 0.105260 0.315790 0.052630
ECO03264 0.000000 0.210530 0.000000
ECO02961 0.368420 0.289470 0.105260
ECO04540 0.000000 0.210530 0.000000
ECO11756 0.000000 0.236840 inf
ECO09309 0.026320 0.394730 0.000000
ECO04663 0.000000 0.210530 inf
ECO06880 0.000000 0.394740 0.000000
ECO07850 0.000000 0.263160 -0.026320
ECO09688 0.000000 0.342110 0.000000
ECO05042 0.000000 0.184210 inf
ECO07416 0.000000 0.342110 0.000000
ECO05199 0.000000 0.263160 inf
ECO05408 0.000000 0.184210 0.000000
ECO05442 0.000000 0.552630 -0.052630
ECO10957 0.078950 0.289470 0.000000
ECO07280 0.000000 0.394740 -0.026320
ECO06778 0.000000 0.289470 0.000000
ECO11321 0.000000 0.315790 -0.026320
ECO11287 0.000000 0.263160 0.000000
ECO11025 0.105260 0.526320 0.026310
ECO02268 0.000000 0.289470 0.000000
ECO11250 0.000000 0.210530 inf
ECO02859 0.000000 0.342110 0.000000
ECO01332 0.000000 0.236840 inf
ECO11722 0.000000 0.342110 0.000000
ECO08158 0.000000 0.289470 -0.026320
ECO05900 0.000000 0.315790 0.000000
ECO09069 0.000000 0.552630 -0.052630
ECO09962 0.000000 0.236840 0.000000
ECO09269 0.000000 0.315790 -0.026320
ECO09176 0.000000 0.289470 0.000000
ECO03828 0.000000 0.394740 -0.026320
ECO02160 0.000000 0.473680 0.000000
ECO03635 0.105260 0.368420 0.052630
ECO06086 0.000000 0.315790 0.000000
ECO03639 0.000000 0.315790 -0.026320
ECO11049 0.000000 0.263160 0.000000
ECO05100 0.000000 0.236840 inf
ECO07797 0.000000 0.447370 0.000000
ECO08465 0.078950 0.526310 0.026320
ECO04907 0.078950 0.394730 0.000000
ECO12214 0.026320 0.263150 0.000000
ECO10541 0.131580 0.368420 0.000000
ECO09337 0.000000 0.210530 inf
ECO04614 0.000000 0.315790 0.000000
ECO08469 0.000000 0.447370 -0.026320
ECO07983 0.131580 0.526310 0.000000
ECO07976 0.105260 0.473690 0.052630
ECO05593 0.000000 0.210530 0.000000
ECO05218 0.000000 0.342110 -0.026320
ECO05014 0.000000 0.447370 0.000000
ECO09455 0.000000 0.263160 inf
ECO04839 0.000000 0.236840 0.000000
ECO08851 0.421050 0.342110 0.131580
ECO03614 0.000000 0.210530 0.000000
ECO04239 0.000000 0.210530 inf
ECO06579 0.000000 0.394740 0.000000
ECO05325 0.000000 0.315790 inf
ECO03435 0.000000 0.500000 0.000000
ECO00470 0.052630 0.394740 0.026310
ECO05232 0.000000 0.210530 0.000000
ECO05039 0.000000 0.289470 -0.026320
ECO11907 0.000000 0.263160 0.000000
ECO01674 0.131580 0.315790 0.052630
ECO11320 0.000000 0.263160 0.000000
ECO08376 0.078950 0.342100 0.052630
ECO02342 0.052630 0.315790 0.000000
ECO02635 0.000000 0.289470 -0.026320
ECO02367 0.000000 0.394740 0.000000
ECO04900 0.000000 0.236840 inf
ECO01928 0.184210 0.500000 0.000000
ECO02378 0.000000 0.421050 -0.026320
ECO12679 0.000000 0.447370 0.000000
ECO02464 0.026320 0.368420 0.000000
ECO03379 0.000000 0.210530 0.000000
ECO08123 0.078950 0.394730 0.026320
ECO08895 0.131580 0.500000 0.000000
ECO04688 0.000000 0.342110 -0.026320
ECO07166 0.000000 0.421050 0.000000
ECO03373 0.000000 0.394740 -0.026320
ECO04813 0.000000 0.157890 0.000000
ECO07219 0.000000 0.263160 inf
ECO05498 0.000000 0.263160 0.000000
ECO04126 0.105260 0.394740 0.026310
ECO08821 0.000000 0.289470 0.000000
ECO06264 0.000000 0.263160 -0.026320
ECO09302 0.000000 0.236840 0.000000
ECO09304 0.052630 0.342110 0.026310
ECO12481 0.000000 0.263160 0.000000
ECO09997 0.000000 0.315790 -0.026320
ECO10318 0.000000 0.263160 0.000000
ECO03716 0.000000 0.210530 -0.026320
ECO07460 0.000000 0.368420 0.000000
ECO10653 0.000000 0.263160 inf
ECO08495 0.000000 0.210530 0.000000
ECO02144 0.000000 0.210530 inf
ECO07946 0.000000 0.315790 0.000000
ECO03465 0.000000 0.263160 -0.026320
ECO10467 0.000000 0.184210 0.000000
ECO10874 0.000000 0.473680 -0.052630
ECO08223 0.000000 0.421050 0.000000
ECO00237 0.052630 0.263160 0.026310
ECO08902 0.078950 0.394730 0.000000
ECO04288 0.000000 0.289470 -0.026320
ECO04279 0.000000 0.342110 0.000000
ECO06351 0.000000 0.263160 inf
ECO04281 0.000000 0.263160 0.000000
ECO04179 0.473680 0.342110 0.131570
ECO10674 0.000000 0.315790 0.000000
ECO04581 0.000000 0.210530 inf
ECO05951 0.000000 0.342110 0.000000
ECO07123 0.000000 0.315790 -0.026320
ECO05158 0.000000 0.473680 0.000000
ECO11774 0.000000 0.342110 -0.026320
ECO03986 0.000000 0.210530 0.000000
ECO06530 0.000000 0.184210 inf
ECO09697 0.000000 0.394740 0.000000
ECO07830 0.105260 0.315790 0.052630
ECO11772 0.000000 0.368420 0.000000
ECO05458 0.000000 0.263160 inf
ECO10304 0.000000 0.210530 0.000000
ECO06060 0.000000 0.210530 inf
ECO10975 0.000000 0.289470 0.000000
ECO00614 0.105260 0.447370 0.052630
ECO10767 0.000000 0.342110 0.000000
ECO05360 0.000000 0.342110 -0.026320
ECO07223 0.368420 0.421050 0.000000
ECO08323 0.000000 0.289470 -0.026320
ECO12374 0.421050 0.368420 0.000000
ECO05660 0.000000 0.210530 inf
ECO05758 0.000000 0.342110 0.000000
ECO03279 0.000000 0.210530 inf
ECO03479 0.000000 0.236840 0.000000
ECO02686 0.078950 0.421050 0.026320
ECO08225 0.000000 0.263160 0.000000
ECO05860 0.052630 0.236840 0.026310
ECO02967 0.000000 0.210530 0.000000
ECO12525 0.000000 0.236840 inf
ECO12446 0.000000 0.263160 0.000000
ECO11158 0.000000 0.184210 inf
ECO06720 0.078950 0.368420 0.000000
ECO11748 0.000000 0.236840 inf
ECO00854 0.000000 0.289470 0.000000
ECO05047 0.000000 0.263160 inf
ECO09657 0.000000 0.263160 0.000000
ECO02726 0.000000 0.289470 -0.026320
ECO05298 0.000000 0.394740 0.000000
ECO08885 0.000000 0.421050 -0.026320
ECO11798 0.000000 0.342110 0.000000
ECO06420 0.000000 0.342110 -0.026320
ECO04362 0.000000 0.342110 0.000000
ECO08592 0.157890 0.421060 0.052630
ECO11855 0.157890 0.526320 0.000000
ECO05191 0.000000 0.210530 inf
ECO00054 0.052630 0.447370 0.000000
ECO06470 0.000000 0.263160 inf
ECO03955 0.000000 0.184210 0.000000
ECO09764 0.000000 0.447370 -0.026320
ECO09678 0.000000 0.473680 0.000000
ECO04755 0.921050 0.026320 0.289470
ECO04598 0.000000 0.184210 0.000000
ECO00861 0.000000 0.289470 -0.026320
ECO03126 0.000000 0.184210 0.000000
ECO06613 0.078950 0.368420 0.026320
ECO11447 0.000000 0.210530 0.000000
ECO05134 0.000000 0.210530 inf
ECO05884 0.000000 0.368420 0.000000
ECO00990 0.078950 0.315790 0.052630
ECO09685 0.000000 0.236840 0.000000
ECO08192 0.078950 0.394730 0.026320
ECO05327 0.000000 0.157890 0.000000
ECO05920 0.500000 0.342110 0.131580
ECO00004 0.052630 0.315790 0.000000
ECO07806 0.105260 0.500000 0.052630
ECO06070 0.000000 0.342110 0.000000
ECO10564 0.000000 0.210530 inf
ECO00061 0.210530 0.631580 0.000000
ECO11561 0.000000 0.184210 inf
ECO06956 0.000000 0.157890 0.000000
ECO03769 0.000000 0.263160 inf
ECO11709 0.000000 0.473680 0.000000
ECO12444 0.026320 0.236840 inf
ECO03905 0.000000 0.236840 0.000000
ECO08728 0.131580 0.526310 0.052630
ECO02326 0.000000 0.263160 0.000000
ECO01690 0.026320 0.184210 inf
ECO02833 0.157890 0.447370 0.000000
ECO09228 0.000000 0.236840 inf
ECO05970 0.000000 0.210530 0.000000
ECO06077 0.184210 0.394740 0.105260
ECO03212 0.000000 0.315790 0.000000
ECO10614 0.000000 0.315790 -0.026320
ECO06763 0.000000 0.236840 0.000000
ECO05438 0.000000 0.210530 inf
ECO02269 0.000000 0.289470 0.000000
ECO06364 0.210530 0.526310 0.078950
ECO11770 0.000000 0.263160 0.000000
ECO03917 0.552630 0.289480 0.157890
ECO11661 0.000000 0.210530 0.000000
ECO00424 0.052630 0.289480 0.026310
ECO09333 0.210530 0.578940 0.000000
ECO08452 0.000000 0.342110 -0.026320
ECO00117 0.000000 0.236840 0.000000
ECO08375 0.000000 0.289470 inf
ECO11018 0.000000 0.368420 0.000000
ECO12533 0.000000 0.315790 -0.026320
ECO00457 0.052630 0.342110 0.000000
ECO11353 0.000000 0.210530 inf
ECO02359 0.000000 0.184210 0.000000
ECO02457 0.078950 0.315790 0.052630
ECO02466 0.000000 0.315790 0.000000
ECO09052 0.078950 0.289470 0.052630
ECO05678 0.000000 0.473680 0.000000
ECO03159 0.000000 0.315790 -0.026320
ECO04206 0.000000 0.289470 0.000000
ECO12524 0.078950 0.394730 0.026320
ECO04738 0.000000 0.236840 0.000000
ECO00194 0.000000 0.263160 inf
ECO04508 0.000000 0.210530 0.000000
ECO05592 0.000000 0.342110 -0.026320
ECO03747 0.000000 0.315790 0.000000
ECO10565 0.105260 0.368420 0.052630
ECO07796 0.000000 0.315790 0.000000
ECO04387 0.000000 0.263160 inf
ECO03318 0.552630 0.289480 0.000000
ECO06955 0.000000 0.368420 -0.026320
ECO08191 0.000000 0.342110 0.000000
ECO09234 0.000000 0.263160 inf
ECO10519 0.000000 0.342110 0.000000
ECO04150 0.263160 0.289470 0.105270
ECO05657 0.000000 0.263160 0.000000
ECO11607 0.289470 0.447370 0.131580
ECO06238 0.000000 0.421050 0.000000
ECO04983 0.289470 0.394740 0.105260
ECO05020 0.000000 0.236840 0.000000
ECO03197 0.578950 0.263160 0.289480
ECO06256 0.000000 0.263160 0.000000
ECO12162 0.000000 0.342110 -0.026320
ECO06892 0.000000 0.342110 0.000000
ECO09093 0.000000 0.394740 -0.026320
ECO06827 0.447370 0.289470 0.000000
ECO10136 0.131580 0.394740 0.052630
ECO07108 0.000000 0.210530 0.000000
ECO06591 0.000000 0.210530 inf
ECO09336 0.000000 0.342110 0.000000
ECO06710 0.000000 0.342110 -0.026320
ECO00957 0.131580 0.552630 0.000000
ECO06124 0.315790 0.394740 0.105260
ECO08047 0.000000 0.289470 0.000000
ECO10719 0.000000 0.289470 -0.026320
ECO10035 0.000000 0.421050 0.000000
ECO03048 0.473680 0.263160 0.210520
ECO02384 0.000000 0.368420 0.000000
ECO05103 0.000000 0.236840 inf
ECO05389 0.000000 0.263160 0.000000
ECO10787 0.000000 0.236840 inf
ECO09366 0.000000 0.447370 0.000000
ECO09315 0.000000 0.315790 -0.026320
ECO09784 0.000000 0.289470 0.000000
ECO00389 0.000000 0.289470 -0.026320
ECO05355 0.000000 0.289470 0.000000
ECO12507 0.105260 0.421060 0.052630
ECO11249 0.000000 0.342110 0.000000
ECO06819 0.000000 0.210530 inf
ECO03320 0.289470 0.473690 0.000000
ECO00912 0.000000 0.210530 inf
ECO07755 0.000000 0.447370 0.000000
ECO09733 0.052630 0.210530 0.026310
ECO07912 0.000000 0.394740 0.000000
ECO08447 0.000000 0.210530 inf
ECO02964 0.000000 0.184210 0.000000
ECO05956 0.000000 0.421050 -0.026320
ECO06026 0.105260 0.473690 0.000000
ECO05292 0.000000 0.421050 -0.026320
ECO01712 0.000000 0.473680 0.000000
ECO09099 0.000000 0.342110 -0.026320
ECO06241 0.105260 0.421060 0.000000
ECO03033 0.184210 0.368420 0.105260
ECO08431 0.000000 0.263160 0.000000
ECO08996 0.105260 0.447370 0.052630
ECO02711 0.000000 0.342110 0.000000
ECO02675 0.000000 0.631580 -0.052630
ECO02418 0.000000 0.210530 0.000000
ECO10536 0.078950 0.526310 0.026320
ECO10871 0.000000 0.421050 0.000000
ECO00139 0.052630 0.421050 0.026310
ECO08345 0.000000 0.263160 0.000000
ECO11323 0.000000 0.315790 -0.026320
ECO06991 0.000000 0.263160 0.000000
ECO08414 0.000000 0.289470 -0.026320
ECO02018 0.078950 0.368420 0.000000
ECO08745 0.052630 0.263160 0.026310
ECO04687 0.000000 0.131580 0.000000
ECO05773 0.421050 0.342110 0.157890
ECO02629 0.000000 0.289470 0.000000
ECO12583 0.000000 0.315790 -0.026320
ECO09493 0.000000 0.236840 0.000000
ECO06962 0.000000 0.210530 inf
ECO04084 0.000000 0.210530 0.000000
ECO02212 0.000000 0.184210 inf
ECO02847 0.000000 0.394740 0.000000
ECO10068 0.184210 0.394740 0.105260
ECO06724 0.000000 0.368420 0.000000
ECO04384 0.000000 0.315790 -0.026320
ECO08013 0.000000 0.315790 0.000000
ECO10236 0.710530 0.210520 0.236850
ECO06575 0.000000 0.184210 0.000000
ECO08329 0.000000 0.315790 -0.026320
ECO01643 0.184210 0.526320 0.000000
ECO03015 0.000000 0.289470 inf
ECO12480 0.000000 0.289470 0.000000
ECO03705 0.000000 0.263160 -0.026320
ECO13577 0.000000 0.263160 0.000000
ECO08256 0.000000 0.315790 -0.026320
ECO03176 0.000000 0.210530 0.000000
ECO03362 0.000000 0.236840 inf
ECO03631 0.000000 0.236840 0.000000
ECO04836 0.000000 0.289470 -0.026320
ECO04436 0.000000 0.289470 0.000000
ECO09817 0.052630 0.500000 0.000000
ECO09782 0.000000 0.394740 0.000000
ECO06624 0.000000 0.289470 inf
ECO10303 0.000000 0.263160 0.000000
ECO07710 0.000000 0.315790 inf
ECO06373 0.000000 0.210530 0.000000
ECO00357 0.000000 0.473680 -0.026320
ECO06122 0.000000 0.394740 0.000000
ECO12046 0.000000 0.289470 -0.026320
ECO05003 0.000000 0.315790 0.000000
ECO08266 0.000000 0.315790 -0.026320
ECO00871 0.052630 0.342110 0.000000
ECO11808 0.000000 0.368420 -0.026320
ECO04715 0.000000 0.342110 0.000000
ECO08761 0.000000 0.210530 inf
ECO09961 0.157890 0.526320 0.000000
ECO04145 0.342110 0.315780 0.105270
ECO08089 0.000000 0.394740 0.000000
ECO11738 0.000000 0.263160 -0.026320
ECO12015 0.000000 0.289470 0.000000
ECO10538 0.105260 0.500000 0.026310
ECO04522 0.000000 0.368420 0.000000
ECO04922 0.578950 0.289470 0.157900
ECO07959 0.000000 0.342110 0.000000
ECO09438 0.000000 0.315790 -0.026320
ECO10731 0.078950 0.526310 0.000000
ECO05494 0.000000 0.236840 inf
ECO10138 0.078950 0.289470 0.000000
ECO05217 0.000000 0.289470 inf
ECO04315 0.000000 0.263160 0.000000
ECO00873 0.052630 0.473690 0.026310
ECO09361 0.000000 0.236840 0.000000
ECO00001 0.000000 0.210530 inf
ECO09931 0.105260 0.447370 0.000000
ECO09761 0.000000 0.263160 -0.026320
ECO12317 0.000000 0.263160 0.000000
ECO12508 0.000000 0.421050 -0.026320
ECO02452 0.000000 0.236840 0.000000
ECO04245 0.000000 0.236840 -0.026320
ECO12417 0.236840 0.315790 0.000000
ECO02950 0.000000 0.315790 -0.026320
ECO05224 0.000000 0.236840 0.000000
ECO03045 0.000000 0.210530 inf
ECO03052 0.000000 0.289470 0.000000
ECO08568 0.157890 0.500000 0.078940
ECO08272 0.000000 0.210530 0.000000
ECO02005 0.026320 0.342100 0.000000
ECO12285 0.000000 0.131580 0.000000
ECO10142 0.000000 0.236840 inf
ECO02905 1.000000 -0.052630 0.000000
ECO02139 0.078950 0.421050 0.026320
ECO04616 0.000000 0.263160 0.000000
ECO08367 0.000000 0.342110 -0.026320
ECO07967 0.000000 0.315790 0.000000
ECO09360 0.000000 0.236840 inf
ECO09739 0.000000 0.263160 0.000000
ECO03137 0.000000 0.342110 -0.026320
ECO02458 0.000000 0.342110 0.000000
ECO02744 0.000000 0.236840 inf
ECO06895 0.000000 0.263160 0.000000
ECO08467 0.000000 0.210530 inf
ECO08074 0.078950 0.289470 0.000000
ECO08260 0.000000 0.342110 -0.026320
ECO12609 0.000000 0.368420 0.000000
ECO11233 0.078950 0.368420 0.026320
ECO12516 0.000000 0.289470 0.000000
ECO02365 0.000000 0.342110 -0.026320
ECO12523 0.000000 0.315790 0.000000
ECO12623 0.000000 0.447370 -0.026320
ECO12602 0.000000 0.368420 0.000000
ECO03537 0.263160 0.368420 0.105270
ECO03430 0.000000 0.210530 0.000000
ECO06881 0.000000 0.289470 -0.026320
ECO05316 0.000000 0.236840 0.000000
ECO12249 0.210530 0.473680 0.078950
ECO00805 0.000000 0.236840 0.000000
ECO11639 0.000000 0.236840 inf
ECO04290 0.000000 0.315790 0.000000
ECO11883 0.000000 0.473680 -0.052630
ECO12006 0.105260 0.447370 0.000000
ECO04011 0.578950 0.289470 0.236840
ECO10529 0.000000 0.184210 0.000000
ECO03054 0.447370 0.368420 0.105260
ECO09870 0.000000 0.210530 0.000000
ECO01312 0.026320 0.421050 0.000000
ECO04756 0.000000 0.447370 0.000000
ECO12548 0.000000 0.394740 -0.026320
ECO09978 0.000000 0.210530 0.000000
ECO03112 0.000000 0.184210 inf
ECO02226 0.000000 0.289470 0.000000
ECO02469 0.000000 0.263160 -0.026320
ECO02383 0.000000 0.421050 0.000000
ECO03679 0.078950 0.394730 0.026320
ECO12551 0.236840 0.447370 0.000000
ECO12081 0.000000 0.342110 -0.026320
ECO01707 0.052630 0.289480 0.000000
ECO02207 0.000000 0.289470 -0.026320
ECO04858 0.000000 0.184210 0.000000
ECO08325 0.000000 0.289470 -0.026320
ECO08132 0.000000 0.289470 0.000000
ECO00920 0.078950 0.289470 0.052630
ECO08683 0.000000 0.526320 0.000000
ECO08390 0.000000 0.315790 -0.026320
ECO00881 0.000000 0.184210 0.000000
ECO11495 0.000000 0.210530 inf
ECO06986 0.000000 0.263160 0.000000
ECO11807 0.000000 0.368420 -0.026320
ECO03203 0.000000 0.342110 0.000000
ECO02335 0.000000 0.263160 -0.026320
ECO12675 0.000000 0.421050 0.000000
ECO00970 0.210530 0.526310 0.078950
ECO00677 0.052630 0.394740 0.000000
ECO01867 0.157890 0.526320 0.052630
ECO12557 0.000000 0.342110 0.000000
ECO05893 0.000000 0.421050 -0.026320
ECO12568 0.000000 0.447370 0.000000
ECO03728 0.000000 0.289470 -0.026320
ECO06654 0.078950 0.473680 0.000000
ECO12518 0.131580 0.421050 0.052630
ECO09687 0.000000 0.394740 0.000000
ECO04848 0.000000 0.236840 inf
ECO12334 0.000000 0.184210 0.000000
ECO02433 0.000000 0.421050 -0.026320
ECO03319 0.000000 0.315790 0.000000
ECO10976 0.000000 0.289470 inf
ECO11479 0.000000 0.236840 0.000000
ECO08617 0.078950 0.342100 0.026320
ECO09803 0.000000 0.210530 0.000000
ECO08424 0.000000 0.421050 -0.026320
ECO10675 0.000000 0.263160 0.000000
ECO08024 0.000000 0.263160 -0.026320
ECO04073 0.000000 0.236840 0.000000
ECO04966 0.000000 0.394740 -0.026320
ECO05759 0.000000 0.289470 0.000000
ECO02801 0.078950 0.447370 0.026320
ECO08410 0.342110 0.421050 0.000000
ECO09217 0.000000 0.289470 -0.026320
ECO02394 0.184210 0.526320 0.000000
ECO02355 0.000000 0.289470 -0.026320
ECO02287 0.000000 0.394740 0.000000
ECO02138 0.000000 0.236840 inf
ECO09575 0.131580 0.473680 0.000000
ECO02840 0.000000 0.289470 -0.026320
ECO02406 0.000000 0.368420 0.000000
ECO01938 0.000000 0.236840 inf
ECO05417 0.000000 0.157890 0.000000
ECO02843 0.000000 0.368420 -0.026320
ECO12510 0.026320 0.342100 0.000000
ECO08168 0.000000 0.368420 -0.026320
ECO00980 0.000000 0.605260 0.000000
ECO03545 0.000000 0.263160 -0.026320
ECO07189 0.000000 0.342110 0.000000
ECO02745 0.000000 0.342110 -0.026320
ECO02459 0.000000 0.263160 0.000000
ECO11897 0.000000 0.236840 inf
ECO12467 0.000000 0.263160 0.000000
ECO02391 0.000000 0.447370 -0.026320
ECO05769 0.000000 0.315790 0.000000
ECO03361 0.000000 0.236840 inf
ECO06012 0.000000 0.263160 0.000000
ECO00655 0.052630 0.236840 0.026310
ECO05910 0.000000 0.342110 0.000000
ECO12535 0.000000 0.368420 -0.026320
ECO03102 0.684210 0.210530 0.000000
ECO09050 0.000000 0.184210 inf
ECO12292 0.000000 0.473680 0.000000
ECO06846 0.000000 0.263160 inf
ECO02409 0.000000 0.263160 0.000000
ECO09495 0.000000 0.210530 inf
ECO03179 0.078950 0.394730 0.000000
ECO04981 0.105260 0.421060 0.026310
ECO08401 0.078950 0.368420 0.000000
ECO04964 0.000000 0.210530 inf
ECO12668 0.078950 0.342100 0.000000
ECO00420 0.078950 0.447370 0.026320
ECO05818 0.342110 0.289470 0.000000
ECO02167 0.000000 0.342110 -0.026320
ECO12475 0.000000 0.526320 0.000000
ECO12300 0.078950 0.263160 0.052630
ECO05468 0.000000 0.236840 0.000000
ECO11714 0.131580 0.421050 0.052630
ECO02135 0.000000 0.289470 0.000000
ECO03353 0.000000 0.184210 inf
ECO02485 0.000000 0.210530 0.000000
ECO12632 0.000000 0.289470 -0.026320
ECO12582 0.000000 0.394740 0.000000
ECO04621 0.000000 0.368420 -0.026320
ECO02467 0.000000 0.289470 0.000000
ECO12651 0.000000 0.315790 -0.026320
ECO05762 0.000000 0.342110 0.000000
ECO06695 0.000000 0.342110 -0.026320
ECO09394 0.394740 0.368420 0.000000
ECO04021 0.000000 0.236840 -0.026320
ECO11563 0.000000 0.315790 0.000000
ECO09725 0.000000 0.236840 inf
ECO05481 0.000000 0.394740 0.000000
ECO06762 0.000000 0.447370 -0.026320
ECO09929 0.000000 0.342110 0.000000
ECO04713 0.000000 0.263160 -0.026320
ECO04990 0.000000 0.236840 0.000000
ECO04784 0.000000 0.342110 -0.026320
ECO08813 0.078950 0.473680 0.000000
ECO06706 0.000000 0.210530 inf
ECO12063 0.000000 0.263160 0.000000
ECO06392 0.000000 0.236840 inf
ECO01861 0.026320 0.605260 0.000000
ECO09064 0.000000 0.368420 -0.026320
ECO03347 0.000000 0.394740 0.000000
ECO12513 0.000000 0.289470 -0.026320
ECO08863 0.210530 0.289470 0.000000
ECO10586 0.000000 0.210530 inf
ECO09250 0.263160 0.421050 0.000000
ECO05420 0.000000 0.315790 -0.026320
ECO11812 0.000000 0.236840 0.000000
ECO10500 0.000000 0.210530 inf
ECO02662 0.000000 0.315790 0.000000
ECO03969 0.447370 0.368420 0.157900
ECO04484 0.000000 0.236840 0.000000
ECO11762 0.000000 0.315790 -0.026320
ECO08963 0.105260 0.552630 0.000000
ECO11776 0.000000 0.394740 -0.026320
ECO10400 0.026320 0.447360 0.000000
ECO10550 0.000000 0.210530 inf
ECO02398 0.000000 0.394740 0.000000
ECO02698 0.000000 0.342110 -0.026320
ECO04133 0.000000 0.210530 0.000000
ECO07977 0.026320 0.131570 inf
ECO08264 0.052630 0.447370 0.000000
ECO00526 0.000000 0.210530 inf
ECO05755 0.000000 0.342110 0.000000
ECO12612 0.000000 0.342110 -0.026320
ECO05506 0.000000 0.236840 0.000000
ECO05470 0.000000 0.210530 inf
ECO02514 0.000000 0.236840 0.000000
ECO10015 0.000000 0.184210 inf
ECO02328 0.000000 0.447370 0.000000
ECO12561 0.000000 0.315790 -0.026320
ECO11491 0.000000 0.210530 0.000000
ECO00776 0.052630 0.394740 0.026310
ECO10435 0.000000 0.184210 0.000000
ECO05605 0.000000 0.421050 -0.026320
ECO03098 0.210530 0.421050 0.000000
ECO02361 0.000000 0.210530 inf
ECO02348 0.000000 0.289470 0.000000
ECO09976 0.000000 0.289470 -0.026320
ECO07802 0.000000 0.315790 0.000000
ECO05879 0.000000 0.263160 -0.026320
ECO11753 0.000000 0.315790 0.000000
ECO04349 0.000000 0.210530 inf
ECO11599 0.000000 0.342110 0.000000
ECO08623 0.078950 0.473680 0.026320
ECO11247 0.000000 0.342110 0.000000
ECO11751 0.000000 0.315790 -0.026320
ECO08653 0.000000 0.368420 0.000000
ECO05385 0.000000 0.394740 -0.026320
ECO00069 0.131580 0.526310 0.000000
ECO05426 0.000000 0.289470 -0.026320
ECO08357 0.000000 0.263160 0.000000
ECO03847 0.421050 0.368420 0.184210
ECO03809 0.000000 0.157890 0.000000
ECO04309 0.000000 0.342110 -0.026320
ECO00210 0.078950 0.500000 0.000000
ECO02718 0.447370 0.342100 0.184210
ECO03518 0.000000 0.210530 0.000000
ECO03118 0.000000 0.315790 -0.026320
ECO11552 0.000000 0.394740 0.000000
ECO05681 0.000000 0.210530 inf
ECO10576 0.000000 0.236840 0.000000
ECO05381 0.078950 0.500000 0.026320
ECO12402 0.710530 0.210520 0.000000
ECO06964 0.000000 0.157890 inf
ECO09963 0.026320 0.263150 0.000000
ECO08493 0.000000 0.421050 -0.026320
ECO05785 0.000000 0.210530 0.000000
ECO04930 0.000000 0.394740 -0.026320
ECO03258 0.342110 0.394730 0.000000
ECO04560 0.289470 0.368420 0.105260
ECO05819 0.000000 0.342110 0.000000
ECO06062 0.026320 0.368420 0.000000
ECO03987 0.236840 0.342110 0.000000
ECO02887 0.000000 0.289470 inf
ECO11196 0.052630 0.342110 0.000000
ECO06902 0.000000 0.315790 -0.026320
ECO05826 0.000000 0.210530 0.000000
ECO08198 0.000000 0.342110 -0.026320
ECO06728 0.000000 0.500000 0.000000
ECO02318 0.000000 0.184210 inf
ECO10606 0.000000 0.236840 0.000000
ECO05832 0.000000 0.289470 -0.026320
ECO05926 0.000000 0.289470 0.000000
ECO01439 0.026320 0.342100 0.000000
ECO08064 0.052630 0.368420 0.000000
ECO04556 0.000000 0.263160 inf
ECO11450 0.000000 0.342110 0.000000
ECO03058 0.368420 0.394740 0.131580
ECO10506 0.000000 0.236840 0.000000
ECO11648 0.000000 0.315790 -0.026320
ECO06519 0.000000 0.315790 0.000000
ECO02182 0.000000 0.157890 inf
ECO06085 0.078950 0.315790 0.000000
ECO09776 0.000000 0.342110 -0.026320
ECO11902 1.000000 -0.026320 0.000000
ECO04409 0.210530 0.394730 0.105270
ECO06462 0.000000 0.263160 0.000000
ECO06221 0.000000 0.368420 -0.026320
ECO09876 0.000000 0.210530 0.000000
ECO05060 0.000000 0.500000 -0.052630
ECO05530 0.000000 0.263160 0.000000
ECO05526 0.000000 0.184210 inf
ECO04460 0.000000 0.236840 0.000000
ECO05579 0.000000 0.210530 inf
ECO08491 0.184210 0.447370 0.000000
ECO02375 0.000000 0.210530 inf
ECO06651 0.000000 0.342110 0.000000
ECO06281 0.000000 0.236840 inf
ECO08102 0.000000 0.289470 0.000000
ECO07162 0.000000 0.289470 inf
ECO03309 0.210530 0.315790 0.000000
ECO02237 0.052630 0.315790 0.026310
ECO04749 0.000000 0.184210 0.000000
ECO02341 0.263160 0.394730 0.105270
ECO02650 0.052630 0.447370 0.000000
ECO06494 0.000000 0.210530 inf
ECO12615 0.000000 0.236840 0.000000
ECO02352 0.000000 0.263160 inf
ECO05015 0.210530 0.394730 0.000000
ECO02653 0.000000 0.315790 -0.026320
ECO07865 0.105260 0.447370 0.000000
ECO06619 0.000000 0.315790 -0.026320
ECO09236 0.000000 0.263160 0.000000
ECO03418 0.342110 0.368420 0.157900
ECO09672 0.000000 0.394740 0.000000
ECO05290 0.105260 0.447370 0.052630
ECO00639 0.026320 0.447360 0.000000
ECO02984 0.000000 0.342110 -0.026320
ECO02684 0.131580 0.473680 0.000000
ECO07855 0.000000 0.184210 inf
ECO06862 0.000000 0.315790 0.000000
ECO12540 0.000000 0.184210 inf
ECO06585 0.000000 0.289470 0.000000
ECO01641 0.078950 0.605260 0.000000
ECO03654 0.000000 0.368420 0.000000
ECO05419 0.000000 0.289470 -0.026320
ECO05392 0.000000 0.236840 0.000000
ECO08091 0.000000 0.421050 -0.052630
ECO05283 0.000000 0.184210 0.000000
ECO08057 0.000000 0.236840 inf
ECO10366 0.000000 0.236840 0.000000
ECO03882 0.000000 0.289470 -0.026320
ECO01913 0.000000 0.315790 0.000000
ECO03282 0.000000 0.210530 inf
ECO09447 0.000000 0.263160 0.000000
ECO03985 0.000000 0.210530 inf
ECO03950 0.631580 0.263160 0.000000
ECO08715 0.000000 0.289470 -0.026320
ECO03682 0.236840 0.473690 0.000000
ECO06240 0.000000 0.289470 -0.026320
ECO02035 0.078950 0.421050 0.000000
ECO07202 0.078950 0.368420 0.026320
ECO11792 0.000000 0.263160 0.000000
ECO11702 0.000000 0.210530 inf
ECO04109 0.078950 0.368420 0.000000
ECO08004 0.000000 0.289470 -0.026320
ECO04568 0.000000 0.315790 0.000000
ECO11996 0.000000 0.368420 -0.026320
ECO04317 0.000000 0.210530 0.000000
ECO08698 0.000000 0.394740 -0.026320
ECO07094 0.000000 0.289470 0.000000
ECO03096 0.000000 0.263160 -0.026320
ECO10401 0.000000 0.342110 0.000000
ECO03960 0.000000 0.184210 inf
ECO12353 0.000000 0.394740 0.000000
ECO12653 0.000000 0.263160 inf
ECO12372 0.000000 0.236840 0.000000
ECO10395 0.000000 0.236840 inf
ECO08912 0.000000 0.263160 0.000000
ECO00824 0.052630 0.447370 0.026310
ECO04985 0.000000 0.447370 0.000000
ECO11929 0.105260 0.473690 0.026310
ECO10452 0.000000 0.236840 0.000000
ECO06626 0.000000 0.394740 -0.026320
ECO05503 0.000000 0.263160 0.000000
ECO08904 0.000000 0.263160 inf
ECO05430 0.000000 0.210530 0.000000
ECO07751 0.078950 0.315790 0.052630
ECO08261 0.000000 0.447370 0.000000
ECO09898 0.000000 0.263160 inf
ECO11591 0.000000 0.289470 0.000000
ECO05754 0.000000 0.263160 -0.026320
ECO05554 0.000000 0.184210 0.000000
ECO04768 0.000000 0.236840 inf
ECO10001 0.000000 0.368420 0.000000
ECO09298 0.026320 0.394730 0.000000
ECO01713 0.000000 0.315790 0.000000
ECO08312 0.000000 0.368420 -0.026320
ECO04971 0.000000 0.236840 0.000000
ECO07729 0.000000 0.342110 -0.026320
ECO02631 0.000000 0.263160 0.000000
ECO07712 0.000000 0.289470 -0.026320
ECO05189 0.000000 0.342110 0.000000
ECO02882 0.315790 0.500000 0.131580
ECO07175 0.105260 0.394740 0.000000
ECO08909 0.000000 0.236840 inf
ECO05492 0.000000 0.289470 0.000000
ECO12206 0.105260 0.394740 0.052630
ECO09027 0.236840 0.473690 0.000000
ECO09134 0.026320 0.263150 0.000000
ECO09427 0.000000 0.421050 0.000000
ECO05892 0.578950 0.289470 0.210530
ECO02977 0.000000 0.263160 0.000000
ECO07007 0.000000 0.184210 inf
ECO01242 0.052630 0.342110 0.000000
ECO03681 0.000000 0.236840 -0.026320
ECO04118 0.605260 0.263160 0.000000
ECO12011 0.157890 0.421060 0.078940
ECO06743 0.000000 0.394740 0.000000
ECO12212 0.000000 0.236840 inf
ECO11626 0.000000 0.236840 0.000000
ECO07091 0.000000 0.210530 inf
ECO02162 0.000000 0.289470 0.000000
ECO07878 0.000000 0.447370 -0.026320
ECO11375 0.000000 0.342110 0.000000
ECO04019 0.000000 0.473680 -0.052630
ECO06272 0.000000 0.315790 0.000000
ECO03399 0.421050 0.368420 0.157890
ECO04068 0.000000 0.263160 0.000000
ECO06225 0.052630 0.421050 0.026310
ECO03307 0.000000 0.342110 0.000000
ECO07553 0.000000 0.236840 inf
ECO05130 0.000000 0.315790 0.000000
ECO06551 0.000000 0.368420 -0.026320
ECO10025 0.000000 0.289470 0.000000
ECO02788 0.000000 0.289470 -0.026320
ECO03188 0.000000 0.289470 0.000000
ECO02707 0.000000 0.263160 -0.026320
ECO12002 0.000000 0.315790 0.000000
ECO09548 0.236840 0.447370 0.078950
ECO05336 0.000000 0.500000 0.000000
ECO01988 0.026320 0.421050 0.000000
ECO12453 0.000000 0.210530 0.000000
ECO06130 0.000000 0.289470 -0.026320
ECO04358 0.000000 0.210530 0.000000
ECO08280 0.000000 0.289470 -0.026320
ECO05990 0.236840 0.289480 0.000000
ECO00473 0.000000 0.526320 -0.026320
ECO02714 0.000000 0.526320 0.000000
ECO08212 0.000000 0.473680 -0.052630
ECO05522 0.000000 0.447370 0.000000
ECO02481 0.000000 0.342110 -0.026320
ECO05386 0.000000 0.210530 0.000000
ECO02578 0.000000 0.500000 -0.026320
ECO02395 0.000000 0.236840 0.000000
ECO00141 0.131580 0.447370 0.052630
ECO11474 0.000000 0.342110 0.000000
ECO00073 0.105260 0.342110 0.052630
ECO11893 0.000000 0.289470 0.000000
ECO05553 0.000000 0.263160 -0.026320
ECO08147 0.078950 0.421050 0.000000
ECO02246 0.105260 0.342110 0.052630
ECO05689 0.000000 0.131580 0.000000
ECO05757 0.052630 0.315790 0.026310
ECO03132 0.000000 0.236840 0.000000
ECO03213 0.000000 0.421050 -0.052630
ECO02664 0.000000 0.184210 0.000000
ECO05054 0.000000 0.263160 inf
ECO06489 0.000000 0.184210 0.000000
ECO05671 0.447370 0.421050 0.210530
ECO09882 0.000000 0.184210 0.000000
ECO12545 0.078950 0.394730 0.026320
ECO08331 0.000000 0.368420 0.000000
ECO07310 0.000000 0.210530 inf
ECO11507 0.000000 0.289470 0.000000
ECO11493 0.000000 0.263160 -0.026320
ECO03280 0.000000 0.315790 0.000000
ECO02815 0.000000 0.315790 -0.026320
ECO02929 0.000000 0.315790 0.000000
ECO02429 0.000000 0.263160 -0.026320
ECO08596 0.000000 0.342110 0.000000
ECO12194 0.184210 0.394740 0.105260
ECO04752 0.000000 0.236840 0.000000
ECO02680 0.000000 0.289470 -0.026320
ECO04501 0.000000 0.368420 0.000000
ECO06273 0.210530 0.289470 0.105270
ECO05673 0.000000 0.236840 0.000000
ECO12145 0.078950 0.394730 0.026320
ECO00257 0.000000 0.657890 0.000000
ECO05538 0.000000 0.447370 -0.052630
ECO04186 0.000000 0.263160 0.000000
ECO12578 0.131580 0.552630 0.052630
ECO06089 0.000000 0.368420 0.000000
ECO01343 0.052630 0.421050 0.026310
ECO11104 0.052630 0.421050 0.000000
ECO07210 0.473680 0.342110 0.131570
ECO08479 0.000000 0.421050 0.000000
ECO05271 0.131580 0.394740 0.052630
ECO08245 0.000000 0.263160 0.000000
ECO04838 0.000000 0.210530 inf
ECO04452 0.000000 0.210530 0.000000
ECO07124 0.000000 0.368420 -0.026320
ECO12029 0.000000 0.210530 0.000000
ECO04217 0.000000 0.394740 -0.026320
ECO06008 0.000000 0.210530 0.000000
ECO07862 0.000000 0.447370 -0.026320
ECO00322 0.000000 0.289470 0.000000
ECO02580 0.105260 0.289480 0.052630
ECO06473 0.000000 0.368420 0.000000
ECO02881 0.000000 0.263160 inf
ECO02128 0.000000 0.236840 0.000000
ECO08011 0.000000 0.447370 -0.026320
ECO09331 0.000000 0.394740 0.000000
ECO02996 0.000000 0.210530 inf
ECO04601 0.000000 0.315790 0.000000
ECO12580 0.131580 0.473680 0.052630
ECO04652 0.000000 0.315790 0.000000
ECO04587 0.000000 0.394740 -0.026320
ECO07910 0.000000 0.368420 0.000000
ECO05038 0.000000 0.342110 -0.026320
ECO07024 0.526320 0.315790 0.000000
ECO03107 0.000000 0.210530 inf
ECO11652 0.000000 0.368420 0.000000
ECO04610 0.000000 0.210530 inf
ECO02206 0.000000 0.210530 0.000000
ECO04933 0.000000 0.289470 -0.026320
ECO12626 0.000000 0.184210 0.000000
ECO00705 0.026320 0.394730 0.000000
ECO00103 0.078950 0.368420 0.000000
ECO05517 0.000000 0.210530 inf
ECO08968 0.000000 0.236840 0.000000
ECO00354 0.052630 0.394740 0.026310
ECO10017 0.000000 0.263160 0.000000
ECO03458 0.000000 0.342110 -0.026320
ECO02337 0.000000 0.315790 0.000000
ECO10476 0.000000 0.236840 inf
ECO05930 0.000000 0.236840 0.000000
ECO06532 0.000000 0.315790 -0.026320
ECO06275 0.000000 0.236840 0.000000
ECO04803 0.000000 0.263160 -0.026320
ECO02949 0.000000 0.289470 0.000000
ECO06526 0.000000 0.421050 -0.026320
ECO12646 0.000000 0.263160 0.000000
ECO04654 0.000000 0.289470 -0.026320
ECO07794 0.078950 0.578940 0.000000
ECO00860 0.000000 0.315790 -0.026320
ECO06957 1.000000 -0.078950 0.000000
ECO07143 0.289470 0.368420 0.157890
ECO11309 0.000000 0.289470 0.000000
ECO05603 0.000000 0.184210 inf
ECO12497 0.000000 0.315790 0.000000
ECO06714 0.000000 0.236840 inf
ECO05365 0.000000 0.368420 0.000000
ECO09920 0.000000 0.394740 -0.026320
ECO06335 0.000000 0.210530 0.000000
ECO02993 0.000000 0.315790 -0.026320
ECO10013 0.000000 0.368420 0.000000
ECO04563 0.000000 0.236840 -0.026320
ECO04772 0.000000 0.210530 0.000000
ECO01064 0.000000 0.210530 inf
ECO12097 0.052630 0.421050 0.000000
ECO09143 0.000000 0.184210 inf
ECO12131 0.000000 0.184210 0.000000
ECO08607 0.000000 0.421050 -0.026320
ECO08675 0.394740 0.342100 0.000000
ECO03731 0.000000 0.236840 inf
ECO11758 0.078950 0.421050 0.000000
ECO10090 0.000000 0.421050 -0.026320
ECO04363 0.000000 0.263160 0.000000
ECO07548 0.000000 0.394740 -0.026320
ECO07779 0.000000 0.210530 0.000000
ECO06958 0.000000 0.342110 -0.026320
ECO05490 0.000000 0.342110 0.000000
ECO02693 0.000000 0.394740 -0.026320
ECO02834 0.000000 0.263160 0.000000
ECO06510 0.000000 0.210530 inf
ECO12492 0.000000 0.368420 0.000000
ECO09020 0.210530 0.421050 0.078950
ECO06042 0.000000 0.210530 0.000000
ECO11663 0.000000 0.289470 -0.026320
ECO04565 0.289470 0.368420 0.000000
ECO11990 0.000000 0.184210 inf
ECO07875 0.105260 0.447370 0.000000
ECO05901 0.052630 0.342110 0.026310
ECO09854 0.078950 0.394730 0.000000
ECO10756 0.052630 0.342110 0.026310
ECO10547 0.000000 0.315790 0.000000
ECO06544 0.000000 0.368420 -0.026320
ECO05399 0.000000 0.236840 0.000000
ECO10288 0.078950 0.394730 0.026320
ECO09956 0.000000 0.315790 0.000000
ECO06978 0.000000 0.236840 inf
ECO10683 0.000000 0.342110 0.000000
ECO02332 0.000000 0.289470 -0.026320
ECO03629 0.000000 0.342110 0.000000
ECO05867 0.000000 0.368420 -0.026320
ECO03229 0.421050 0.342110 0.000000
ECO02298 0.000000 0.368420 -0.026320
ECO03404 0.000000 0.210530 0.000000
ECO12633 0.000000 0.289470 -0.026320
ECO03263 0.657890 0.236850 0.000000
ECO06844 0.000000 0.447370 -0.026320
ECO10120 0.000000 0.263160 0.000000
ECO08044 0.000000 0.315790 -0.026320
ECO00253 0.026320 0.289470 0.000000
ECO02525 0.052630 0.315790 0.026310
ECO08986 0.421050 0.342110 0.000000
ECO01723 0.000000 0.315790 -0.026320
ECO02157 0.000000 0.210530 0.000000
ECO11665 0.000000 0.342110 -0.026320
ECO09086 0.000000 0.236840 0.000000
ECO04674 0.000000 0.210530 inf
ECO02223 0.000000 0.315790 0.000000
ECO06444 0.000000 0.421050 -0.026320
ECO07907 0.000000 0.552630 0.000000
ECO08920 0.000000 0.289470 -0.026320
ECO10881 0.000000 0.342110 0.000000
ECO09486 0.000000 0.342110 -0.026320
ECO01321 0.236840 0.473690 0.000000
ECO11387 0.000000 0.421050 -0.026320
ECO10613 0.000000 0.421050 0.000000
ECO10413 0.000000 0.210530 inf
ECO07707 0.000000 0.368420 0.000000
ECO10320 0.000000 0.236840 inf
ECO11455 0.000000 0.263160 0.000000
ECO11489 0.000000 0.263160 -0.026320
ECO11865 0.263160 0.526310 0.000000
ECO02402 0.131580 0.500000 0.052630
ECO06376 0.131580 0.447370 0.000000
ECO11797 0.105260 0.447370 0.052630
ECO02691 0.157890 0.421060 0.000000
ECO02125 0.131580 0.473680 0.052630
ECO07839 0.000000 0.447370 0.000000
ECO03997 0.000000 0.263160 -0.026320
ECO11690 0.078950 0.315790 0.000000
ECO12567 0.000000 0.263160 -0.026320
ECO04572 0.000000 0.210530 0.000000
ECO05967 0.000000 0.210530 inf
ECO06069 0.000000 0.342110 0.000000
ECO12260 0.000000 0.263160 inf
ECO09183 0.000000 0.315790 0.000000
ECO10069 0.000000 0.184210 inf
ECO08444 0.078950 0.315790 0.000000
ECO06793 0.000000 0.342110 -0.026320
ECO11928 0.000000 0.368420 0.000000
ECO12414 0.394740 0.394730 0.184210
ECO08979 0.000000 0.184210 0.000000
ECO02346 0.000000 0.210530 inf
ECO05704 0.000000 0.263160 0.000000
ECO08562 0.000000 0.289470 inf
ECO05504 0.000000 0.342110 0.000000
ECO08916 0.000000 0.236840 -0.026320
ECO12379 0.000000 0.421050 0.000000
ECO03367 0.000000 0.368420 -0.026320
ECO11942 0.000000 0.236840 0.000000
ECO10537 0.000000 0.315790 -0.026320
ECO03618 0.000000 0.342110 0.000000
ECO05104 0.000000 0.447370 -0.052630
ECO10451 0.000000 0.473680 0.000000
ECO09516 0.000000 0.184210 inf
ECO06439 0.000000 0.157890 0.000000
ECO05321 0.000000 0.342110 -0.026320
ECO06325 0.000000 0.394740 0.000000
ECO00023 0.078950 0.473680 0.026320
ECO05304 0.052630 0.421050 0.000000
ECO10316 0.000000 0.236840 inf
ECO05086 0.000000 0.552630 0.000000
ECO10302 0.000000 0.315790 -0.026320
ECO03649 0.000000 0.342110 0.000000
ECO04635 0.000000 0.236840 inf
ECO00105 0.236840 0.500000 0.000000
ECO01709 0.131580 0.394740 0.052630
ECO03032 0.552630 0.315790 0.000000
ECO02695 0.184210 0.500000 0.078950
ECO02763 0.131580 0.473680 0.000000
ECO00691 0.078950 0.552630 0.026320
ECO05904 0.000000 0.210530 0.000000
ECO02228 0.000000 0.315790 -0.026320
ECO06725 0.000000 0.447370 0.000000
ECO03181 0.000000 0.210530 inf
ECO05035 0.000000 0.184210 0.000000
ECO00942 0.000000 0.315790 -0.026320
ECO06090 0.000000 0.184210 0.000000
ECO07793 0.052630 0.236840 0.026310
ECO05690 0.000000 0.289470 0.000000
ECO02495 0.000000 0.236840 inf
ECO12528 0.000000 0.368420 0.000000
ECO06976 0.105260 0.394740 0.052630
ECO12460 0.026320 0.210520 0.000000
ECO11510 0.000000 0.263160 inf
ECO08630 0.684210 0.210530 0.000000
ECO12111 0.000000 0.263160 inf
ECO04904 0.000000 0.315790 0.000000
ECO11728 0.000000 0.447370 -0.026320
ECO04197 0.000000 0.289470 0.000000
ECO08141 0.000000 0.315790 -0.026320
ECO03095 0.184210 0.394740 0.000000
ECO08686 0.026320 0.368420 0.000000
ECO08107 0.000000 0.263160 0.000000
ECO12558 0.000000 0.184210 inf
ECO02300 0.000000 0.289470 0.000000
ECO05674 0.000000 0.289470 -0.026320
ECO05742 0.000000 0.500000 0.000000
ECO03270 0.000000 0.263160 -0.026320
ECO12665 0.000000 0.289470 0.000000
ECO03695 0.000000 0.263160 -0.026320
ECO00721 0.078950 0.473680 0.000000
ECO05235 0.000000 0.210530 inf
ECO12367 0.368420 0.368420 0.000000
ECO10758 0.078950 0.526310 0.026320
ECO10690 0.000000 0.289470 0.000000
ECO06635 0.000000 0.473680 -0.026320
ECO07146 0.000000 0.342110 0.000000
ECO07648 0.000000 0.236840 inf
ECO11660 0.000000 0.421050 0.000000
ECO06707 0.000000 0.342110 -0.026320
ECO12193 0.000000 0.236840 0.000000
ECO02946 0.000000 0.210530 inf
ECO02814 0.078950 0.421050 0.000000
ECO11189 0.000000 0.315790 -0.026320
ECO02781 0.000000 0.236840 0.000000
ECO09851 0.078950 0.447370 0.026320
ECO09916 0.000000 0.289470 0.000000
ECO12447 0.000000 0.236840 inf
ECO12010 0.000000 0.157890 0.000000
ECO08580 0.000000 0.236840 inf
ECO03099 0.000000 0.236840 0.000000
ECO12596 0.000000 0.315790 -0.026320
ECO06581 0.000000 0.263160 0.000000
ECO02488 0.000000 0.368420 -0.026320
ECO08430 0.000000 0.447370 0.000000
ECO02177 0.552630 0.289480 0.210520
ECO05985 0.000000 0.263160 0.000000
ECO08557 0.105260 0.368420 0.052630
ECO12542 0.000000 0.342110 0.000000
ECO11749 0.000000 0.315790 -0.026320
ECO08900 0.000000 0.315790 0.000000
ECO06385 0.000000 0.500000 -0.026320
ECO09436 0.131580 0.315790 0.000000
ECO10563 0.000000 0.184210 inf
ECO02884 0.000000 0.315790 0.000000
ECO05783 0.000000 0.342110 -0.026320
ECO06928 0.000000 0.210530 0.000000
ECO11612 0.000000 0.263160 -0.026320
ECO12440 0.000000 0.447370 0.000000
ECO11783 0.000000 0.394740 -0.026320
ECO06664 0.000000 0.210530 0.000000
ECO07964 0.000000 0.315790 -0.026320
ECO04947 0.000000 0.315790 0.000000
ECO12476 0.000000 0.236840 inf
ECO12340 0.052630 0.236840 0.000000
ECO10406 0.000000 0.289470 -0.026320
ECO05519 0.000000 0.315790 0.000000
ECO04892 0.000000 0.184210 inf
ECO04549 0.000000 0.263160 0.000000
ECO09470 0.000000 0.184210 inf
ECO09370 0.000000 0.289470 0.000000
ECO02918 0.000000 0.210530 inf
ECO09836 0.000000 0.289470 0.000000
ECO10306 0.000000 0.289470 inf
ECO01339 0.078950 0.394730 0.000000
ECO03354 0.000000 0.315790 -0.026320
ECO03284 0.000000 0.210530 0.000000
ECO03177 0.421050 0.368420 0.210520
ECO11202 0.000000 0.236840 0.000000
ECO02484 0.736840 0.184210 0.263160
ECO02293 0.000000 0.500000 0.000000
ECO08309 0.000000 0.368420 -0.026320
ECO08343 0.105260 0.473690 0.000000
ECO08348 0.000000 0.394740 -0.026320
ECO06246 0.000000 0.315790 0.000000
ECO00855 0.000000 0.394740 -0.026320
ECO03527 0.000000 0.210530 0.000000
ECO09386 0.078950 0.368420 0.026320
ECO04272 0.000000 0.315790 0.000000
ECO01464 0.052630 0.236840 0.026310
ECO04531 0.000000 0.263160 0.000000
ECO02659 0.000000 0.236840 inf
ECO04429 0.000000 0.421050 0.000000
ECO07739 0.184210 0.552630 0.052630
ECO12599 0.000000 0.342110 0.000000
ECO04808 0.000000 0.394740 -0.026320
ECO06437 0.000000 0.263160 0.000000
ECO09245 0.000000 0.263160 inf
ECO11922 0.000000 0.578950 0.000000
ECO05642 0.000000 0.394740 -0.026320
ECO09577 0.000000 0.236840 0.000000
ECO09211 0.000000 0.236840 inf
ECO09922 0.000000 0.315790 0.000000
ECO07039 0.000000 0.236840 inf
ECO00321 0.157890 0.473690 0.000000
ECO05937 0.000000 0.210530 inf
ECO11052 0.000000 0.184210 0.000000
ECO04474 0.000000 0.289470 -0.026320
ECO01232 0.000000 0.289470 0.000000
ECO02602 0.000000 0.236840 inf
ECO04942 0.000000 0.184210 0.000000
ECO10379 0.000000 0.289470 -0.026320
ECO02198 0.000000 0.447370 0.000000
ECO06737 0.000000 0.236840 inf
ECO06505 0.000000 0.315790 0.000000
