rf0002 -3.250000 0.191360 0.000000
rf0003 -2.984570 0.160500 0.154320
rf0010 -3.188270 0.191360 0.000000
rf0011 -3.250000 0.166670 -0.018520
rf0013 -3.052470 0.061730 0.000000
rf0015 -3.250000 0.413580 -0.061730
rf0016 -3.250000 0.135800 0.000000
rf0022 -3.250000 0.074070 -0.006170
rf0024 -3.250000 0.154320 0.000000
rf0029 -3.250000 0.228400 -0.030860
rf0030 -3.250000 0.216050 0.000000
rf0031 -3.083330 0.197530 0.092600
rf0040 -3.058640 0.185180 0.000000
rf0048 -3.243830 0.222230 -0.018520
rf0053 -3.175930 0.197530 0.000000
rf0060 -3.250000 0.166670 -0.018520
rf0062 -3.250000 0.123460 0.000000
rf0064 -3.138890 0.197530 0.049380
rf0065 -3.250000 0.166670 0.000000
rf0072 -2.762350 0.259260 0.092590
rf0073 -3.009260 0.216050 0.000000
rf0092 -3.083330 0.265430 0.086420
rf0125 -3.250000 0.302470 0.000000
rf0127 -3.219140 0.074080 0.018510
rf0129 -3.250000 0.160490 0.000000
rf0132 -3.250000 0.098770 -0.006170
rf0134 -3.151230 0.209870 0.000000
rf0138 -3.250000 0.055560 inf
rf0164 -3.231480 0.345680 0.000000
rf0166 -3.250000 0.074070 -0.006170
rf0169 -3.250000 0.216050 0.000000
rf0176 -2.947530 0.141970 0.191360
rf0180 -3.250000 0.240740 0.000000
rf0190 -3.250000 0.111110 -0.012350
rf0201 -3.157410 0.314820 0.000000
rf0204 -3.108020 0.234560 0.061730
rf0205 -3.083330 0.259260 0.000000
rf0223 -3.250000 0.246910 -0.030860
rf0234 -3.250000 0.277780 0.000000
rf0237 -3.151230 0.234560 0.043210
rf0241 -2.577160 0.302470 0.000000
rf0248 -3.237650 0.141970 -0.006170
rf0249 -3.212960 0.333330 0.000000
rf0250 -2.873460 0.228400 0.104940
rf0251 -3.250000 0.191360 0.000000
rf0258 -3.250000 0.228400 -0.024690
rf0263 -3.250000 0.302470 0.000000
rf0267 -3.250000 0.197530 -0.024690
rf0271 -3.250000 0.240740 0.000000
rf0283 -3.250000 0.314810 -0.043210
rf0284 -3.138890 0.228400 0.000000
rf0287 -3.250000 0.185190 -0.018520
rf0292 -3.200620 0.253090 0.000000
rf0295 -3.250000 0.154320 -0.012350
rf0298 -3.250000 0.160490 0.000000
rf0306 -3.250000 0.197530 -0.018520
rf0309 -3.250000 0.086420 0.000000
rf0315 -3.250000 0.111110 -0.006170
rf0319 -3.250000 0.172840 0.000000
rf0324 -3.231480 0.049380 0.012350
rf0338 -3.108020 0.209870 0.000000
rf0339 -2.941360 0.148150 0.179010
rf0343 -3.250000 0.197530 0.000000
rf0348 -3.182100 0.364200 0.000000
rf0351 -3.250000 0.222220 0.000000
rf0354 -2.947530 0.135800 0.197530
rf0358 -2.984570 0.203710 0.000000
rf0363 -2.910490 0.197530 0.104940
rf0364 -3.250000 0.339510 0.000000
rf0366 -3.225310 0.185190 0.000000
rf0372 -3.058640 0.061730 0.000000
rf0375 -3.250000 0.141980 -0.012350
rf0377 -3.250000 0.024690 0.000000
rf0383 -3.250000 0.388890 -0.061730
rf0385 -3.250000 0.172840 0.000000
rf0386 -3.151230 0.203700 0.049390
rf0388 -3.151230 0.339500 0.000000
rf0396 -3.250000 0.228400 -0.024690
rf0397 -3.250000 0.148150 0.000000
rf0399 -3.250000 0.111110 -0.006170
rf0400 -2.663580 0.111110 0.000000
rf0403 -3.250000 0.376540 -0.055560
rf0415 -3.250000 0.179010 0.000000
rf0419 -2.916670 0.222230 0.098760
rf0428 -3.194440 0.283950 0.000000
rf0439 -3.114200 0.246920 0.055550
rf0444 -3.250000 0.240740 0.000000
rf0474 -3.070990 0.191360 0.074070
rf0477 -3.212960 0.166660 0.000000
rf0488 -3.250000 0.271600 -0.037040
rf0496 -3.089510 0.234570 0.000000
rf0499 -3.250000 0.185190 -0.018520
rf0500 -3.027780 0.160500 0.000000
rf0503 -3.250000 0.111110 -0.012350
rf0513 -3.250000 0.277780 0.000000
rf0630 -3.027780 0.240740 0.067900
rf0795 -3.250000 0.382720 0.000000
rs0001 -3.126540 0.265430 0.049390
rs0003 -3.250000 0.327160 0.000000
rs0010 -3.250000 0.148150 -0.012350
rs0012 -3.250000 0.370370 0.000000
rs0013 -3.250000 0.234570 -0.024690
rs0022 -3.231480 0.148150 0.000000
rs0029 -3.250000 0.148150 -0.018520
rs0030 -3.250000 0.283950 0.000000
rs0046 -3.250000 0.314810 -0.043210
rs0051 -3.250000 0.203700 0.000000
rs0052 -3.250000 0.302470 -0.049380
rs0053 -3.250000 0.092590 0.000000
rs0054 -3.250000 0.216050 -0.024690
rs0062 -3.206790 0.191360 0.000000
rs0087 -2.805560 0.104940 0.296290
rs0088 -3.243830 0.265430 0.000000
rs0089 -3.250000 0.259260 -0.030860
rs0090 -3.138890 0.166670 0.000000
rs0092 -3.250000 0.253090 -0.030860
rs0093 -3.138890 0.271610 0.000000
rs0094 -3.250000 0.216050 -0.024690
rs0095 -3.132720 0.185190 0.000000
rs0096 -3.163580 0.240740 0.030860
rs0097 -3.095680 0.209880 0.000000
rs0098 -3.250000 0.209880 -0.018520
rs0104 -3.009260 0.148150 0.000000
rs0107 -3.250000 0.154320 -0.012350
rs0109 -3.219140 0.209880 0.000000
rs0113 -3.151230 0.253080 0.043210
rs0122 -3.188270 0.283950 0.000000
rs0124 -3.237650 0.172840 -0.012340
rs0127 -3.250000 0.320990 0.000000
rs0133 -3.250000 0.246910 -0.030860
rs0134 -3.250000 0.246910 0.000000
rs0136 -3.250000 0.104940 -0.006170
rs0138 -3.206790 0.234570 0.000000
rs0140 -2.904320 0.185180 0.098770
rs0141 -3.250000 0.148150 0.000000
rs0143 -3.182100 0.271610 0.012340
rs0145 -2.824070 0.104930 0.000000
rs0146 -3.132720 0.290130 0.043210
rs0147 -3.250000 0.148150 0.000000
rs0150 -3.250000 0.148150 -0.012350
rs0156 -3.250000 0.370370 0.000000
rs0159 -3.250000 0.209880 -0.024690
rs0163 -3.250000 0.246910 0.000000
rs0167 -3.200620 0.234570 0.012340
rs0168 -3.083330 0.234560 0.000000
rs0172 -3.250000 0.141980 -0.012350
rs0175 -3.250000 0.234570 0.000000
rs0181 -3.145060 0.067900 0.055560
rs0183 -3.250000 0.277780 0.000000
rs0196 -3.250000 0.148150 -0.012350
rs0201 -2.929010 0.166660 0.000000
rs0203 -3.108020 0.228390 0.074080
rs0206 -3.188270 0.277780 0.000000
rs0218 -3.250000 0.191360 -0.018520
rs0221 -3.250000 0.253090 0.000000
rs0225 -3.250000 0.283950 -0.043210
rs0226 -3.206790 0.271600 0.000000
rs0231 -3.250000 0.234570 -0.030860
rs0237 -3.250000 0.234570 0.000000
rs0240 -2.768520 0.148150 0.265430
rs0242 -3.250000 0.172840 0.000000
rs0243 -2.929010 0.123450 0.185190
rs0244 -3.250000 0.117280 0.000000
rs0247 -3.027780 0.228400 0.067900
rs0256 -3.200620 0.302470 0.000000
rs0259 -3.250000 0.185190 -0.024690
rs0261 -3.250000 0.148150 0.000000
rs0262 -3.188270 0.185180 0.024690
rs0264 -3.095680 0.166670 0.000000
rs0266 -3.250000 0.111110 -0.012350
rs0267 -3.250000 0.246910 0.000000
rs0268 -3.250000 0.246910 -0.030860
rs0273 -3.250000 0.166670 0.000000
rs0275 -3.250000 0.203700 -0.024690
rs0276 -3.250000 0.259260 0.000000
rs0282 -3.250000 0.222220 -0.030860
rs0306 -3.157410 0.209880 0.000000
rs0315 -3.250000 0.148150 -0.012350
rs0316 -3.250000 0.253090 0.000000
rs0318 -2.885800 0.246910 0.092600
rs0320 -3.250000 0.253090 0.000000
rs0323 -3.250000 0.129630 -0.012350
rs0334 -3.250000 0.197530 0.000000
rs0337 -3.250000 0.234570 -0.030860
rs0339 -3.040120 0.209870 0.000000
rs0341 -3.250000 0.222220 -0.024690
rs0344 -3.163580 0.259260 0.000000
rs0345 -3.200620 0.216050 0.012340
rs0349 -3.070990 0.216050 0.000000
rs0350 -2.774690 0.098760 0.314820
rs0351 -3.250000 0.203700 0.000000
rs0354 -3.089510 0.296300 0.061720
rs0358 -3.250000 0.197530 0.000000
rs0373 -3.250000 0.364200 -0.061730
rs0386 -3.108020 0.370370 0.000000
rs0391 -3.250000 0.179010 -0.018520
rs0392 -2.805560 0.265440 0.000000
rs0393 -3.250000 0.129630 -0.012350
rs0406 -3.250000 0.080250 0.000000
rs0416 -3.206790 0.197530 0.012350
rs0419 -2.953700 0.135800 0.000000
rs0421 -3.151230 0.191350 0.049390
rs0424 -3.145060 0.253080 0.000000
rs0425 -3.250000 0.179010 -0.018520
rs0429 -3.237650 0.197530 0.000000
rs0430 -3.250000 0.185190 -0.018520
rs0432 -2.262350 0.290130 0.000000
rs0437 -2.966050 0.290120 0.104940
rs0440 -3.250000 0.086420 0.000000
rs0444 -3.250000 0.203700 -0.024690
rs0452 -3.027780 0.141980 0.000000
rs0460 -3.219140 0.234570 -0.006180
rs0463 -2.311730 0.080250 0.000000
rs0468 -3.250000 0.376540 -0.067900
rs0472 -3.157410 0.148150 0.000000
rs0473 -3.108020 0.265430 0.055560
rs0477 -2.750000 0.345680 0.000000
rs0485 -3.194440 0.172840 0.018520
rs0493 -3.243830 0.351850 0.000000
rs0495 -3.250000 0.185190 -0.018520
rs0503 -3.250000 0.135800 0.000000
rs0505 -2.929010 0.160490 0.234570
rs0508 -3.250000 0.197530 0.000000
rs0516 -3.169750 0.308640 0.018520
rs0517 -2.972220 0.191360 0.000000
rs0519 -3.250000 0.351850 -0.049380
rs0520 -3.250000 0.154320 0.000000
rs0528 -3.250000 0.382720 -0.055560
rs0532 -3.250000 0.296300 0.000000
rs0536 -3.188270 0.253080 0.012350
rs0538 -3.250000 0.172840 0.000000
rs0541 -2.830250 0.135810 0.203700
rs0549 -3.250000 0.179010 0.000000
rs0554 -3.212960 0.358020 -0.024690
rs0555 -3.250000 0.203700 0.000000
rs0556 -2.509260 0.339510 0.117280
rs0560 -3.250000 0.172840 0.000000
rs0571 -3.200620 0.209880 0.012340
rs0573 -3.225310 0.191360 0.000000
rs0574 -2.793210 0.129630 0.209880
rs0582 -3.250000 0.191360 0.000000
rs0586 -3.169750 0.216050 0.030870
rs0591 -3.250000 0.333330 0.000000
rs0612 -3.250000 0.043210 inf
rs0650 -3.108020 0.123450 0.000000
rs0656 -3.250000 0.148150 -0.012350
rs0660 -3.157410 0.320990 0.000000
rs0672 -3.206790 0.203700 0.006170
rs0679 -3.027780 0.154320 0.000000
rs0724 -3.250000 0.290120 -0.037040
rs0731 -3.250000 0.314810 0.000000
rs0741 -3.250000 0.345680 -0.049380
rs0745 -3.250000 0.179010 0.000000
rs0751 -3.095680 0.283950 0.074070
rs0763 -3.250000 0.216050 0.000000
rs0768 -3.250000 0.179010 -0.018520
rs0775 -3.250000 0.148150 0.000000
rs0779 -3.250000 0.320990 -0.043210
rs0781 -3.225310 0.234570 0.000000
rs0788 -3.250000 0.265430 -0.030860
rs0797 -3.120370 0.179010 0.000000
rs0798 -3.250000 0.117280 -0.012350
rs0804 -2.891980 0.222230 0.000000
rs0805 -2.848770 0.216050 0.092590
rs0806 -3.250000 0.203700 0.000000
rs0808 -3.250000 0.030860 inf
rs0809 -3.027780 0.203710 0.000000
rs0812 -2.836420 0.141980 0.203700
rs0815 -3.250000 0.179010 0.000000
rs0823 -3.089510 0.216050 0.086420
rs0833 -2.774690 0.111110 0.000000
rs0839 -3.250000 0.358020 -0.055560
rs0842 -3.151230 0.166660 0.000000
rs0847 -3.046300 0.160500 0.129630
rs0868 -3.250000 0.172840 0.000000
rs0869 -3.157410 0.290130 0.024690
rs0871 -3.250000 0.506170 0.000000
rs0896 -3.225310 0.129630 0.006170
rs0906 -3.169750 0.191350 0.000000
rs0909 -3.250000 0.172840 -0.012350
rs0916 -3.250000 0.209880 0.000000
rs0932 -3.231480 0.203700 -0.012340
rs0933 -3.250000 0.185190 0.000000
rs0944 -3.250000 0.197530 -0.024690
rs0950 -3.163580 0.419750 0.000000
rs0957 -2.984570 0.234570 0.092590
rs0958 -3.206790 0.253090 0.000000
rs0959 -3.250000 0.222220 -0.024690
rs0960 -3.243830 0.222230 0.000000
rs0967 -3.250000 0.179010 -0.018520
rs0970 -3.250000 0.246910 0.000000
rs0974 -3.250000 0.283950 -0.037040
rs0978 -3.243830 0.135810 0.000000
rs0981 -3.212960 0.179010 0.006180
rs0983 -3.114200 0.246920 0.000000
rs0984 -3.250000 0.234570 -0.030860
rs0985 -3.243830 0.333340 0.000000
rs0991 -3.250000 0.265430 -0.030860
rs0995 -3.250000 0.191360 0.000000
rs0997 -3.250000 0.141980 -0.012350
rs1004 -3.250000 0.228400 0.000000
rs1014 -2.953700 0.222220 0.092600
rs1016 -3.114200 0.277780 0.000000
rs1021 -3.250000 0.141980 -0.012350
rs1023 -3.200620 0.148150 0.000000
rs1025 -3.250000 0.086420 -0.006170
rs1029 -3.250000 0.148150 0.000000
rs1030 -3.250000 0.141980 -0.012350
rs1035 -3.033950 0.265430 0.000000
rs1036 -3.219140 0.117290 0.012340
rs1038 -3.250000 0.086420 0.000000
rs1046 -3.250000 0.216050 -0.018520
rs1047 -3.250000 0.135800 0.000000
rs1050 -3.250000 0.172840 -0.018520
rs1052 -3.250000 0.228400 0.000000
rs1055 -3.250000 0.185190 -0.018520
rs1060 -2.854940 0.216050 0.000000
rs1062 -3.064810 0.197530 0.104940
rs1072 -3.250000 0.160490 0.000000
rs1074 -3.206790 0.246910 0.000000
rs1075 -3.132720 0.197530 0.000000
rs1081 -3.250000 0.179010 -0.018520
rs1082 -3.151230 0.179010 0.000000
rs1084 -3.250000 0.154320 -0.012350
rs1091 -2.824070 0.111110 0.000000
rs1098 -3.250000 0.209880 -0.024690
rs1100 -3.064810 0.154320 0.000000
rs1102 -3.077160 0.283950 0.086420
rs1103 -2.787040 0.351850 0.000000
rs1105 -3.250000 0.154320 -0.012350
rs1106 -3.250000 0.092590 0.000000
rs1109 -3.126540 0.271600 0.055560
rs1110 -3.250000 0.203700 0.000000
rs1111 -3.237650 0.043210 0.006180
rs1112 -3.175930 0.117290 0.000000
rs1116 -3.250000 0.067900 -0.006170
rs1117 -3.250000 0.197530 0.000000
rs1118 -3.250000 0.197530 -0.024690
rs1121 -3.151230 0.290120 0.000000
rs1126 -3.243830 0.222230 -0.024690
rs1129 -3.250000 0.154320 0.000000
rs1131 -3.200620 0.339510 -0.012350
rs1137 -3.250000 0.259260 0.000000
rs1143 -3.250000 0.148150 -0.012350
rs1150 -3.250000 0.117280 0.000000
rs1152 -3.250000 0.172840 -0.018520
rs1154 -3.250000 0.253090 0.000000
rs1159 -3.250000 0.203700 -0.024690
rs1163 -3.200620 0.487660 0.000000
rs1168 -3.250000 0.172840 -0.018520
rs1169 -3.250000 0.166670 0.000000
rs1178 -3.250000 0.216050 -0.024690
rs1179 -3.250000 0.327160 0.000000
rs1182 -3.250000 0.185190 -0.018520
rs1185 -2.996910 0.141970 0.000000
rs1188 -3.101850 0.209870 0.061730
rs1191 -3.250000 0.271600 0.000000
rs1195 -3.250000 0.191360 -0.018520
rs1197 -3.250000 0.123460 0.000000
rs1198 -3.212960 0.432100 -0.030860
rs1200 -3.212960 0.197530 0.000000
rs1209 -3.206790 0.407410 -0.030860
rs1212 -3.250000 0.141980 0.000000
rs1214 -3.114200 0.037040 0.030860
rs1220 -3.145060 0.209870 0.000000
rs1248 -3.250000 0.240740 -0.030860
rs1258 -3.250000 0.240740 0.000000
rs1259 -2.990740 0.271600 0.098770
rs1264 -3.169750 0.209870 0.000000
rs1266 -2.719140 0.086420 0.395060
rs1267 -2.941360 0.172840 0.000000
rs1270 -3.182100 0.425930 -0.012350
rs1276 -3.212960 0.203700 0.000000
rs1284 -3.015430 0.222220 0.074080
rs1290 -3.083330 0.265430 0.000000
rs1291 -3.250000 0.222220 -0.024690
rs1293 -3.250000 0.216050 0.000000
rs1296 -3.033950 0.209880 0.067900
rs1297 -3.163580 0.253090 0.000000
rs1337 -3.250000 0.197530 -0.018520
rs1359 -3.157410 0.216050 0.000000
rs1437 -3.163580 0.240740 0.030860
ECO05144 -3.250000 0.166670 0.000000
ECO11517 -3.206790 0.141980 0.018520
ECO09709 -3.250000 0.234570 0.000000
ECO03774 -3.225310 0.098770 0.006170
ECO11195 -3.250000 0.141980 0.000000
ECO11986 -3.250000 0.240740 -0.030860
ECO10428 -2.873460 0.111110 0.000000
ECO05163 -3.250000 0.191360 -0.018520
ECO05563 -3.250000 0.098770 0.000000
ECO04997 -3.250000 0.129630 -0.012350
ECO07859 -3.231480 0.296290 0.000000
ECO10692 -3.250000 0.166670 -0.018520
ECO10007 -3.126540 0.197530 0.000000
ECO09960 -3.015430 0.253080 0.074080
ECO10258 -3.058640 0.172840 0.000000
ECO07785 -3.250000 0.191360 -0.018520
ECO04192 -2.873460 0.148150 0.000000
ECO05764 -3.250000 0.197530 -0.018520
ECO07019 -2.546300 0.259260 0.000000
ECO06341 -3.250000 0.216050 -0.024690
ECO09664 -3.250000 0.148150 0.000000
ECO06592 -3.083330 0.172840 0.104940
ECO09450 -3.250000 0.154320 0.000000
ECO03934 -3.250000 0.265430 -0.030860
ECO09368 -3.250000 0.271600 0.000000
ECO08866 -3.250000 0.179010 -0.018520
ECO09168 -3.237650 0.197530 0.000000
ECO11141 -3.163580 0.240740 0.030860
ECO06996 -3.157410 0.216050 0.000000
ECO05115 -2.879630 0.259260 0.098770
ECO04817 -3.250000 0.123460 0.000000
ECO09561 -2.867280 0.111110 0.253090
ECO12308 -3.250000 0.160490 0.000000
ECO06894 -3.095680 0.234570 0.061730
ECO09738 -3.175930 0.395070 0.000000
ECO10431 -3.250000 0.203700 -0.024690
ECO02845 -2.756170 0.111110 0.000000
ECO09068 -3.212960 0.358020 -0.024690
ECO06094 -3.077160 0.265430 0.000000
ECO11300 -3.070990 0.179010 0.067900
ECO09275 -2.854940 0.265430 0.000000
ECO09858 -3.250000 0.209880 -0.024690
ECO01034 -3.250000 0.283950 0.000000
ECO04927 -3.120370 0.234570 0.055560
ECO10862 -3.095680 0.191360 0.000000
ECO06033 -3.250000 0.141980 -0.012350
ECO07199 -3.250000 0.074070 0.000000
ECO08990 -3.250000 0.148150 -0.018520
ECO08305 -3.064810 0.253080 0.000000
ECO09940 -3.108020 0.290120 0.055560
ECO10010 -3.095680 0.271610 0.000000
ECO03222 -3.250000 0.351850 -0.049380
ECO10361 -3.250000 0.092590 0.000000
ECO08589 -3.052470 0.185190 0.067900
ECO07887 -2.966050 0.166670 0.000000
ECO10761 -2.916670 0.246920 0.092590
ECO05715 -3.250000 0.240740 0.000000
ECO01402 -3.157410 0.185190 0.043210
ECO09890 -3.009260 0.185190 0.000000
ECO09558 -2.756170 0.117280 0.228400
ECO11468 -3.250000 0.222220 0.000000
ECO10009 -3.250000 0.179010 -0.018520
ECO01470 -2.712960 0.320980 0.000000
ECO11617 -3.250000 0.222220 -0.024690
ECO05865 -3.250000 0.290120 0.000000
ECO03691 -3.108020 0.067900 0.055560
ECO05597 -3.120370 0.154320 0.000000
ECO11818 -3.250000 0.141980 -0.012350
ECO01019 -3.145060 0.234570 0.000000
ECO05916 -3.083330 0.407400 0.055560
ECO10609 -3.250000 0.179010 0.000000
ECO06014 -3.058640 0.283950 0.067900
ECO08690 -3.250000 0.098770 0.000000
ECO06865 -3.250000 0.111110 -0.006170
ECO03274 -3.126540 0.222220 0.000000
ECO11315 -3.250000 0.314810 -0.043210
ECO05648 -3.138890 0.209880 0.000000
ECO09792 -3.108020 0.104930 0.086420
ECO06163 -3.250000 0.172840 0.000000
ECO02121 -3.250000 0.222220 -0.024690
ECO09907 -3.250000 0.185190 0.000000
ECO10228 -3.250000 0.240740 -0.030860
ECO11654 -3.250000 0.246910 0.000000
ECO10307 -3.058640 0.271600 0.067900
ECO05057 -3.250000 0.185190 0.000000
ECO08933 -3.250000 0.191360 -0.018520
ECO03983 -3.250000 0.166670 0.000000
ECO06292 -3.250000 0.148150 -0.018520
ECO09149 -2.910490 0.129630 0.000000
ECO11827 -3.250000 0.197530 -0.018520
ECO06491 -3.114200 0.154320 0.000000
ECO04334 -3.083330 0.277770 0.086420
ECO09299 -3.250000 0.222220 0.000000
ECO06305 -3.250000 0.135800 -0.012350
ECO12012 -3.003090 0.141980 0.000000
ECO04519 -3.064810 0.160490 0.123460
ECO06791 -3.250000 0.209880 0.000000
ECO04734 -3.250000 0.074070 -0.006170
ECO12363 -3.250000 0.123460 0.000000
ECO00339 -3.250000 0.308640 -0.037040
ECO06642 -3.250000 0.290120 0.000000
ECO05319 -3.250000 0.197530 -0.024690
ECO04284 -3.250000 0.296300 0.000000
ECO09800 -3.027780 0.320990 0.086420
ECO05670 -3.250000 0.172840 0.000000
ECO08378 -3.250000 0.259260 -0.030860
ECO04820 -3.250000 0.240740 0.000000
ECO06556 -2.799380 0.129630 0.222220
ECO11677 -3.250000 0.185190 0.000000
ECO11712 -3.250000 0.179010 -0.018520
ECO04969 -3.250000 0.197530 0.000000
ECO04033 -2.793210 0.141980 0.253090
ECO05806 -2.966050 0.216050 0.000000
ECO05991 -3.250000 0.179010 -0.018520
ECO05455 -3.250000 0.185190 0.000000
ECO08428 -3.250000 0.098770 -0.006170
ECO11326 -3.120370 0.296300 0.000000
ECO06516 -2.830250 0.098770 0.253080
ECO11031 -3.250000 0.283950 0.000000
ECO04325 -3.250000 0.154320 -0.018520
ECO04342 -3.145060 0.259260 0.000000
ECO02321 -3.188270 0.228390 0.018520
ECO10392 -3.250000 0.265430 0.000000
ECO01244 -2.756170 0.277770 0.092600
ECO07809 -3.250000 0.246910 0.000000
ECO12169 -3.212960 0.209870 0.000000
ECO10041 -3.250000 0.172840 0.000000
ECO08088 -2.675930 0.092600 0.370370
ECO12203 -3.169750 0.172840 0.000000
ECO01136 -3.225310 0.209880 -0.006170
ECO02323 -3.120370 0.037040 0.000000
ECO10394 -3.250000 0.333330 -0.049380
ECO04778 -3.250000 0.179010 0.000000
ECO06216 -3.243830 0.333340 -0.043210
ECO04344 -3.250000 0.074070 0.000000
ECO08854 -3.052470 0.160490 0.129630
ECO07803 -3.250000 0.179010 0.000000
ECO10326 -3.250000 0.259260 -0.030860
ECO09641 -3.250000 0.141980 0.000000
ECO04995 -3.138890 0.314820 0.043210
ECO05680 -3.250000 0.135800 0.000000
ECO09824 -3.250000 0.061730 inf
ECO08135 -3.250000 0.228400 0.000000
ECO03706 -3.250000 0.018520 inf
ECO05578 -3.250000 0.123460 0.000000
ECO06700 -2.929010 0.129630 0.222220
ECO03790 -3.225310 0.246910 0.000000
ECO09121 -3.188270 0.191360 0.024690
ECO06247 -3.250000 0.314810 0.000000
ECO03926 -3.058640 0.160490 0.123460
ECO06849 -3.250000 0.185190 0.000000
ECO10629 -3.070990 0.172840 0.111110
ECO03526 -3.052470 0.209880 0.000000
ECO03656 -3.250000 0.259260 -0.030860
ECO07685 -3.250000 0.203700 0.000000
ECO11968 -3.175930 0.358030 0.000000
ECO06449 -3.250000 0.117280 0.000000
ECO12370 -3.250000 0.141980 -0.012350
ECO00833 -3.175930 0.240740 0.000000
ECO03139 -3.250000 0.240740 -0.030860
ECO05698 -2.898150 0.135800 0.000000
ECO00869 -2.663580 0.259260 0.111110
ECO10093 -3.188270 0.203700 0.000000
ECO10091 -2.904320 0.123460 0.259260
ECO10527 -3.015430 0.240740 0.000000
ECO10493 -3.250000 0.302470 -0.043210
ECO09706 -3.250000 0.179010 0.000000
ECO03539 -2.787040 0.135810 0.314810
ECO12355 -3.231480 0.216050 0.000000
ECO10378 -2.966050 0.271610 0.086420
ECO09591 -3.250000 0.179010 0.000000
ECO03390 -3.250000 0.160490 -0.018520
ECO07670 -3.250000 0.222220 0.000000
ECO04762 -3.250000 0.197530 -0.018520
ECO04477 -3.250000 0.030860 0.000000
ECO09406 -3.182100 0.308640 0.012340
ECO00448 -3.003090 0.432100 0.000000
ECO06634 -3.250000 0.253090 -0.030860
ECO05798 -3.250000 0.197530 0.000000
ECO03241 -3.250000 0.135800 -0.012350
ECO07183 -3.250000 0.234570 0.000000
ECO10127 -3.250000 0.117280 -0.012350
ECO06883 -3.250000 0.154320 0.000000
ECO10642 -3.250000 0.339510 -0.049380
ECO05411 -3.077160 0.314810 0.000000
ECO05228 -3.250000 0.166670 -0.018520
ECO07955 -3.250000 0.166670 0.000000
ECO02990 -3.250000 0.191360 -0.018520
ECO03141 -3.250000 0.129630 0.000000
ECO08989 -3.250000 0.185190 -0.018520
ECO06415 -3.250000 0.154320 0.000000
ECO08789 -3.250000 0.129630 -0.012350
ECO08938 -3.250000 0.271600 0.000000
ECO05545 -3.250000 0.179010 -0.018520
ECO03422 -3.250000 0.049380 0.000000
ECO02924 -2.830250 0.129630 0.209870
ECO05096 -3.250000 0.166670 0.000000
ECO04494 -3.250000 0.265430 -0.037040
ECO12338 -3.095680 0.364200 0.000000
ECO12387 -3.250000 0.166670 -0.018520
ECO06096 -3.250000 0.296300 0.000000
ECO12287 -3.188270 0.191360 0.024690
ECO09389 -3.250000 0.185190 0.000000
ECO06617 -3.046300 0.154320 0.135800
ECO09810 -3.250000 0.172840 0.000000
ECO10962 -3.250000 0.148150 -0.012350
ECO08887 -3.095680 0.179010 0.000000
ECO09959 -2.750000 0.203700 0.253090
ECO06015 -3.138890 0.191360 0.000000
ECO03224 -3.250000 0.104940 -0.006170
ECO04743 -2.929010 0.166660 0.000000
ECO10610 -3.250000 0.253090 -0.030860
ECO09240 -2.503090 0.104940 0.000000
ECO11316 -3.250000 0.111110 -0.006170
ECO05394 -3.250000 0.308640 0.000000
ECO02573 -3.009260 0.160490 0.160490
ECO04425 -3.243830 0.358030 0.000000
ECO08386 -2.731480 0.104940 0.240740
ECO08922 -3.095680 0.203700 0.000000
ECO09105 -3.182100 0.401240 -0.012350
ECO01855 -3.175930 0.222230 0.000000
ECO03740 -3.250000 0.351850 -0.049380
ECO02506 -3.250000 0.172840 0.000000
ECO10360 -3.250000 0.185190 -0.018520
ECO06501 -3.250000 0.172840 0.000000
ECO00200 -3.070990 0.240740 0.061730
ECO03998 -2.836420 0.104940 0.000000
ECO11597 -3.250000 0.098770 -0.006170
ECO10021 -3.250000 0.438270 0.000000
ECO03898 -3.250000 0.197530 -0.024690
ECO08928 -3.250000 0.129630 0.000000
ECO04505 -3.250000 0.160490 -0.018520
ECO01404 -3.219140 0.197540 0.000000
ECO09378 -3.250000 0.154320 -0.012350
ECO09242 -3.101850 0.179010 0.000000
ECO01247 -2.861110 0.228390 0.092590
ECO09585 -3.250000 0.160490 0.000000
ECO05984 -3.250000 0.228400 -0.024690
ECO10951 -3.027780 0.222220 0.000000
ECO05391 -3.064810 0.222220 0.067910
ECO05341 -3.101850 0.253080 0.000000
ECO09428 -3.250000 0.197530 -0.024690
ECO07763 -2.817900 0.104940 0.000000
ECO05741 -3.212960 0.240740 -0.006170
ECO06570 -3.250000 0.203700 0.000000
ECO10557 -2.910490 0.111110 0.203710
ECO09778 -2.675930 0.234570 0.000000
ECO06034 -3.250000 0.141980 -0.012350
ECO05477 -3.250000 0.246910 0.000000
ECO03605 -3.250000 0.135800 -0.012350
ECO06756 -3.225310 0.308640 0.000000
ECO11998 -3.250000 0.111110 -0.006170
ECO04611 -3.250000 0.179010 0.000000
ECO11064 -3.206790 0.111110 0.018520
ECO11685 -3.250000 0.209880 0.000000
ECO00867 -3.231480 0.222220 -0.012340
ECO05847 -3.250000 0.222220 0.000000
ECO09306 -3.250000 0.166670 -0.018520
ECO05547 -3.169750 0.333330 0.000000
ECO12185 -3.250000 0.246910 -0.037040
ECO04911 -3.250000 0.197530 0.000000
ECO02639 -3.250000 0.185190 -0.024690
ECO12619 -3.250000 0.203700 0.000000
ECO00984 -3.095680 0.234570 0.061730
ECO09643 -3.157410 0.228400 0.000000
ECO11954 -3.250000 0.209880 -0.018520
ECO09524 -3.169750 0.179010 0.000000
ECO09175 -3.250000 0.234570 -0.030860
ECO12422 -2.984570 0.500000 0.000000
ECO04461 -3.126540 0.265430 0.055560
ECO05061 -3.219140 0.179020 0.000000
ECO06649 -3.250000 0.228400 -0.024690
ECO11768 -3.250000 0.302470 0.000000
ECO04712 -3.250000 0.259260 -0.037040
ECO04426 -3.250000 0.135800 0.000000
ECO08521 -3.169750 0.277770 0.024690
ECO08955 -3.250000 0.234570 0.000000
ECO07119 -3.138890 0.216050 0.049380
ECO04175 -3.182100 0.086420 0.000000
ECO11885 -3.250000 0.253090 -0.030860
ECO03791 -3.219140 0.253090 0.000000
ECO04008 -3.175930 0.351860 0.006170
ECO00617 -2.978400 0.197540 0.000000
ECO04259 -3.250000 0.240740 -0.030860
ECO00366 -3.194440 0.197530 0.000000
ECO09475 -2.904320 0.222220 0.098770
ECO09088 -3.250000 0.197530 0.000000
ECO06097 -3.250000 0.117280 -0.006170
ECO09054 -3.231480 0.265430 0.000000
ECO09760 -3.250000 0.308640 -0.037040
ECO06450 -3.250000 0.222220 0.000000
ECO08071 -2.996910 0.351850 0.086420
ECO05344 -2.959880 0.160500 0.000000
ECO00332 -3.058640 0.240740 0.061730
ECO12437 -3.250000 0.148150 0.000000
ECO09224 -3.126540 0.253080 0.049390
ECO09305 -3.243830 0.277780 0.000000
ECO04408 -3.250000 0.203700 -0.024690
ECO12403 -3.250000 0.265430 0.000000
ECO03174 -3.151230 0.148140 0.049390
ECO05948 -3.250000 0.117280 0.000000
ECO05114 -3.231480 0.203700 -0.006170
ECO10458 -3.250000 0.302470 0.000000
ECO05412 -3.250000 0.166670 -0.018520
ECO05982 -3.250000 0.277780 0.000000
ECO11786 -3.250000 0.154320 -0.018520
ECO09605 -3.250000 0.290120 0.000000
ECO05799 -3.250000 0.222220 -0.024690
ECO11500 -3.250000 0.290120 0.000000
ECO07935 -3.058640 0.129630 0.117290
ECO09226 -3.250000 0.209880 0.000000
ECO06754 -3.250000 0.154320 -0.012350
ECO06043 -3.219140 0.216050 0.000000
ECO09726 -2.725310 0.179010 0.123460
ECO09943 -3.225310 0.203710 0.000000
ECO05663 -3.250000 0.222220 -0.024690
ECO09909 -3.250000 0.185190 0.000000
ECO02991 -3.250000 0.154320 -0.012350
ECO09990 -2.793210 0.129630 0.000000
ECO04693 -3.250000 0.141980 -0.012350
ECO05812 -3.250000 0.228400 0.000000
ECO04727 -3.250000 0.185190 -0.018520
ECO08356 -3.151230 0.246910 0.000000
ECO06382 -2.620370 0.074070 0.438270
ECO04076 -3.250000 0.141980 0.000000
ECO05080 -3.169750 0.240740 0.030870
ECO05331 -3.250000 0.160490 0.000000
ECO04544 -3.250000 0.308640 -0.043210
ECO04457 -3.250000 0.265430 0.000000
ECO02024 -3.163580 0.166670 0.043210
ECO04296 -3.250000 0.104940 0.000000
ECO07840 -3.033950 0.148150 0.141980
ECO09426 -3.250000 0.123460 0.000000
ECO11950 -3.250000 0.141980 -0.018520
ECO08026 -3.250000 0.123460 0.000000
ECO06461 -3.250000 0.172840 -0.018520
ECO05243 -3.250000 0.160490 0.000000
ECO04096 -3.250000 0.308640 -0.043210
ECO04383 -2.929010 0.166660 0.000000
ECO11475 -3.250000 0.240740 -0.030860
ECO09580 -3.120370 0.185180 0.000000
ECO04775 -3.083330 0.246910 0.092600
ECO09599 -3.163580 0.191360 0.000000
ECO10049 -3.250000 0.320990 -0.043210
ECO01225 -3.052470 0.246910 0.000000
ECO10135 -3.250000 0.185190 -0.018520
ECO10486 -3.250000 0.209880 0.000000
ECO10585 -3.250000 0.314810 -0.037040
ECO02997 -3.250000 0.080250 0.000000
ECO02548 -2.959880 0.265440 0.092590
ECO00027 -3.120370 0.203700 0.000000
ECO02848 -3.250000 0.129630 -0.012350
ECO02948 -3.250000 0.209880 0.000000
ECO06742 -2.682100 0.080250 0.388890
ECO07913 -3.250000 0.111110 0.000000
ECO04619 -3.250000 0.222220 -0.024690
ECO09550 -3.250000 0.277780 0.000000
ECO09949 -3.250000 0.283950 -0.043210
ECO09649 -3.250000 0.154320 0.000000
ECO10300 -3.003090 0.351860 0.086420
ECO12663 -3.250000 0.302470 0.000000
ECO10786 -2.694440 0.216040 0.111120
ECO05905 -3.175930 0.222230 0.000000
ECO03933 -2.885800 0.098760 0.098770
ECO08613 -3.250000 0.203700 0.000000
ECO10205 -3.157410 0.197530 0.043210
ECO10673 -3.040120 0.172840 0.000000
ECO03210 -3.132720 0.148150 0.067900
ECO03989 -3.250000 0.061730 0.000000
ECO10073 -3.250000 0.166670 -0.012350
ECO12468 -3.250000 0.148150 0.000000
ECO00190 -3.231480 0.172840 -0.006170
ECO02062 -3.089510 0.216050 0.000000
ECO10745 -3.231480 0.185180 -0.006170
ECO06699 -3.250000 0.154320 0.000000
ECO06499 -3.250000 0.179010 -0.018520
ECO03257 -3.250000 0.246910 0.000000
ECO12218 -3.250000 0.203700 -0.018520
ECO00347 -2.824070 0.290120 0.000000
ECO08439 -3.250000 0.222220 -0.024690
ECO05495 -3.108020 0.129620 0.000000
ECO04044 -3.250000 0.320990 -0.043210
ECO09358 -3.250000 0.080250 0.000000
ECO12188 -3.058640 0.234570 0.080250
ECO03525 -3.070990 0.265430 0.000000
ECO10980 -2.990740 0.234570 0.092590
ECO11634 -3.033950 0.314810 0.000000
ECO07988 -3.070990 0.228400 0.067900
ECO01253 -3.250000 0.148150 0.000000
ECO07069 -2.817900 0.104940 0.320990
ECO02253 -3.250000 0.253090 0.000000
ECO12286 -3.058640 0.172840 0.117290
ECO00700 -2.675930 0.253090 0.000000
ECO12537 -3.250000 0.074070 -0.006170
ECO10141 -3.237650 0.271600 0.000000
ECO04593 -3.250000 0.216050 -0.024690
ECO06448 -3.200620 0.179020 0.000000
ECO01202 -3.250000 0.234570 -0.030860
ECO11767 -3.114200 0.290130 0.000000
ECO09307 -3.250000 0.166670 -0.018520
ECO04776 -3.175930 0.043210 0.000000
ECO09507 -3.250000 0.259260 -0.037040
ECO02521 -3.015430 0.160490 0.000000
ECO06703 -3.169750 0.401230 0.012350
ECO00185 -3.145060 0.290120 0.000000
ECO12431 -3.250000 0.265430 -0.037040
ECO07818 -3.250000 0.277780 0.000000
ECO12656 -3.250000 0.290120 -0.043210
ECO05814 -3.015430 0.203700 0.000000
ECO08239 -3.250000 0.327160 -0.043210
ECO05848 -3.250000 0.154320 0.000000
ECO04142 -3.250000 0.228400 -0.024690
ECO02623 -3.101850 0.185180 0.000000
ECO03291 -3.237650 0.228390 -0.018510
ECO03976 -3.250000 0.234570 0.000000
ECO05193 -3.250000 0.117280 -0.006170
ECO12039 -3.250000 0.240740 0.000000
ECO11924 -3.250000 0.166670 -0.018520
ECO10950 -3.095680 0.234570 0.000000
ECO04439 -3.225310 0.185190 0.000000
ECO09937 -3.250000 0.117280 0.000000
ECO11327 -3.077160 0.370370 0.055560
ECO12064 -3.182100 0.351850 0.000000
ECO09519 -3.157410 0.308640 0.024690
ECO04950 -3.101850 0.290120 0.000000
ECO03764 -3.033950 0.148150 0.148150
ECO09026 -3.250000 0.253090 0.000000
ECO02292 -3.250000 0.320990 -0.049380
ECO03103 -3.095680 0.166670 0.000000
ECO03478 -3.250000 0.246910 -0.030860
ECO04944 -2.811730 0.111110 0.000000
ECO07603 -3.250000 0.104940 -0.006170
ECO08369 -2.830250 0.283950 0.000000
ECO03106 -3.250000 0.172840 -0.018520
ECO02891 -3.250000 0.209880 0.000000
ECO04993 -3.250000 0.129630 -0.012350
ECO00951 -3.095680 0.234570 0.000000
ECO05558 -2.768520 0.098770 0.364200
ECO09897 -3.250000 0.339510 0.000000
ECO06310 -3.250000 0.222220 -0.024690
ECO10505 -3.250000 0.148150 0.000000
ECO08124 -3.151230 0.339500 0.024700
ECO09503 -3.250000 0.228400 0.000000
ECO04216 -3.225310 0.345680 -0.024690
ECO03216 -3.250000 0.290120 0.000000
ECO04051 -3.250000 0.160490 -0.018520
ECO09081 -3.250000 0.166670 0.000000
ECO04002 -2.959880 0.135810 0.209870
ECO09746 -3.250000 0.160490 0.000000
ECO11119 -2.996910 0.148140 0.166670
ECO00807 -3.145060 0.240740 0.000000
ECO09032 -3.250000 0.209880 -0.024690
ECO11557 -3.250000 0.222220 0.000000
ECO04788 -3.033950 0.154320 0.148150
ECO04437 -2.885800 0.160490 0.000000
ECO11995 -3.250000 0.222220 -0.024690
ECO07990 -3.250000 0.123460 0.000000
ECO12382 -3.083330 0.259260 0.067900
ECO09637 -3.250000 0.246910 0.000000
ECO12157 -3.250000 0.104940 -0.006170
ECO03865 -3.250000 0.265430 0.000000
ECO05374 -3.250000 0.024690 inf
ECO07939 -3.250000 0.203700 0.000000
ECO04506 -2.750000 0.240740 0.222220
ECO06446 -3.250000 0.179010 0.000000
ECO00336 -3.219140 0.179020 0.006170
ECO04080 -3.250000 0.327160 0.000000
ECO04382 -2.787040 0.135810 0.314810
ECO04464 -3.138890 0.037040 0.000000
ECO11445 -3.250000 0.246910 -0.030860
ECO07815 -3.250000 0.160490 0.000000
ECO07846 -3.101850 0.290120 0.067900
ECO07960 -2.966050 0.222220 0.000000
ECO00758 -3.250000 0.123460 -0.012350
ECO01779 -3.250000 0.148150 0.000000
ECO10730 -3.108020 0.179010 0.061730
ECO09016 -2.848770 0.104940 0.000000
ECO04751 -3.250000 0.154320 -0.012350
ECO05874 -3.250000 0.246910 0.000000
ECO11744 -3.250000 0.395060 -0.055560
ECO06460 -3.182100 0.191360 0.000000
ECO08802 -3.250000 0.314810 -0.037040
ECO11471 -3.250000 0.228400 0.000000
ECO06493 -3.250000 0.154320 -0.018520
ECO03978 -3.132720 0.283950 0.000000
ECO03646 -3.151230 0.246910 0.037040
ECO06893 -3.250000 0.246910 0.000000
ECO07926 -3.250000 0.197530 -0.024690
ECO10334 -3.250000 0.265430 0.000000
ECO06423 -3.250000 0.209880 -0.024690
ECO05737 -3.250000 0.246910 0.000000
ECO03694 -3.250000 0.259260 -0.030860
ECO03794 -3.101850 0.172840 0.000000
ECO10489 -3.250000 0.061730 -0.006170
ECO06209 -3.250000 0.228400 0.000000
ECO05658 -3.250000 0.129630 -0.012350
ECO07130 -3.052470 0.283950 0.000000
ECO11674 -3.250000 0.067900 -0.006170
ECO09981 -3.206790 0.067900 0.000000
ECO07816 -3.250000 0.216050 -0.024690
ECO06075 -3.250000 0.154320 0.000000
ECO10530 -2.904320 0.117280 0.240740
ECO05957 -3.250000 0.160490 0.000000
ECO05627 -3.250000 0.154320 -0.012350
ECO06413 -3.250000 0.104940 0.000000
ECO12055 -3.250000 0.234570 -0.030860
ECO06027 -3.250000 0.271600 0.000000
ECO05791 -3.250000 0.179010 -0.018520
ECO09185 -3.250000 0.438270 0.000000
ECO11741 -3.250000 0.123460 -0.012350
ECO08542 -3.212960 0.209870 0.000000
ECO03888 -3.250000 0.259260 -0.030860
ECO07774 -3.250000 0.179010 0.000000
ECO05902 -3.250000 0.160490 -0.012350
ECO09839 -3.250000 0.172840 0.000000
ECO06002 -3.021600 0.222220 0.086420
ECO04573 -3.250000 0.290120 0.000000
ECO02962 -2.632720 0.086420 0.351850
ECO07020 -3.250000 0.160490 0.000000
ECO10071 -2.564810 0.098760 0.265440
ECO09819 -3.120370 0.277780 0.000000
ECO09944 -3.250000 0.203700 -0.024690
ECO03931 -3.250000 0.277780 0.000000
ECO08776 -3.009260 0.265430 0.074070
ECO06511 -3.250000 0.314810 0.000000
ECO12291 -3.108020 0.259250 0.067910
ECO08385 -3.250000 0.135800 0.000000
ECO02876 -3.250000 0.129630 -0.012350
ECO02426 -3.138890 0.209880 0.000000
ECO02819 -3.250000 0.209880 -0.024690
ECO07106 -3.250000 0.203700 0.000000
ECO03330 -2.978400 0.191360 0.111110
ECO06574 -3.250000 0.203700 0.000000
ECO05684 -3.145060 0.327160 0.030870
ECO04698 -2.836420 0.123460 0.000000
ECO04748 -2.848770 0.098770 0.277770
ECO08442 -3.163580 0.240740 0.000000
ECO08149 -3.157410 0.271610 0.030860
ECO08246 -3.250000 0.203700 0.000000
ECO03065 -3.250000 0.141980 -0.012350
ECO07695 -3.250000 0.160490 0.000000
ECO08549 -3.250000 0.351850 -0.055560
ECO11529 -3.095680 0.092590 0.000000
ECO06502 -3.250000 0.228400 -0.030860
ECO12223 -3.250000 0.283950 0.000000
ECO06727 -3.163580 0.160490 0.043210
ECO08632 -3.058640 0.141970 0.000000
ECO09295 -3.206790 0.135800 0.018520
ECO12274 -2.959880 0.179020 0.000000
ECO05637 -3.250000 0.179010 -0.018520
ECO04884 -3.250000 0.296300 0.000000
ECO12584 -3.250000 0.222220 -0.024690
ECO12191 -3.003090 0.135810 0.000000
ECO02074 -3.058640 0.166660 0.067900
ECO03130 -3.250000 0.080250 0.000000
ECO06193 -3.250000 0.296300 -0.043210
ECO06977 -3.015430 0.320990 0.000000
ECO12613 -2.737650 0.086420 0.388890
ECO04869 -3.250000 0.308640 0.000000
ECO11777 -3.250000 0.222220 -0.024690
ECO07092 -3.250000 0.240740 0.000000
ECO04684 -2.947530 0.160490 0.191360
ECO08587 -3.108020 0.203700 0.000000
ECO06217 -3.046300 0.197530 0.123450
ECO02598 -3.250000 0.216050 0.000000
ECO04169 -3.250000 0.320990 -0.043210
ECO02297 -3.250000 0.234570 0.000000
ECO12577 -3.015430 0.222220 0.080250
ECO11565 -3.157410 0.395060 0.000000
ECO11787 -3.250000 0.117280 -0.006170
ECO05045 -2.706790 0.111110 0.000000
ECO05515 -3.250000 0.129630 -0.012350
ECO04143 -3.250000 0.154320 0.000000
ECO06966 -3.250000 0.216050 -0.024690
ECO08187 -3.250000 0.080250 0.000000
ECO03071 -3.250000 0.320990 -0.037040
ECO12589 -3.250000 0.271600 0.000000
ECO02373 -3.219140 0.179020 0.006170
ECO12487 -2.879630 0.197530 0.000000
ECO01852 -3.175930 0.203710 0.030860
ECO07117 -3.250000 0.401230 0.000000
ECO04443 -3.250000 0.216050 -0.024690
ECO04996 -3.250000 0.253090 0.000000
ECO04896 -3.250000 0.191360 -0.018520
ECO02771 -3.095680 0.141980 0.000000
ECO03273 -3.077160 0.166670 0.111110
ECO11230 -3.052470 0.339510 0.000000
ECO08957 -3.064810 0.148140 0.117290
ECO06983 -3.194440 0.271600 0.000000
ECO02120 -3.250000 0.141980 -0.012350
ECO05647 -3.250000 0.055560 0.000000
ECO05428 -3.250000 0.123460 -0.012350
ECO07919 -3.188270 0.277780 0.000000
ECO03090 -3.250000 0.185190 -0.018520
ECO09927 -3.250000 0.148150 0.000000
ECO05464 -3.250000 0.320990 -0.043210
ECO03592 -2.799380 0.117280 0.000000
ECO12121 -2.731480 0.111110 0.333330
ECO07101 -3.175930 0.259260 0.000000
ECO05697 -3.120370 0.197530 0.055560
ECO06816 -2.953700 0.135800 0.000000
ECO12335 -3.250000 0.197530 -0.018520
ECO10058 -3.250000 0.358020 0.000000
ECO08857 -3.126540 0.259260 0.049390
ECO09372 -3.132720 0.234570 0.000000
ECO00231 -3.015430 0.197530 0.135800
ECO02456 -3.250000 0.395060 0.000000
ECO08470 -3.250000 0.179010 -0.018520
ECO03105 -3.250000 0.271600 0.000000
ECO05013 -3.120370 0.222220 0.055560
ECO03439 -3.003090 0.246920 0.000000
ECO06483 -3.250000 0.191360 -0.018520
ECO12606 -3.250000 0.148150 0.000000
ECO02490 -3.114200 0.234570 0.067900
ECO09442 -3.200620 0.308640 0.000000
ECO12504 -3.095680 0.283950 0.061730
ECO01954 -3.132720 0.191360 0.000000
ECO04877 -3.243830 0.290130 -0.030870
ECO11819 -3.175930 0.259260 0.000000
ECO11533 -3.077160 0.203700 0.098770
ECO03175 -3.250000 0.296300 0.000000
ECO08271 -3.250000 0.450620 -0.080250
ECO05897 -3.120370 0.197530 0.000000
ECO11449 -3.206790 0.246910 0.006170
ECO03340 -2.737650 0.098760 0.000000
ECO07118 -3.250000 0.222220 -0.024690
ECO05782 -3.250000 0.228400 0.000000
ECO11803 -3.064810 0.240740 0.098770
ECO08590 -3.250000 0.253090 0.000000
ECO06901 -3.250000 0.277780 -0.030860
ECO09539 -2.737650 0.086420 0.000000
ECO09790 -3.101850 0.228390 0.061730
ECO09628 -2.941360 0.166670 0.000000
ECO04448 -3.009260 0.141980 0.166670
ECO04898 -2.817900 0.104940 0.000000
ECO11611 -3.250000 0.327160 -0.049380
ECO08878 -3.250000 0.148150 0.000000
ECO09092 -3.250000 0.314810 -0.043210
ECO03162 -3.250000 0.166670 0.000000
ECO11848 -3.250000 0.246910 -0.030860
ECO08749 -3.169750 0.154320 0.000000
ECO04655 -3.250000 0.123460 -0.012350
ECO07842 -3.250000 0.160490 0.000000
ECO11662 -3.250000 0.172840 -0.018520
ECO05128 -3.021600 0.160490 0.000000
ECO11504 -3.083330 0.030860 0.030870
ECO12637 -3.169750 0.191350 0.000000
ECO06982 -3.250000 0.376540 -0.049380
ECO07250 -3.058640 0.240740 0.000000
ECO08824 -3.145060 0.216050 0.043210
ECO08220 -3.243830 0.191360 0.000000
ECO05514 -2.854940 0.117290 0.209870
ECO10559 -3.250000 0.154320 0.000000
ECO12489 -3.250000 0.228400 -0.024690
ECO03124 -3.212960 0.327160 0.000000
ECO02152 -3.250000 0.160490 -0.018520
ECO02317 -3.200620 0.191360 0.000000
ECO10605 -3.250000 0.290120 -0.043210
ECO06647 -3.237650 0.240740 0.000000
ECO03410 -3.250000 0.043210 inf
ECO08894 -3.250000 0.160490 0.000000
ECO11857 -3.250000 0.104940 -0.006170
ECO10566 -3.182100 0.358030 0.000000
ECO08626 -3.250000 0.179010 -0.018520
ECO05550 -3.163580 0.296300 0.000000
ECO02424 -3.250000 0.179010 -0.018520
ECO04389 -3.250000 0.185190 0.000000
ECO02878 -3.250000 0.148150 -0.012350
ECO07933 -3.200620 0.395060 0.000000
ECO02224 -3.250000 0.111110 -0.006170
ECO05775 -3.250000 0.302470 0.000000
ECO03117 -3.250000 0.141980 -0.012350
ECO06554 -3.250000 0.166670 0.000000
ECO05457 -3.250000 0.148150 -0.012350
ECO06529 -3.250000 0.234570 0.000000
ECO05843 -3.083330 0.191350 0.104940
ECO03696 -2.879630 0.135800 0.000000
ECO11771 -3.250000 0.333330 -0.043210
ECO03678 -3.101850 0.259260 0.000000
ECO12575 -3.250000 0.129630 -0.012350
ECO02492 -3.250000 0.290120 0.000000
ECO12443 -2.996910 0.197530 0.154320
ECO06636 -3.250000 0.216050 0.000000
ECO06622 -3.250000 0.222220 -0.024690
ECO12201 -2.768520 0.117290 0.000000
ECO10626 -3.250000 0.037040 inf
ECO04678 -3.250000 0.111110 0.000000
ECO04512 -3.040120 0.234560 0.117290
ECO06082 -3.250000 0.216050 0.000000
ECO09005 -2.984570 0.160500 0.148150
ECO08480 -3.250000 0.148150 0.000000
ECO12161 -3.250000 0.203700 -0.024690
ECO10684 -3.250000 0.234570 0.000000
ECO03959 -3.250000 0.234570 -0.030860
ECO00615 -3.163580 0.191360 0.000000
ECO03057 -2.719140 0.111120 0.290120
ECO09375 -2.675930 0.080250 0.000000
ECO03206 -2.811730 0.104940 0.283950
ECO04227 -3.250000 0.148150 0.000000
ECO00255 -2.861110 0.302470 0.098770
ECO04535 -3.021600 0.222220 0.000000
ECO09330 -2.885800 0.203700 0.098770
ECO03389 -3.250000 0.172840 0.000000
ECO12205 -3.250000 0.092590 -0.006170
ECO09934 -3.250000 0.111110 0.000000
ECO03050 -3.250000 0.197530 -0.018520
ECO10752 -3.182100 0.265430 0.000000
ECO05682 -2.694440 0.104930 0.209880
ECO08605 -3.114200 0.191360 0.000000
ECO04410 -3.089510 0.246920 0.086420
ECO04061 -3.250000 0.197530 0.000000
ECO02189 -3.250000 0.265430 -0.030860
ECO07194 -3.250000 0.222220 0.000000
ECO10002 -3.095680 0.438270 0.037040
ECO05180 -3.250000 0.253090 0.000000
ECO12354 -3.175930 0.228400 0.024690
ECO03406 -3.250000 0.240740 0.000000
ECO08971 -3.250000 0.432100 -0.074070
ECO09843 -3.200620 0.185190 0.000000
ECO10026 -3.250000 0.228400 -0.024690
ECO06533 -3.070990 0.166670 0.000000
ECO04729 -3.250000 0.117280 -0.012350
ECO10545 -3.250000 0.216050 0.000000
ECO06550 -3.145060 0.216050 0.049380
ECO05512 -3.243830 0.320990 0.000000
ECO12320 -3.021600 0.141970 0.160500
ECO10294 -3.175930 0.160500 0.000000
ECO06801 -3.250000 0.129630 -0.012350
ECO05461 -3.250000 0.197530 0.000000
ECO04159 -3.250000 0.185190 -0.018520
ECO03606 -3.126540 0.296290 0.000000
ECO02806 -3.250000 0.067900 -0.006170
ECO08354 -3.250000 0.246910 0.000000
ECO07184 -3.206790 0.185190 0.012350
ECO12103 -3.250000 0.086420 0.000000
ECO02371 -2.546300 0.425930 0.179010
ECO12136 -3.250000 0.203700 0.000000
ECO02169 -2.966050 0.179010 0.098760
ECO05947 -2.768520 0.228400 0.000000
ECO05220 -3.237650 0.518510 -0.074070
ECO05306 -3.250000 0.154320 0.000000
ECO03183 -3.250000 0.222220 -0.030860
ECO11705 -3.033950 0.253090 0.000000
ECO03226 -3.188270 0.364200 -0.006170
ECO08685 -3.250000 0.265430 0.000000
ECO04055 -3.250000 0.111110 -0.012350
ECO00068 -3.200620 0.203710 0.000000
ECO02376 -3.250000 0.308640 -0.043210
ECO02669 -3.070990 0.160500 0.000000
ECO06620 -3.250000 0.135800 -0.012350
ECO02683 -3.021600 0.234560 0.000000
ECO02719 -3.250000 0.228400 -0.030860
ECO08249 -3.250000 0.117280 0.000000
ECO01990 -3.175930 0.185190 0.030860
ECO05661 -3.250000 0.216050 0.000000
ECO08315 -3.175930 0.166670 0.030860
ECO03610 -3.250000 0.154320 0.000000
ECO04576 -3.101850 0.166660 0.067900
ECO02270 -3.126540 0.246910 0.000000
ECO05797 -3.132720 0.209880 0.049380
ECO02504 -3.250000 0.172840 0.000000
ECO07869 -3.250000 0.141980 -0.012350
ECO05746 -3.250000 0.265430 0.000000
ECO00220 -3.089510 0.172840 0.061720
ECO02624 -3.250000 0.135800 0.000000
ECO06954 -3.169750 0.253080 0.024690
ECO02585 -3.250000 0.320990 0.000000
ECO12505 -3.250000 0.061730 -0.006170
ECO08505 -3.250000 0.135800 0.000000
ECO08790 -3.120370 0.197530 0.061730
ECO02455 -3.200620 0.061730 0.000000
ECO02923 -3.200620 0.074080 0.030860
ECO03208 -2.793210 0.111110 0.000000
ECO05765 -3.188270 0.327160 0.000000
ECO12654 -3.250000 0.222220 0.000000
ECO01987 -3.194440 0.216040 0.018520
ECO02387 -2.972220 0.296290 0.000000
ECO08299 -3.250000 0.166670 -0.018520
ECO02476 -3.250000 0.277780 0.000000
ECO04298 -3.250000 0.135800 -0.012350
ECO11260 -3.250000 0.265430 0.000000
ECO08843 -3.250000 0.320990 -0.043210
ECO00989 -3.250000 0.364200 0.000000
ECO09277 -3.250000 0.203700 -0.024690
ECO09354 -3.175930 0.067910 0.000000
ECO05878 -3.250000 0.240740 -0.030860
ECO06971 -3.250000 0.172840 0.000000
ECO05031 -3.077160 0.179010 0.104940
ECO06712 -3.212960 0.228390 0.000000
ECO12392 -3.250000 0.111110 -0.012350
ECO03738 -3.070990 0.222220 0.000000
ECO04040 -3.250000 0.154320 -0.012350
ECO03227 -3.250000 0.253090 0.000000
ECO07112 -3.250000 0.160490 -0.018520
ECO06903 -3.250000 0.265430 0.000000
ECO06503 -3.070990 0.364200 0.061730
ECO03236 -2.947530 0.172840 0.000000
ECO05040 -2.817900 0.135800 0.296300
ECO12333 -3.250000 0.197530 0.000000
ECO10022 -3.250000 0.382720 -0.061730
ECO05410 -3.250000 0.123460 0.000000
ECO05099 -3.250000 0.123460 -0.012350
ECO03806 -3.040120 0.253080 0.000000
ECO10422 -3.200620 0.172840 0.018520
ECO10554 -3.250000 0.253090 0.000000
ECO05006 -3.250000 0.123460 -0.012350
ECO07805 -3.250000 0.271600 0.000000
ECO05440 -3.250000 0.259260 -0.030860
ECO05308 -3.250000 0.203700 0.000000
ECO09554 -3.132720 0.259260 0.043210
ECO07775 -3.250000 0.166670 0.000000
ECO00794 -3.250000 0.197530 -0.018520
ECO04806 -3.250000 0.296300 0.000000
ECO10324 -3.108020 0.228390 0.074080
ECO08150 -3.188270 0.246910 0.000000
ECO11319 -3.250000 0.191360 -0.024690
ECO08243 -3.114200 0.351850 0.000000
ECO05533 -2.750000 0.104940 0.351850
ECO09184 -3.250000 0.117280 0.000000
ECO04888 -3.250000 0.043210 inf
ECO05488 -3.175930 0.265440 0.000000
ECO11643 -3.250000 0.327160 -0.043210
ECO06174 -3.194440 0.253080 0.000000
ECO07009 -3.077160 0.185180 0.104940
ECO09532 -3.250000 0.209880 0.000000
ECO11105 -2.959880 0.314820 0.086420
ECO09581 -3.250000 0.080250 0.000000
ECO08832 -3.250000 0.203700 -0.024690
ECO05388 -3.250000 0.154320 0.000000
ECO11457 -3.250000 0.209880 -0.024690
ECO08581 -3.250000 0.129630 0.000000
ECO11343 -2.947530 0.179010 0.203700
ECO02430 -3.250000 0.111110 0.000000
ECO03016 -3.250000 0.160490 -0.018520
ECO02130 -3.250000 0.314810 0.000000
ECO03416 -3.250000 0.314810 -0.043210
ECO04737 -3.250000 0.265430 0.000000
ECO04602 -3.250000 0.104940 -0.006170
ECO09618 -3.182100 0.160500 0.000000
ECO02179 -3.175930 0.209880 0.030860
ECO03494 -2.953700 0.141970 0.000000
ECO06545 -2.922840 0.216050 0.098760
ECO09296 -3.250000 0.222220 0.000000
ECO09310 -3.250000 0.209880 -0.024690
ECO03194 -3.250000 0.172840 0.000000
ECO00629 -2.922840 0.277780 0.129630
ECO12273 -3.225310 0.253090 0.000000
ECO04373 -3.250000 0.191360 -0.018520
ECO03873 -3.250000 0.160490 0.000000
ECO02608 -3.250000 0.148150 -0.012350
ECO03301 -3.250000 0.141980 0.000000
ECO09689 -3.250000 0.216050 -0.024690
ECO03487 -3.250000 0.117280 0.000000
ECO05666 -3.231480 0.172840 -0.006170
ECO08324 -3.126540 0.320980 0.000000
ECO06538 -2.854940 0.098770 0.296290
ECO04766 -3.250000 0.129630 0.000000
ECO04773 -3.250000 0.092590 -0.006170
ECO10396 -3.206790 0.104940 0.000000
ECO05452 -3.250000 0.283950 -0.037040
ECO03187 -3.250000 0.296300 0.000000
ECO06652 -3.250000 0.265430 -0.037040
ECO03594 -3.101850 0.246910 0.000000
ECO04287 -3.250000 0.296300 -0.043210
ECO02408 -3.250000 0.228400 0.000000
ECO02638 -3.250000 0.123460 -0.012350
ECO06400 -3.250000 0.160490 0.000000
ECO06683 -2.972220 0.148150 0.166670
ECO03375 -2.564810 0.098760 0.000000
ECO00348 -3.250000 0.296300 -0.030860
ECO12068 -3.064810 0.148140 0.000000
ECO07085 -3.250000 0.271600 -0.030860
ECO08372 -3.250000 0.296300 0.000000
ECO04711 -2.947530 0.141970 0.185190
ECO06298 -3.058640 0.172840 0.000000
ECO03475 -3.250000 0.179010 -0.018520
ECO01218 -3.250000 0.364200 0.000000
ECO05028 -3.250000 0.117280 -0.006170
ECO04928 -2.861110 0.265430 0.000000
ECO02790 -3.250000 0.450620 -0.074070
ECO04092 -3.250000 0.302470 0.000000
ECO11668 -3.101850 0.234570 0.080250
ECO09993 -3.200620 0.376550 0.000000
ECO05211 -3.250000 0.191360 -0.024690
ECO03205 -3.250000 0.117280 0.000000
ECO04241 -2.787040 0.141980 0.216050
ECO10542 -3.250000 0.240740 0.000000
ECO02701 -3.058640 0.246910 0.074080
ECO05459 -3.157410 0.117290 0.000000
ECO05659 -3.250000 0.160490 -0.018520
ECO06798 -3.250000 0.148150 0.000000
ECO11680 -3.095680 0.253090 0.074070
ECO12473 -2.910490 0.240740 0.000000
ECO03156 -3.250000 0.154320 -0.012350
ECO09857 -3.033950 0.172840 0.000000
ECO04562 -3.250000 0.154320 -0.012350
ECO12455 -3.250000 0.209880 0.000000
ECO01318 -3.250000 0.191360 -0.024690
ECO03490 -3.188270 0.246910 0.000000
ECO08121 -3.250000 0.197530 -0.018520
ECO07600 -2.836420 0.320990 0.000000
ECO07736 -3.194440 0.234560 0.012350
ECO04926 -3.250000 0.358020 0.000000
ECO03741 -3.250000 0.086420 -0.006170
ECO04430 -3.250000 0.092590 0.000000
ECO08474 -2.996910 0.179010 0.148150
ECO05709 -3.175930 0.172840 0.000000
ECO03530 -3.250000 0.141980 -0.012350
ECO06095 -3.225310 0.123460 0.000000
ECO04923 -3.250000 0.228400 -0.024690
ECO11816 -3.250000 0.129630 0.000000
ECO04323 -3.250000 0.148150 -0.012350
ECO12016 -3.250000 0.234570 0.000000
ECO04723 -2.941360 0.135800 0.179010
ECO09167 -3.250000 0.401230 0.000000
ECO02658 -3.250000 0.117280 -0.012350
ECO09646 -3.250000 0.222220 0.000000
ECO06402 -3.033950 0.172840 0.067900
ECO09453 -3.114200 0.259260 0.000000
ECO10232 -3.126540 0.209870 0.067900
ECO08760 -3.225310 0.265430 0.000000
ECO03630 -3.250000 0.228400 -0.024690
ECO11133 -3.089510 0.228400 0.000000
ECO09053 -2.996910 0.234560 0.141980
ECO04916 -3.250000 0.203700 0.000000
ECO05716 -3.250000 0.333330 -0.055560
ECO07767 -3.200620 0.203710 0.000000
ECO05816 -3.212960 0.228390 0.000000
ECO03737 -3.250000 0.271600 0.000000
ECO02165 -3.206790 0.185190 0.012350
ECO02644 -3.250000 0.277780 0.000000
ECO05402 -3.250000 0.222220 -0.024690
ECO03138 -3.145060 0.061730 0.000000
ECO00917 -2.966050 0.209880 0.092590
ECO02155 -3.250000 0.172840 0.000000
ECO12503 -3.243830 0.191360 -0.018520
ECO12520 -3.250000 0.179010 0.000000
ECO08303 -3.250000 0.148150 -0.012350
ECO12303 -3.250000 0.209880 0.000000
ECO04800 -3.250000 0.092590 -0.006170
ECO03221 -3.250000 0.376540 0.000000
ECO04071 -3.095680 0.296300 0.061730
ECO12032 -3.250000 0.283950 0.000000
ECO10641 -3.009260 0.191360 0.135800
ECO04314 -3.250000 0.080250 0.000000
ECO09950 -3.188270 0.197530 0.024690
ECO08127 -3.250000 0.172840 0.000000
ECO06068 -3.250000 0.246910 -0.030860
ECO05532 -3.250000 0.154320 0.000000
ECO05493 -3.138890 0.265430 0.049380
ECO12089 -2.799380 0.111110 0.000000
ECO06536 -3.250000 0.129630 -0.012350
ECO06411 -3.250000 0.111110 0.000000
ECO05143 -3.250000 0.061730 inf
ECO11513 -3.151230 0.376540 0.000000
ECO06050 -3.250000 0.185190 -0.018520
ECO03621 -3.250000 0.240740 0.000000
ECO08633 -3.108020 0.135800 0.080250
ECO04889 -3.250000 0.024690 0.000000
ECO11739 -3.250000 0.185190 -0.018520
ECO04732 -3.250000 0.141980 0.000000
ECO07940 -3.225310 0.061730 0.012340
ECO03953 -2.817900 0.111110 0.000000
ECO06000 -3.250000 0.141980 -0.012350
ECO10398 -3.250000 0.141980 0.000000
ECO05075 -3.250000 0.308640 -0.049380
ECO09237 -3.138890 0.172840 0.000000
ECO09619 -2.780860 0.302460 0.117290
ECO06879 -3.243830 0.327160 0.000000
ECO10466 -2.891980 0.141980 0.259250
ECO06604 -3.225310 0.228400 0.000000
ECO07765 -3.250000 0.166670 -0.018520
ECO07872 -3.250000 0.253090 0.000000
ECO02199 -3.250000 0.290120 -0.037040
ECO04264 -3.250000 0.314810 0.000000
ECO03396 -3.250000 0.135800 -0.012350
ECO11288 -3.021600 0.166660 0.000000
ECO05093 -3.250000 0.117280 -0.006170
ECO02392 -2.793210 0.092590 0.000000
ECO02538 -3.194440 0.296290 0.006180
ECO00734 -3.237650 0.203700 0.000000
ECO02755 -3.225310 0.111110 0.006170
ECO08805 -3.250000 0.314810 0.000000
ECO12486 -3.250000 0.302470 -0.043210
ECO04793 -3.237650 0.265430 0.000000
ECO09246 -3.250000 0.209880 -0.024690
ECO06388 -3.250000 0.425930 0.000000
ECO08360 -3.206790 0.302470 -0.006170
ECO03730 -3.250000 0.141980 0.000000
ECO08374 -2.984570 0.222220 0.092590
ECO03937 -3.095680 0.179010 0.000000
ECO02451 -3.225310 0.259260 -0.012350
ECO02944 -3.015430 0.185180 0.000000
ECO08574 -3.250000 0.172840 -0.018520
ECO06093 -2.706790 0.086420 0.000000
ECO07808 -3.250000 0.166670 -0.018520
ECO08676 -3.175930 0.216050 0.000000
ECO02399 -3.250000 0.141980 -0.012350
ECO11606 -3.250000 0.074070 0.000000
ECO11174 -3.163580 0.185180 0.043210
ECO04289 -3.003090 0.148150 0.000000
ECO00545 -3.250000 0.166670 -0.018520
ECO05918 -3.231480 0.160490 0.000000
ECO11067 -3.250000 0.160490 -0.018520
ECO04757 -3.095680 0.277780 0.000000
ECO04982 -3.157410 0.265430 0.030860
ECO08969 -3.250000 0.240740 0.000000
ECO12368 -3.052470 0.172840 0.117280
ECO04064 -3.250000 0.197530 0.000000
ECO10080 -3.250000 0.098770 -0.006170
ECO10480 -3.212960 0.277770 0.000000
ECO08101 -3.077160 0.197530 0.104940
ECO05675 -3.040120 0.185180 0.000000
ECO11782 -3.219140 0.179020 0.000000
ECO05207 -3.250000 0.197530 0.000000
ECO05586 -3.250000 0.259260 -0.030860
ECO07965 -3.138890 0.154320 0.000000
ECO05382 -3.250000 0.283950 -0.043210
ECO07254 -3.250000 0.172840 0.000000
ECO04689 -3.250000 0.271600 -0.037040
ECO02953 -3.250000 0.117280 0.000000
ECO06336 -3.250000 0.191360 -0.018520
ECO05118 -3.250000 0.234570 0.000000
ECO12025 -3.250000 0.216050 -0.024690
ECO07147 -3.250000 0.259260 0.000000
ECO11313 -3.250000 0.240740 -0.012350
ECO08326 -3.250000 0.197530 0.000000
ECO02242 -3.250000 0.222220 -0.030860
ECO06961 -3.250000 0.203700 0.000000
ECO02710 -3.052470 0.098770 0.117280
ECO05800 -3.250000 0.148150 0.000000
ECO02574 -3.250000 0.246910 -0.030860
ECO04366 -3.250000 0.148150 0.000000
ECO08317 -3.243830 0.092600 -0.006180
ECO07331 -3.250000 0.154320 0.000000
ECO11169 -3.114200 0.222220 0.061730
ECO09603 -3.250000 0.160490 0.000000
ECO09110 -3.250000 0.308640 -0.037040
ECO12373 -3.250000 0.259260 0.000000
ECO02885 -2.811730 0.271610 0.098760
ECO02124 -3.157410 0.222220 0.000000
ECO04804 -2.675930 0.111120 0.197530
ECO08347 -3.250000 0.216050 0.000000
ECO06757 -3.194440 0.160490 0.024700
ECO08598 -3.250000 0.271600 0.000000
ECO03259 -3.250000 0.271600 -0.037040
ECO06258 -3.250000 0.216050 0.000000
ECO06603 -3.182100 0.216050 0.024690
ECO09518 -3.212960 0.123450 0.000000
ECO01421 -3.250000 0.135800 -0.012350
ECO07008 -3.052470 0.172840 0.000000
ECO12629 -3.243830 0.148150 -0.012350
ECO01259 -3.188270 0.253080 0.000000
ECO10569 -3.163580 0.203700 0.043210
ECO08530 -3.250000 0.135800 0.000000
ECO03034 -3.250000 0.141980 -0.012350
ECO03204 -3.250000 0.018520 0.000000
ECO09547 -3.250000 0.154320 -0.012350
ECO05889 -3.250000 0.129630 0.000000
ECO04854 -3.175930 0.216050 0.030860
ECO12093 -2.824070 0.234560 0.000000
ECO09254 -3.120370 0.209880 0.055560
ECO08841 -3.250000 0.154320 0.000000
ECO03897 -3.200620 0.253090 0.006170
ECO04417 -3.250000 0.141980 0.000000
ECO04386 -3.250000 0.246910 -0.030860
ECO12347 -3.188270 0.216050 0.000000
ECO12360 -3.250000 0.277780 -0.037040
ECO07994 -3.250000 0.259260 0.000000
ECO10083 -3.250000 0.080250 -0.006170
ECO06726 -2.879630 0.117280 0.000000
ECO03936 -3.108020 0.308640 0.061730
ECO03463 -3.250000 0.166670 0.000000
ECO05301 -3.070990 0.185190 0.111110
ECO01460 -3.101850 0.197530 0.000000
ECO10734 -3.138890 0.296300 0.037040
ECO00242 -2.824070 0.240740 0.000000
ECO06540 -3.250000 0.407410 -0.055560
ECO10501 -3.250000 0.240740 0.000000
ECO00409 -2.854940 0.216050 0.092590
ECO06590 -2.848770 0.179020 0.000000
ECO00723 -3.095680 0.216050 0.067900
ECO10970 -2.953700 0.166660 0.000000
ECO00927 -3.126540 0.222220 0.049390
ECO03429 -3.250000 0.179010 0.000000
ECO08582 -3.120370 0.234570 0.067900
ECO09748 -2.867280 0.098760 0.000000
ECO02545 -3.250000 0.283950 -0.037040
ECO09952 -3.206790 0.228390 0.000000
ECO06608 -3.250000 0.129630 -0.012350
ECO02331 -2.762350 0.277780 0.000000
ECO02846 -3.250000 0.296300 -0.037040
ECO06705 -3.250000 0.203700 0.000000
ECO11999 -3.101850 0.172840 0.086420
ECO04404 -3.250000 0.259260 0.000000
ECO04365 -3.250000 0.055560 inf
ECO08148 -3.225310 0.166670 0.000000
ECO08279 -3.250000 0.166670 -0.018520
ECO03918 -3.250000 0.086420 0.000000
ECO03217 -3.250000 0.086420 -0.006170
ECO11965 -3.250000 0.283950 0.000000
ECO03965 -3.237650 0.358020 -0.043210
ECO08284 -3.250000 0.179010 0.000000
ECO08548 -3.250000 0.234570 -0.030860
ECO11879 -3.250000 0.179010 0.000000
ECO12611 -3.163580 0.166670 0.043210
ECO03264 -3.040120 0.290120 0.000000
ECO02961 -3.070990 0.030870 0.037030
ECO04540 -3.126540 0.246910 0.000000
ECO11756 -3.015430 0.135800 0.166670
ECO09309 -2.873460 0.234570 0.000000
ECO04663 -3.151230 0.327160 0.024700
ECO06880 -3.250000 0.166670 0.000000
ECO07850 -3.157410 0.259260 0.037030
ECO09688 -3.250000 0.216050 0.000000
ECO05042 -2.793210 0.111110 0.234570
ECO07416 -3.231480 0.185180 0.000000
ECO05199 -3.052470 0.160490 0.135800
ECO05408 -2.922840 0.246910 0.000000
ECO05442 -3.250000 0.166670 -0.018520
ECO10957 -3.033950 0.209880 0.000000
ECO07280 -3.250000 0.172840 -0.018520
ECO06778 -3.250000 0.253090 0.000000
ECO11321 -3.250000 0.179010 -0.018520
ECO11287 -2.830250 0.253090 0.000000
ECO11025 -3.145060 0.191360 0.049380
ECO02268 -3.250000 0.216050 0.000000
ECO11250 -3.157410 0.456790 0.000000
ECO02859 -3.250000 0.209880 0.000000
ECO01332 -3.003090 0.154320 0.160490
ECO11722 -3.169750 0.358020 0.000000
ECO08158 -3.046300 0.259260 0.074070
ECO05900 -3.250000 0.296300 0.000000
ECO09069 -3.250000 0.135800 -0.012350
ECO09962 -3.188270 0.246910 0.000000
ECO09269 -3.250000 0.191360 -0.024690
ECO09176 -3.250000 0.246910 0.000000
ECO03828 -3.250000 0.086420 -0.006170
ECO02160 -3.175930 0.197530 0.000000
ECO03635 -3.250000 0.086420 -0.006170
ECO06086 -3.250000 0.234570 0.000000
ECO03639 -3.250000 0.148150 -0.012350
ECO11049 -3.175930 0.246920 0.000000
ECO05100 -3.126540 0.222220 0.061730
ECO07797 -3.250000 0.129630 0.000000
ECO08465 -3.182100 0.203700 0.024690
ECO04907 -3.250000 0.111110 0.000000
ECO12214 -2.904320 0.209880 0.098770
ECO10541 -3.250000 0.160490 0.000000
ECO09337 -2.990740 0.481480 0.055560
ECO04614 -3.250000 0.228400 0.000000
ECO08469 -3.250000 0.166670 -0.018520
ECO07983 -3.250000 0.117280 0.000000
ECO07976 -3.200620 0.166670 0.018520
ECO05593 -3.120370 0.277780 0.000000
ECO05218 -3.250000 0.191360 -0.018520
ECO05014 -3.250000 0.074070 0.000000
ECO09455 -3.250000 0.370370 -0.055560
ECO04839 -3.101850 0.203700 0.000000
ECO08851 -3.250000 0.141980 -0.012350
ECO03614 -2.953700 0.154320 0.000000
ECO04239 -2.996910 0.166660 0.154320
ECO06579 -3.250000 0.172840 0.000000
ECO05325 -3.250000 0.314810 -0.043210
ECO03435 -3.250000 0.271600 0.000000
ECO00470 -3.114200 0.197530 0.061730
ECO05232 -3.058640 0.234570 0.000000
ECO05039 -3.250000 0.265430 -0.037040
ECO11907 -3.212960 0.172840 0.000000
ECO01674 -3.120370 0.098770 0.055560
ECO11320 -3.250000 0.327160 0.000000
ECO08376 -3.250000 0.148150 -0.012350
ECO02342 -3.046300 0.234570 0.000000
ECO02635 -3.250000 0.253090 -0.037040
ECO02367 -3.250000 0.172840 0.000000
ECO04900 -3.250000 0.283950 -0.037040
ECO01928 -3.250000 0.166670 0.000000
ECO02378 -3.250000 0.191360 -0.018520
ECO12679 -3.138890 0.216050 0.000000
ECO02464 -3.250000 0.283950 -0.024690
ECO03379 -3.040120 0.148140 0.000000
ECO08123 -3.250000 0.172840 -0.018520
ECO08895 -3.250000 0.117280 0.000000
ECO04688 -3.250000 0.209880 -0.024690
ECO07166 -3.058640 0.283950 0.000000
ECO03373 -3.250000 0.253090 -0.030860
ECO04813 -2.632720 0.080250 0.000000
ECO07219 -3.250000 0.290120 -0.043210
ECO05498 -3.250000 0.209880 0.000000
ECO04126 -3.250000 0.104940 -0.006170
ECO08821 -3.250000 0.234570 0.000000
ECO06264 -3.250000 0.222220 -0.024690
ECO09302 -3.077160 0.160490 0.000000
ECO09304 -2.663580 0.240740 0.104940
ECO12481 -3.219140 0.271610 0.000000
ECO09997 -3.175930 0.228400 0.024690
ECO10318 -3.033950 0.148150 0.000000
ECO03716 -3.101850 0.209870 0.086420
ECO07460 -3.250000 0.141980 0.000000
ECO10653 -3.250000 0.302470 -0.043210
ECO08495 -2.984570 0.253090 0.000000
ECO02144 -3.132720 0.308650 0.043210
ECO07946 -3.095680 0.160490 0.000000
ECO03465 -3.250000 0.234570 -0.030860
ECO10467 -2.996910 0.166660 0.000000
ECO10874 -3.250000 0.092590 -0.006170
ECO08223 -3.250000 0.179010 0.000000
ECO00237 -2.669750 0.222220 0.104940
ECO08902 -3.250000 0.154320 0.000000
ECO04288 -3.243830 0.216050 -0.024690
ECO04279 -3.250000 0.185190 0.000000
ECO06351 -3.250000 0.283950 -0.037040
ECO04281 -3.250000 0.271600 0.000000
ECO04179 -3.250000 0.074070 -0.006170
ECO10674 -3.250000 0.197530 0.000000
ECO04581 -3.225310 0.302470 -0.018520
ECO05951 -3.250000 0.277780 0.000000
ECO07123 -3.250000 0.203700 -0.024690
ECO05158 -3.250000 0.148150 0.000000
ECO11774 -3.250000 0.222220 -0.024690
ECO03986 -2.959880 0.129630 0.000000
ECO06530 -2.867280 0.166660 0.234570
ECO09697 -3.138890 0.246910 0.000000
ECO07830 -3.046300 0.185190 0.067900
ECO11772 -3.250000 0.185190 0.000000
ECO05458 -3.243830 0.358030 -0.049390
ECO10304 -3.151230 0.314810 0.000000
ECO06060 -2.990740 0.277780 0.092590
ECO10975 -3.101850 0.222220 0.000000
ECO00614 -3.243830 0.197530 -0.018520
ECO10767 -3.219140 0.203710 0.000000
ECO05360 -3.250000 0.209880 -0.024690
ECO07223 -3.250000 0.123460 0.000000
ECO08323 -3.182100 0.216050 0.024690
ECO12374 -3.250000 0.129630 0.000000
ECO05660 -2.978400 0.148150 0.179010
ECO05758 -3.250000 0.185190 0.000000
ECO03279 -3.126540 0.271600 0.055560
ECO03479 -3.243830 0.388890 0.000000
ECO02686 -3.182100 0.166670 0.030860
ECO08225 -3.250000 0.320990 0.000000
ECO05860 -2.867280 0.209870 0.098770
ECO02967 -3.145060 0.339500 0.000000
ECO12525 -3.101850 0.234570 0.080250
ECO12446 -3.250000 0.277780 0.000000
ECO11158 -2.873460 0.117290 0.185180
ECO06720 -3.237650 0.197530 0.000000
ECO11748 -3.095680 0.160490 0.098760
ECO00854 -2.910490 0.222220 0.000000
ECO05047 -2.941360 0.129630 0.172840
ECO09657 -3.003090 0.148150 0.000000
ECO02726 -3.095680 0.222220 0.067900
ECO05298 -3.250000 0.197530 0.000000
ECO08885 -3.250000 0.172840 -0.018520
ECO11798 -3.250000 0.135800 0.000000
ECO06420 -3.243830 0.246920 -0.024690
ECO04362 -3.250000 0.216050 0.000000
ECO08592 -3.250000 0.135800 -0.012350
ECO11855 -3.250000 0.148150 0.000000
ECO05191 -2.959880 0.129630 0.185180
ECO00054 -3.206790 0.277780 0.000000
ECO06470 -3.243830 0.246920 -0.030870
ECO03955 -2.762350 0.135810 0.000000
ECO09764 -3.250000 0.135800 -0.012350
ECO09678 -3.250000 0.129630 0.000000
ECO04755 -3.250000 0.055560 inf
ECO04598 -3.138890 0.320990 0.000000
ECO00861 -3.250000 0.234570 -0.024690
ECO03126 -3.163580 0.370370 0.000000
ECO06613 -3.101850 0.160490 0.067900
ECO11447 -3.250000 0.358020 0.000000
ECO05134 -2.929010 0.123450 0.191360
ECO05884 -3.250000 0.240740 0.000000
ECO00990 -2.972220 0.166660 0.098770
ECO09685 -3.250000 0.388890 0.000000
ECO08192 -3.250000 0.148150 -0.012350
ECO05327 -2.614200 0.080250 0.000000
ECO05920 -3.250000 0.104940 -0.006170
ECO00004 -2.947530 0.203700 0.000000
ECO07806 -3.188270 0.191360 0.024690
ECO06070 -3.250000 0.203700 0.000000
ECO10564 -2.996910 0.148140 0.172840
ECO00061 -3.250000 0.123460 0.000000
ECO11561 -3.212960 0.462960 -0.049380
ECO06956 -2.743830 0.296300 0.000000
ECO03769 -3.250000 0.296300 -0.043210
ECO11709 -3.250000 0.135800 0.000000
ECO12444 -2.638890 0.265430 0.111110
ECO03905 -3.250000 0.290120 0.000000
ECO08728 -3.250000 0.141980 -0.012350
ECO02326 -2.996910 0.253080 0.000000
ECO01690 -2.688270 0.253080 0.111110
ECO02833 -3.169750 0.148150 0.000000
ECO09228 -3.101850 0.203700 0.086420
ECO05970 -2.935190 0.117290 0.000000
ECO06077 -3.250000 0.092590 -0.006170
ECO03212 -3.250000 0.197530 0.000000
ECO10614 -3.250000 0.179010 -0.018520
ECO06763 -3.046300 0.185190 0.000000
ECO05438 -3.101850 0.222220 0.080250
ECO02269 -3.250000 0.216050 0.000000
ECO06364 -3.250000 0.129630 -0.012350
ECO11770 -3.250000 0.290120 0.000000
ECO03917 -3.250000 0.074070 -0.006170
ECO11661 -3.243830 0.376550 0.000000
ECO00424 -2.712960 0.246910 0.104940
ECO09333 -3.250000 0.111110 0.000000
ECO08452 -3.250000 0.222220 -0.024690
ECO00117 -3.250000 0.462960 0.000000
ECO08375 -3.250000 0.283950 -0.043210
ECO11018 -3.182100 0.228400 0.000000
ECO12533 -3.250000 0.185190 -0.018520
ECO00457 -3.126540 0.191350 0.000000
ECO11353 -2.996910 0.172840 0.172840
ECO02359 -3.206790 0.407410 0.000000
ECO02457 -3.250000 0.141980 -0.012350
ECO02466 -3.250000 0.172840 0.000000
ECO09052 -3.231480 0.197530 -0.006170
ECO05678 -3.250000 0.154320 0.000000
ECO03159 -3.182100 0.080250 0.037040
ECO04206 -3.250000 0.253090 0.000000
ECO12524 -3.132720 0.166670 0.055550
ECO04738 -3.250000 0.339510 0.000000
ECO00194 -2.768520 0.302470 0.092590
ECO04508 -3.070990 0.191360 0.000000
ECO05592 -3.250000 0.166670 -0.018520
ECO03747 -3.250000 0.111110 0.000000
ECO10565 -3.250000 0.117280 -0.006170
ECO07796 -3.250000 0.246910 0.000000
ECO04387 -3.188270 0.216050 0.018520
ECO03318 -3.250000 0.141980 0.000000
ECO06955 -3.250000 0.160490 -0.012350
ECO08191 -3.250000 0.191360 0.000000
ECO09234 -3.250000 0.351850 -0.043210
ECO10519 -3.250000 0.185190 0.000000
ECO04150 -3.250000 0.117280 -0.012350
ECO05657 -2.904320 0.111110 0.000000
ECO11607 -3.250000 0.209880 -0.024690
ECO06238 -3.250000 0.197530 0.000000
ECO04983 -3.250000 0.098770 -0.006170
ECO05020 -3.077160 0.179010 0.000000
ECO03197 -3.250000 0.290120 -0.037040
ECO06256 -3.243830 0.271610 0.000000
ECO12162 -3.182100 0.234570 0.024690
ECO06892 -3.163580 0.240740 0.000000
ECO09093 -3.250000 0.166670 -0.018520
ECO06827 -3.120370 0.117280 0.000000
ECO10136 -3.250000 0.154320 -0.018520
ECO07108 -3.225310 0.376540 0.000000
ECO06591 -2.836420 0.098770 0.314810
ECO09336 -3.250000 0.172840 0.000000
ECO06710 -3.243830 0.376550 -0.043210
ECO00957 -3.101850 0.191360 0.000000
ECO06124 -3.250000 0.018520 inf
ECO08047 -3.250000 0.228400 0.000000
ECO10719 -2.848770 0.234570 0.104930
ECO10035 -3.250000 0.086420 0.000000
ECO03048 -3.250000 0.117280 -0.006170
ECO02384 -3.250000 0.166670 0.000000
ECO05103 -3.212960 0.314810 -0.012340
ECO05389 -3.250000 0.370370 0.000000
ECO10787 -3.132720 0.141980 0.067900
ECO09366 -3.250000 0.185190 0.000000
ECO09315 -3.250000 0.222220 -0.024690
ECO09784 -3.157410 0.296300 0.000000
ECO00389 -3.114200 0.283950 0.049380
ECO05355 -3.126540 0.290120 0.000000
ECO12507 -3.219140 0.166670 0.006170
ECO11249 -3.250000 0.185190 0.000000
ECO06819 -3.114200 0.290130 0.061730
ECO03320 -3.250000 0.290120 0.000000
ECO00912 -2.824070 0.240740 0.117290
ECO07755 -3.212960 0.141970 0.000000
ECO09733 -2.638890 0.216050 0.111110
ECO07912 -3.250000 0.179010 0.000000
ECO08447 -2.799380 0.123450 0.222220
ECO02964 -2.836420 0.160490 0.000000
ECO05956 -3.250000 0.166670 -0.018520
ECO06026 -3.250000 0.191360 0.000000
ECO05292 -3.194440 0.179010 0.018520
ECO01712 -3.250000 0.197530 0.000000
ECO09099 -3.250000 0.216050 -0.024690
ECO06241 -3.212960 0.179010 0.000000
ECO03033 -3.250000 0.141980 -0.012350
ECO08431 -3.132720 0.197530 0.000000
ECO08996 -3.188270 0.179010 0.024690
ECO02711 -3.250000 0.234570 0.000000
ECO02675 -3.250000 0.148150 -0.012350
ECO02418 -3.058640 0.240740 0.000000
ECO10536 -3.212960 0.179010 0.006180
ECO10871 -3.250000 0.265430 0.000000
ECO00139 -2.929010 0.216050 0.098770
ECO08345 -3.250000 0.308640 0.000000
ECO11323 -3.250000 0.209880 -0.024690
ECO06991 -3.250000 0.290120 0.000000
ECO08414 -2.941360 0.228400 0.098760
ECO02018 -3.157410 0.179010 0.000000
ECO08745 -2.904320 0.191360 0.098770
ECO04687 -2.527780 0.104940 0.000000
ECO05773 -3.250000 0.154320 -0.018520
ECO02629 -3.250000 0.382720 0.000000
ECO12583 -3.250000 0.197530 -0.024690
ECO09493 -3.070990 0.327160 0.000000
ECO06962 -2.959880 0.135810 0.172840
ECO04084 -3.108020 0.216040 0.000000
ECO02212 -2.885800 0.123450 0.203710
ECO02847 -3.250000 0.160490 0.000000
ECO10068 -3.250000 0.117280 -0.012350
ECO06724 -3.250000 0.327160 0.000000
ECO04384 -3.250000 0.209880 -0.024690
ECO08013 -3.250000 0.228400 0.000000
ECO10236 -3.250000 0.098770 -0.006170
ECO06575 -2.904320 0.117280 0.000000
ECO08329 -3.250000 0.228400 -0.030860
ECO01643 -3.250000 0.154320 0.000000
ECO03015 -3.250000 0.265430 -0.037040
ECO12480 -3.250000 0.314810 0.000000
ECO03705 -3.225310 0.191360 -0.006170
ECO13577 -3.225310 0.191360 0.000000
ECO08256 -3.138890 0.197530 0.049380
ECO03176 -3.250000 0.413580 0.000000
ECO03362 -3.182100 0.277780 0.012340
ECO03631 -3.151230 0.234560 0.000000
ECO04836 -3.250000 0.216050 -0.024690
ECO04436 -3.250000 0.234570 0.000000
ECO09817 -3.040120 0.234560 0.067900
ECO09782 -3.250000 0.160490 0.000000
ECO06624 -3.250000 0.339510 -0.055560
ECO10303 -3.250000 0.271600 0.000000
ECO07710 -3.250000 0.351850 -0.049380
ECO06373 -2.966050 0.129630 0.000000
ECO00357 -3.250000 0.222220 -0.024690
ECO06122 -3.250000 0.135800 0.000000
ECO12046 -3.250000 0.259260 -0.037040
ECO05003 -3.250000 0.148150 0.000000
ECO08266 -3.145060 0.111110 0.061730
ECO00871 -3.027780 0.209880 0.000000
ECO11808 -3.194440 0.246910 0.012350
ECO04715 -3.250000 0.179010 0.000000
ECO08761 -2.984570 0.246920 0.098760
ECO09961 -3.231480 0.141970 0.000000
ECO04145 -3.225310 0.037040 0.012340
ECO08089 -3.200620 0.234570 0.000000
ECO11738 -3.250000 0.259260 -0.030860
ECO12015 -3.250000 0.234570 0.000000
ECO10538 -3.250000 0.141980 -0.012350
ECO04522 -3.250000 0.234570 0.000000
ECO04922 -3.250000 0.030860 inf
ECO07959 -3.250000 0.197530 0.000000
ECO09438 -3.250000 0.246910 -0.030860
ECO10731 -3.212960 0.179010 0.000000
ECO05494 -3.175930 0.308650 0.012340
ECO10138 -3.182100 0.172840 0.000000
ECO05217 -3.077160 0.172840 0.104940
ECO04315 -3.250000 0.234570 0.000000
ECO00873 -3.095680 0.259260 0.055550
ECO09361 -3.089510 0.197530 0.000000
ECO00001 -3.058640 0.179010 0.117290
ECO09931 -3.206790 0.179010 0.000000
ECO09761 -3.250000 0.265430 -0.037040
ECO12317 -3.250000 0.320990 0.000000
ECO12508 -3.250000 0.179010 -0.018520
ECO02452 -3.250000 0.314810 0.000000
ECO04245 -3.250000 0.308640 -0.043210
ECO12417 -3.250000 0.222220 0.000000
ECO02950 -3.250000 0.216050 -0.024690
ECO05224 -3.157410 0.253090 0.000000
ECO03045 -2.910490 0.111110 0.209880
ECO03052 -3.250000 0.290120 0.000000
ECO08568 -3.250000 0.104940 -0.006170
ECO08272 -2.966050 0.160490 0.000000
ECO02005 -2.959880 0.246920 0.092590
ECO12285 -2.546300 0.098770 0.000000
ECO10142 -3.212960 0.283950 -0.012340
ECO02905 -3.250000 0.092590 0.000000
ECO02139 -3.188270 0.166670 0.024690
ECO04616 -3.250000 0.333330 0.000000
ECO08367 -3.250000 0.179010 -0.018520
ECO07967 -3.250000 0.271600 0.000000
ECO09360 -2.879630 0.111110 0.197530
ECO09739 -3.250000 0.283950 0.000000
ECO03137 -3.250000 0.086420 -0.006170
ECO02458 -3.250000 0.185190 0.000000
ECO02744 -3.027780 0.154320 0.092590
ECO06895 -3.175930 0.240740 0.000000
ECO08467 -3.015430 0.148150 0.148150
ECO08074 -3.219140 0.216050 0.000000
ECO08260 -3.250000 0.234570 -0.024690
ECO12609 -3.250000 0.166670 0.000000
ECO11233 -3.182100 0.179010 0.030860
ECO12516 -3.250000 0.265430 0.000000
ECO02365 -3.250000 0.172840 -0.018520
ECO12523 -2.836420 0.265430 0.000000
ECO12623 -3.250000 0.166670 -0.018520
ECO12602 -3.250000 0.185190 0.000000
ECO03537 -3.250000 0.037040 inf
ECO03430 -3.033950 0.228390 0.000000
ECO06881 -3.250000 0.185190 -0.018520
ECO05316 -3.132720 0.228400 0.000000
ECO12249 -3.250000 0.154320 -0.012350
ECO00805 -3.250000 0.339510 0.000000
ECO11639 -3.126540 0.314810 0.043210
ECO04290 -3.250000 0.111110 0.000000
ECO11883 -3.250000 0.141980 -0.012350
ECO12006 -3.182100 0.160500 0.000000
ECO04011 -3.250000 0.191360 -0.018520
ECO10529 -2.824070 0.111110 0.000000
ECO03054 -3.250000 0.037040 inf
ECO09870 -2.879630 0.104940 0.000000
ECO01312 -2.953700 0.246910 0.092600
ECO04756 -3.250000 0.135800 0.000000
ECO12548 -3.250000 0.160490 -0.018520
ECO09978 -3.089510 0.228400 0.000000
ECO03112 -2.811730 0.111110 0.265430
ECO02226 -3.250000 0.216050 0.000000
ECO02469 -3.250000 0.265430 -0.030860
ECO02383 -3.250000 0.209880 0.000000
ECO03679 -3.250000 0.043210 inf
ECO12551 -3.250000 0.172840 0.000000
ECO12081 -3.250000 0.135800 -0.012350
ECO01707 -3.033950 0.222220 0.000000
ECO02207 -3.250000 0.228400 -0.030860
ECO04858 -3.083330 0.283950 0.000000
ECO08325 -3.250000 0.259260 -0.030860
ECO08132 -3.250000 0.234570 0.000000
ECO00920 -2.947530 0.191360 0.092590
ECO08683 -3.250000 0.228400 0.000000
ECO08390 -3.250000 0.246910 -0.024690
ECO00881 -2.663580 0.111110 0.000000
ECO11495 -3.095680 0.234570 0.080250
ECO06986 -3.250000 0.296300 0.000000
ECO11807 -3.250000 0.154320 -0.018520
ECO03203 -3.015430 0.240740 0.000000
ECO02335 -3.250000 0.283950 -0.037040
ECO12675 -3.250000 0.185190 0.000000
ECO00970 -3.250000 0.160490 -0.018520
ECO00677 -3.077160 0.240740 0.000000
ECO01867 -3.206790 0.209880 0.006170
ECO12557 -3.250000 0.179010 0.000000
ECO05893 -3.250000 0.148150 -0.018520
ECO12568 -3.212960 0.228390 0.000000
ECO03728 -3.250000 0.234570 -0.030860
ECO06654 -3.250000 0.179010 0.000000
ECO12518 -3.126540 0.179010 0.055560
ECO09687 -3.175930 0.197530 0.000000
ECO04848 -3.095680 0.209880 0.086420
ECO12334 -2.787040 0.092600 0.000000
ECO02433 -3.250000 0.209880 -0.024690
ECO03319 -3.250000 0.185190 0.000000
ECO10976 -3.046300 0.148150 0.141970
ECO11479 -3.250000 0.395060 0.000000
ECO08617 -3.250000 0.172840 -0.018520
ECO09803 -3.077160 0.259260 0.000000
ECO08424 -3.250000 0.172840 -0.018520
ECO10675 -2.848770 0.098770 0.000000
ECO08024 -3.250000 0.265430 -0.037040
ECO04073 -3.250000 0.314810 0.000000
ECO04966 -3.250000 0.135800 -0.012350
ECO05759 -3.250000 0.222220 0.000000
ECO02801 -3.250000 0.172840 -0.018520
ECO08410 -3.250000 0.129630 0.000000
ECO09217 -3.250000 0.228400 -0.030860
ECO02394 -3.250000 0.129630 0.000000
ECO02355 -3.250000 0.228400 -0.030860
ECO02287 -3.250000 0.172840 0.000000
ECO02138 -3.145060 0.240740 0.049380
ECO09575 -3.250000 0.117280 0.000000
ECO02840 -2.978400 0.209880 0.098760
ECO02406 -3.250000 0.222220 0.000000
ECO01938 -2.935190 0.216050 0.111110
ECO05417 -2.953700 0.327160 0.000000
ECO02843 -3.250000 0.191360 -0.018520
ECO12510 -3.212960 0.216050 0.000000
ECO08168 -3.250000 0.117280 -0.012350
ECO00980 -3.250000 0.179010 0.000000
ECO03545 -3.250000 0.253090 -0.030860
ECO07189 -3.250000 0.172840 0.000000
ECO02745 -3.250000 0.160490 -0.018520
ECO02459 -3.250000 0.222220 0.000000
ECO11897 -3.237650 0.271600 -0.024690
ECO12467 -3.040120 0.166660 0.000000
ECO02391 -3.250000 0.154320 -0.018520
ECO05769 -3.219140 0.203710 0.000000
ECO03361 -3.237650 0.333330 -0.037030
ECO06012 -3.250000 0.320990 0.000000
ECO00655 -2.694440 0.246910 0.104940
ECO05910 -3.250000 0.129630 0.000000
ECO12535 -3.250000 0.185190 -0.018520
ECO03102 -3.250000 0.098770 0.000000
ECO09050 -2.873460 0.154320 0.246910
ECO12292 -3.219140 0.246920 0.000000
ECO06846 -3.200620 0.283950 0.000000
ECO02409 -3.250000 0.333330 0.000000
ECO09495 -3.163580 0.314810 0.018520
ECO03179 -3.250000 0.086420 0.000000
ECO04981 -3.250000 0.104940 -0.006170
ECO08401 -3.250000 0.179010 0.000000
ECO04964 -3.250000 0.283950 -0.030860
ECO12668 -3.250000 0.160490 0.000000
ECO00420 -3.231480 0.185180 -0.006170
ECO05818 -3.151230 0.148140 0.000000
ECO02167 -3.175930 0.246920 0.024690
ECO12475 -3.250000 0.117280 0.000000
ECO12300 -3.237650 0.172840 -0.012340
ECO05468 -3.200620 0.308640 0.000000
ECO11714 -3.250000 0.123460 -0.012350
ECO02135 -3.145060 0.228390 0.000000
ECO03353 -3.163580 0.382720 0.006170
ECO02485 -3.250000 0.370370 0.000000
ECO12632 -3.250000 0.228400 -0.030860
ECO12582 -3.250000 0.172840 0.000000
ECO04621 -3.250000 0.166670 -0.018520
ECO02467 -3.046300 0.209880 0.000000
ECO12651 -3.250000 0.265430 -0.030860
ECO05762 -3.250000 0.179010 0.000000
ECO06695 -3.250000 0.197530 -0.018520
ECO09394 -3.250000 0.246910 0.000000
ECO04021 -3.250000 0.327160 -0.043210
ECO11563 -3.250000 0.246910 0.000000
ECO09725 -3.114200 0.203710 0.061730
ECO05481 -3.145060 0.265430 0.000000
ECO06762 -3.231480 0.246910 -0.012340
ECO09929 -3.250000 0.271600 0.000000
ECO04713 -3.250000 0.290120 -0.037040
ECO04990 -3.083330 0.172840 0.000000
ECO04784 -3.250000 0.179010 -0.018520
ECO08813 -3.250000 0.197530 0.000000
ECO06706 -2.996910 0.154320 0.154320
ECO12063 -3.250000 0.283950 0.000000
ECO06392 -2.966050 0.135800 0.191360
ECO01861 -3.083330 0.253080 0.000000
ECO09064 -3.250000 0.197530 -0.018520
ECO03347 -3.250000 0.123460 0.000000
ECO12513 -3.250000 0.234570 -0.030860
ECO08863 -3.126540 0.055550 0.000000
ECO10586 -3.157410 0.277780 0.030860
ECO09250 -3.250000 0.197530 0.000000
ECO05420 -3.250000 0.271600 -0.030860
ECO11812 -3.175930 0.259260 0.000000
ECO10500 -3.021600 0.228390 0.129630
ECO02662 -3.250000 0.123460 0.000000
ECO03969 -3.250000 0.135800 -0.012350
ECO04484 -3.237650 0.277770 0.000000
ECO11762 -3.250000 0.283950 -0.037040
ECO08963 -3.250000 0.166670 0.000000
ECO11776 -3.250000 0.141980 -0.012350
ECO10400 -3.188270 0.209870 0.000000
ECO10550 -3.009260 0.191360 0.135800
ECO02398 -3.212960 0.234560 0.000000
ECO02698 -3.250000 0.185190 -0.018520
ECO04133 -3.064810 0.253080 0.000000
ECO07977 -2.379630 0.296300 0.129630
ECO08264 -3.157410 0.185190 0.000000
ECO00526 -3.046300 0.339510 0.074070
ECO05755 -3.250000 0.191360 0.000000
ECO12612 -3.250000 0.216050 -0.024690
ECO05506 -3.077160 0.179010 0.000000
ECO05470 -3.151230 0.222220 0.043210
ECO02514 -3.243830 0.407410 0.000000
ECO10015 -2.885800 0.117280 0.197530
ECO02328 -3.250000 0.141980 0.000000
ECO12561 -3.250000 0.296300 -0.037040
ECO11491 -3.157410 0.296300 0.000000
ECO00776 -2.842590 0.203700 0.104940
ECO10435 -2.861110 0.111110 0.000000
ECO05605 -3.250000 0.154320 -0.012350
ECO03098 -3.250000 0.080250 0.000000
ECO02361 -2.793210 0.283950 0.111110
ECO02348 -3.250000 0.351850 0.000000
ECO09976 -3.250000 0.209880 -0.030860
ECO07802 -3.200620 0.086420 0.000000
ECO05879 -3.250000 0.209880 -0.024690
ECO11753 -3.237650 0.320980 0.000000
ECO04349 -3.095680 0.228400 0.080250
ECO11599 -3.169750 0.209870 0.000000
ECO08623 -3.250000 0.197530 -0.018520
ECO11247 -3.250000 0.172840 0.000000
ECO11751 -3.250000 0.203700 -0.024690
ECO08653 -3.250000 0.203700 0.000000
ECO05385 -3.250000 0.185190 -0.018520
ECO00069 -3.188270 0.179010 0.000000
ECO05426 -3.250000 0.222220 -0.030860
ECO08357 -3.151230 0.234560 0.000000
ECO03847 -3.250000 0.166670 -0.018520
ECO03809 -2.712960 0.111110 0.000000
ECO04309 -3.250000 0.117280 -0.012350
ECO00210 -3.250000 0.154320 0.000000
ECO02718 -3.250000 0.135800 -0.012350
ECO03518 -3.027780 0.197530 0.000000
ECO03118 -3.250000 0.209880 -0.024690
ECO11552 -3.250000 0.117280 0.000000
ECO05681 -3.250000 0.432100 -0.074070
ECO10576 -3.175930 0.246920 0.000000
ECO05381 -3.132720 0.203710 0.049380
ECO12402 -3.237650 0.049380 0.000000
ECO06964 -2.632720 0.092600 0.277770
ECO09963 -2.805560 0.253090 0.000000
ECO08493 -3.250000 0.117280 -0.012350
ECO05785 -3.021600 0.265430 0.000000
ECO04930 -3.250000 0.191360 -0.024690
ECO03258 -3.250000 0.160490 0.000000
ECO04560 -3.250000 0.043210 inf
ECO05819 -3.250000 0.246910 0.000000
ECO06062 -3.021600 0.271600 0.067910
ECO03987 -3.250000 0.117280 0.000000
ECO02887 -3.163580 0.197530 0.043210
ECO11196 -2.916670 0.234570 0.000000
ECO06902 -3.250000 0.209880 -0.024690
ECO05826 -3.169750 0.302470 0.000000
ECO08198 -3.250000 0.160490 -0.018520
ECO06728 -3.231480 0.253080 0.000000
ECO02318 -2.608020 0.098760 0.209880
ECO10606 -3.250000 0.358020 0.000000
ECO05832 -3.250000 0.228400 -0.030860
ECO05926 -3.250000 0.222220 0.000000
ECO01439 -3.033950 0.246910 0.067900
ECO08064 -3.212960 0.222220 0.000000
ECO04556 -3.095680 0.179010 0.092590
ECO11450 -3.250000 0.166670 0.000000
ECO03058 -3.250000 0.098770 -0.006170
ECO10506 -3.250000 0.327160 0.000000
ECO11648 -3.250000 0.234570 -0.030860
ECO06519 -3.046300 0.314820 0.000000
ECO02182 -2.614200 0.080250 0.395060
ECO06085 -3.200620 0.123460 0.000000
ECO09776 -3.126540 0.240740 0.055560
ECO11902 -3.250000 0.055560 0.000000
ECO04409 -3.250000 0.117280 -0.006170
ECO06462 -3.151230 0.197530 0.000000
ECO06221 -3.250000 0.179010 -0.018520
ECO09876 -2.947530 0.117280 0.000000
ECO05060 -3.250000 0.166670 -0.018520
ECO05530 -3.250000 0.327160 0.000000
ECO05526 -3.095680 0.382720 0.049380
ECO04460 -3.231480 0.277780 0.000000
ECO05579 -3.225310 0.370370 -0.037040
ECO08491 -3.250000 0.086420 0.000000
ECO02375 -3.033950 0.253090 0.123460
ECO06651 -3.250000 0.191360 0.000000
ECO06281 -3.250000 0.333330 -0.043210
ECO08102 -3.250000 0.228400 0.000000
ECO07162 -3.182100 0.370370 0.000000
ECO03309 -3.243830 0.160500 0.000000
ECO02237 -3.163580 0.203700 0.037040
ECO04749 -3.151230 0.327160 0.000000
ECO02341 -3.250000 0.061730 inf
ECO02650 -3.108020 0.222220 0.000000
ECO06494 -2.898150 0.104940 0.209870
ECO12615 -3.052470 0.160490 0.000000
ECO02352 -3.114200 0.271610 0.055550
ECO05015 -3.250000 0.129630 0.000000
ECO02653 -3.250000 0.253090 -0.030860
ECO07865 -3.250000 0.129630 0.000000
ECO06619 -3.250000 0.216050 -0.030860
ECO09236 -3.095680 0.302470 0.000000
ECO03418 -3.250000 0.148150 -0.012350
ECO09672 -3.250000 0.135800 0.000000
ECO05290 -3.250000 0.141980 -0.012350
ECO00639 -3.033950 0.246910 0.000000
ECO02984 -3.250000 0.185190 -0.018520
ECO02684 -3.250000 0.203700 0.000000
ECO07855 -2.638890 0.086420 0.345680
ECO06862 -3.250000 0.222220 0.000000
ECO12540 -2.904320 0.160490 0.240740
ECO06585 -3.182100 0.209880 0.000000
ECO01641 -3.200620 0.166670 0.018520
ECO03654 -3.250000 0.154320 0.000000
ECO05419 -3.250000 0.296300 -0.043210
ECO05392 -3.250000 0.308640 0.000000
ECO08091 -3.250000 0.074070 -0.006170
ECO05283 -2.879630 0.111110 0.000000
ECO08057 -3.089510 0.166670 0.098760
ECO10366 -3.237650 0.314810 0.000000
ECO03882 -3.250000 0.228400 -0.024690
ECO01913 -2.891980 0.191360 0.000000
ECO03282 -3.064810 0.197530 0.104940
ECO09447 -3.250000 0.308640 0.000000
ECO03985 -2.996910 0.148140 0.166670
ECO03950 -3.250000 0.111110 0.000000
ECO08715 -3.250000 0.246910 -0.030860
ECO03682 -3.200620 0.598770 0.000000
ECO06240 -3.250000 0.166670 -0.018520
ECO02035 -3.163580 0.166670 0.000000
ECO07202 -3.157410 0.197530 0.043210
ECO11792 -3.250000 0.290120 0.000000
ECO11702 -2.879630 0.111110 0.240740
ECO04109 -3.237650 0.123450 0.000000
ECO08004 -3.250000 0.228400 -0.024690
ECO04568 -3.250000 0.228400 0.000000
ECO11996 -3.250000 0.265430 -0.030860
ECO04317 -3.120370 0.265430 0.000000
ECO08698 -3.250000 0.197530 -0.018520
ECO07094 -3.237650 0.197530 0.000000
ECO03096 -3.250000 0.259260 -0.037040
ECO10401 -3.250000 0.160490 0.000000
ECO03960 -2.638890 0.086420 0.345680
ECO12353 -3.250000 0.141980 0.000000
ECO12653 -3.250000 0.308640 -0.049380
ECO12372 -3.003090 0.160500 0.000000
ECO10395 -3.126540 0.265430 0.055560
ECO08912 -3.250000 0.283950 0.000000
ECO00824 -2.953700 0.209870 0.092600
ECO04985 -3.250000 0.148150 0.000000
ECO11929 -3.250000 0.160490 -0.012350
ECO10452 -3.033950 0.197530 0.000000
ECO06626 -3.250000 0.197530 -0.024690
ECO05503 -3.250000 0.259260 0.000000
ECO08904 -3.015430 0.290120 0.074080
ECO05430 -3.206790 0.351850 0.000000
ECO07751 -3.151230 0.185180 0.049390
ECO08261 -3.250000 0.216050 0.000000
ECO09898 -3.250000 0.290120 -0.037040
ECO11591 -3.250000 0.228400 0.000000
ECO05754 -3.250000 0.246910 -0.030860
ECO05554 -2.891980 0.172840 0.000000
ECO04768 -3.219140 0.308650 -0.018520
ECO10001 -3.250000 0.179010 0.000000
ECO09298 -3.188270 0.203700 0.018520
ECO01713 -3.250000 0.246910 0.000000
ECO08312 -3.250000 0.172840 -0.018520
ECO04971 -3.250000 0.327160 0.000000
ECO07729 -3.250000 0.166670 -0.018520
ECO02631 -3.101850 0.172840 0.000000
ECO07712 -3.250000 0.228400 -0.030860
ECO05189 -3.250000 0.290120 0.000000
ECO02882 -3.250000 0.129630 -0.012350
ECO07175 -3.250000 0.160490 0.000000
ECO08909 -2.984570 0.283950 0.086420
ECO05492 -2.978400 0.234570 0.000000
ECO12206 -3.250000 0.203700 -0.024690
ECO09027 -3.243830 0.166670 0.000000
ECO09134 -3.058640 0.197530 0.074080
ECO09427 -3.250000 0.191360 0.000000
ECO05892 -3.250000 0.061730 inf
ECO02977 -3.250000 0.259260 0.000000
ECO07007 -2.867280 0.111110 0.253090
ECO01242 -2.978400 0.240750 0.000000
ECO03681 -3.250000 0.271600 -0.037040
ECO04118 -3.250000 0.067900 0.000000
ECO12011 -3.250000 0.148150 -0.012350
ECO06743 -3.250000 0.160490 0.000000
ECO12212 -2.947530 0.271600 0.098770
ECO11626 -3.095680 0.228400 0.000000
ECO07091 -3.126540 0.265430 0.055560
ECO02162 -3.250000 0.209880 0.000000
ECO07878 -3.250000 0.209880 -0.024690
ECO11375 -3.206790 0.191360 0.000000
ECO04019 -3.250000 0.092590 -0.006170
ECO06272 -3.250000 0.197530 0.000000
ECO03399 -3.250000 0.148150 -0.012350
ECO04068 -3.250000 0.265430 0.000000
ECO06225 -3.212960 0.209870 0.006180
ECO03307 -3.250000 0.203700 0.000000
ECO07553 -3.089510 0.154320 0.104930
ECO05130 -3.250000 0.209880 0.000000
ECO06551 -3.182100 0.265430 0.018520
ECO10025 -3.250000 0.246910 0.000000
ECO02788 -3.182100 0.265430 0.018520
ECO03188 -3.151230 0.185180 0.000000
ECO02707 -3.250000 0.308640 -0.043210
ECO12002 -3.250000 0.179010 0.000000
ECO09548 -3.250000 0.117280 -0.012350
ECO05336 -3.250000 0.129630 0.000000
ECO01988 -3.058640 0.222220 0.074080
ECO12453 -3.021600 0.148140 0.000000
ECO06130 -3.250000 0.216050 -0.024690
ECO04358 -3.027780 0.111110 0.000000
ECO08280 -3.250000 0.234570 -0.024690
ECO05990 -3.145060 0.049380 0.000000
ECO00473 -3.169750 0.203700 0.030870
ECO02714 -3.250000 0.228400 0.000000
ECO08212 -3.250000 0.104940 -0.006170
ECO05522 -3.250000 0.160490 0.000000
ECO02481 -3.250000 0.129630 -0.012350
ECO05386 -2.941360 0.160500 0.000000
ECO02578 -3.250000 0.179010 -0.018520
ECO02395 -3.021600 0.154320 0.000000
ECO00141 -3.250000 0.179010 -0.018520
ECO11474 -3.188270 0.154320 0.000000
ECO00073 -3.126540 0.191350 0.055560
ECO11893 -3.250000 0.234570 0.000000
ECO05553 -3.250000 0.234570 -0.030860
ECO08147 -3.219140 0.228400 0.000000
ECO02246 -3.175930 0.154330 0.037030
ECO05689 -2.385800 0.092590 0.000000
ECO05757 -3.070990 0.179010 0.074070
ECO03132 -3.250000 0.351850 0.000000
ECO03213 -3.250000 0.111110 -0.012350
ECO02664 -2.799380 0.092590 0.000000
ECO05054 -3.145060 0.080250 0.061730
ECO06489 -2.731480 0.117280 0.000000
ECO05671 -3.250000 0.135800 -0.012350
ECO09882 -2.743830 0.098770 0.000000
ECO12545 -3.077160 0.209880 0.067900
ECO08331 -3.250000 0.216050 0.000000
ECO07310 -3.250000 0.432100 -0.067900
ECO11507 -3.250000 0.222220 0.000000
ECO11493 -3.250000 0.228400 -0.030860
ECO03280 -3.250000 0.234570 0.000000
ECO02815 -3.250000 0.166670 -0.018520
ECO02929 -3.250000 0.222220 0.000000
ECO02429 -3.250000 0.265430 -0.030860
ECO08596 -3.250000 0.209880 0.000000
ECO12194 -3.250000 0.067900 -0.006170
ECO04752 -3.101850 0.216050 0.000000
ECO02680 -3.250000 0.234570 -0.030860
ECO04501 -3.250000 0.228400 0.000000
ECO06273 -3.120370 0.049380 0.037040
ECO05673 -3.163580 0.216050 0.000000
ECO12145 -3.077160 0.160490 0.074070
ECO00257 -3.225310 0.172840 0.000000
ECO05538 -3.250000 0.154320 -0.012350
ECO04186 -3.250000 0.388890 0.000000
ECO12578 -3.250000 0.203700 -0.024690
ECO06089 -3.250000 0.154320 0.000000
ECO01343 -3.015430 0.216050 0.067900
ECO11104 -3.070990 0.191360 0.000000
ECO07210 -3.250000 0.092590 -0.006170
ECO08479 -3.250000 0.166670 0.000000
ECO05271 -3.250000 0.154320 -0.018520
ECO08245 -3.046300 0.154320 0.000000
ECO04838 -3.058640 0.234570 0.104940
ECO04452 -3.138890 0.246910 0.000000
ECO07124 -3.250000 0.203700 -0.024690
ECO12029 -3.046300 0.246920 0.000000
ECO04217 -3.250000 0.148150 -0.012350
ECO06008 -3.225310 0.333330 0.000000
ECO07862 -3.250000 0.259260 -0.030860
ECO00322 -2.978400 0.271610 0.000000
ECO02580 -3.089510 0.061730 0.055550
ECO06473 -3.225310 0.203710 0.000000
ECO02881 -3.250000 0.364200 -0.043210
ECO02128 -2.978400 0.246920 0.000000
ECO08011 -3.250000 0.135800 -0.012350
ECO09331 -3.182100 0.259260 0.000000
ECO02996 -3.157410 0.271610 0.030860
ECO04601 -3.250000 0.197530 0.000000
ECO12580 -3.200620 0.166670 0.018520
ECO04652 -3.250000 0.191360 0.000000
ECO04587 -3.250000 0.154320 -0.012350
ECO07910 -3.250000 0.179010 0.000000
ECO05038 -3.250000 0.222220 -0.024690
ECO07024 -3.250000 0.074070 0.000000
ECO03107 -3.157410 0.277780 0.030860
ECO11652 -3.250000 0.172840 0.000000
ECO04610 -3.231480 0.407410 -0.049380
ECO02206 -3.194440 0.358020 0.000000
ECO04933 -3.250000 0.240740 -0.030860
ECO12626 -2.830250 0.123460 0.000000
ECO00705 -3.250000 0.271600 -0.030860
ECO00103 -2.762350 0.259260 0.000000
ECO05517 -3.058640 0.197530 0.104940
ECO08968 -3.212960 0.246910 0.000000
ECO00354 -2.904320 0.203700 0.092590
ECO10017 -3.212960 0.296290 0.000000
ECO03458 -3.250000 0.209880 -0.024690
ECO02337 -3.206790 0.172840 0.000000
ECO10476 -3.101850 0.185180 0.086420
ECO05930 -3.250000 0.290120 0.000000
ECO06532 -3.212960 0.117280 0.018520
ECO06275 -3.250000 0.339510 0.000000
ECO04803 -3.250000 0.308640 -0.043210
ECO02949 -3.250000 0.172840 0.000000
ECO06526 -3.250000 0.166670 -0.018520
ECO12646 -3.250000 0.358020 0.000000
ECO04654 -3.250000 0.253090 -0.030860
ECO07794 -3.188270 0.154320 0.000000
ECO00860 -3.188270 0.191360 0.024690
ECO06957 -3.250000 0.246910 0.000000
ECO07143 -3.250000 0.160490 -0.018520
ECO11309 -3.250000 0.296300 0.000000
ECO05603 -2.830250 0.104940 0.308640
ECO12497 -3.145060 0.296290 0.000000
ECO06714 -3.089510 0.148150 0.098760
ECO05365 -3.237650 0.240740 0.000000
ECO09920 -3.237650 0.228390 -0.018510
ECO06335 -3.182100 0.364200 0.000000
ECO02993 -3.250000 0.179010 -0.018520
ECO10013 -3.250000 0.172840 0.000000
ECO04563 -3.250000 0.333330 -0.049380
ECO04772 -3.145060 0.253080 0.000000
ECO01064 -3.003090 0.154320 0.154320
ECO12097 -3.206790 0.216050 0.000000
ECO09143 -3.052470 0.358030 0.074070
ECO12131 -3.009260 0.283950 0.000000
ECO08607 -3.250000 0.203700 -0.024690
ECO08675 -3.250000 0.092590 0.000000
ECO03731 -3.250000 0.320990 -0.043210
ECO11758 -3.250000 0.141980 0.000000
ECO10090 -3.250000 0.123460 -0.012350
ECO04363 -3.250000 0.271600 0.000000
ECO07548 -3.250000 0.154320 -0.012350
ECO07779 -2.904320 0.283950 0.000000
ECO06958 -3.250000 0.141980 -0.012350
ECO05490 -3.250000 0.203700 0.000000
ECO02693 -3.250000 0.179010 -0.018520
ECO02834 -3.250000 0.314810 0.000000
ECO06510 -3.120370 0.277780 0.055560
ECO12492 -3.225310 0.296300 0.000000
ECO09020 -3.250000 0.104940 -0.006170
ECO06042 -2.867280 0.098760 0.000000
ECO11663 -3.120370 0.209880 0.055560
ECO04565 -3.250000 0.092590 0.000000
ECO11990 -2.780860 0.092590 0.333340
ECO07875 -3.250000 0.135800 0.000000
ECO05901 -3.108020 0.179010 0.061730
ECO09854 -3.175930 0.191360 0.000000
ECO10756 -2.879630 0.240740 0.086420
ECO10547 -3.182100 0.296300 0.000000
ECO06544 -3.250000 0.185190 -0.018520
ECO05399 -3.095680 0.185190 0.000000
ECO10288 -3.250000 0.135800 -0.012350
ECO09956 -3.250000 0.123460 0.000000
ECO06978 -2.848770 0.277780 0.098760
ECO10683 -3.145060 0.240740 0.000000
ECO02332 -3.250000 0.160490 -0.018520
ECO03629 -3.250000 0.185190 0.000000
ECO05867 -3.250000 0.209880 -0.024690
ECO03229 -3.250000 0.135800 0.000000
ECO02298 -3.250000 0.185190 -0.018520
ECO03404 -3.212960 0.345680 0.000000
ECO12633 -3.250000 0.240740 -0.030860
ECO03263 -3.250000 0.086420 0.000000
ECO06844 -3.225310 0.271610 -0.012350
ECO10120 -3.250000 0.327160 0.000000
ECO08044 -3.250000 0.253090 -0.030860
ECO00253 -2.669750 0.271600 0.000000
ECO02525 -3.132720 0.191360 0.055550
ECO08986 -3.250000 0.098770 0.000000
ECO01723 -3.101850 0.209870 0.061730
ECO02157 -3.169750 0.265430 0.000000
ECO11665 -3.250000 0.179010 -0.018520
ECO09086 -3.027780 0.203710 0.000000
ECO04674 -2.966050 0.160490 0.160490
ECO02223 -3.250000 0.197530 0.000000
ECO06444 -3.250000 0.129630 -0.012350
ECO07907 -3.250000 0.240740 0.000000
ECO08920 -3.250000 0.246910 -0.030860
ECO10881 -3.231480 0.253080 0.000000
ECO09486 -3.145060 0.228390 0.043210
ECO01321 -3.250000 0.104940 0.000000
ECO11387 -3.250000 0.123460 -0.012350
ECO10613 -3.250000 0.135800 0.000000
ECO10413 -3.175930 0.283950 0.018510
ECO07707 -3.250000 0.135800 0.000000
ECO10320 -3.132720 0.253090 0.049380
ECO11455 -3.120370 0.185180 0.000000
ECO11489 -3.250000 0.302470 -0.043210
ECO11865 -3.250000 0.154320 0.000000
ECO02402 -3.250000 0.185190 -0.018520
ECO06376 -3.250000 0.111110 0.000000
ECO11797 -3.250000 0.129630 -0.012350
ECO02691 -3.021600 0.185180 0.000000
ECO02125 -3.212960 0.185180 0.006180
ECO07839 -3.250000 0.166670 0.000000
ECO03997 -3.250000 0.240740 -0.030860
ECO11690 -3.157410 0.098770 0.000000
ECO12567 -3.120370 0.253090 0.055560
ECO04572 -3.046300 0.222230 0.000000
ECO05967 -3.083330 0.228390 0.092600
ECO06069 -3.250000 0.135800 0.000000
ECO12260 -3.083330 0.179010 0.098770
ECO09183 -3.250000 0.197530 0.000000
ECO10069 -2.929010 0.166660 0.222220
ECO08444 -3.132720 0.080250 0.000000
ECO06793 -3.250000 0.172840 -0.018520
ECO11928 -3.250000 0.166670 0.000000
ECO12414 -3.250000 0.191360 -0.018520
ECO08979 -2.799380 0.092590 0.000000
ECO02346 -3.095680 0.271610 0.074070
ECO05704 -3.250000 0.320990 0.000000
ECO08562 -3.250000 0.302470 -0.043210
ECO05504 -3.250000 0.209880 0.000000
ECO08916 -3.250000 0.333330 -0.049380
ECO12379 -3.250000 0.209880 0.000000
ECO03367 -3.250000 0.185190 -0.018520
ECO11942 -3.033950 0.160490 0.000000
ECO10537 -3.250000 0.203700 -0.024690
ECO03618 -3.250000 0.092590 0.000000
ECO05104 -3.250000 0.117280 -0.012350
ECO10451 -3.250000 0.203700 0.000000
ECO09516 -2.780860 0.129630 0.191360
ECO06439 -2.873460 0.419760 0.000000
ECO05321 -3.250000 0.228400 -0.024690
ECO06325 -3.250000 0.166670 0.000000
ECO00023 -3.243830 0.222230 -0.018520
ECO05304 -3.138890 0.191360 0.000000
ECO10316 -3.064810 0.197530 0.104940
ECO05086 -3.250000 0.185190 0.000000
ECO10302 -3.250000 0.216050 -0.024690
ECO03649 -3.250000 0.123460 0.000000
ECO04635 -3.175930 0.222230 0.030860
ECO00105 -3.250000 0.185190 0.000000
ECO01709 -3.231480 0.160490 -0.006170
ECO03032 -3.250000 0.104940 0.000000
ECO02695 -3.250000 0.123460 -0.012350
ECO02763 -3.250000 0.160490 0.000000
ECO00691 -3.175930 0.240740 0.024690
ECO05904 -2.922840 0.166670 0.000000
ECO02228 -3.101850 0.222220 0.061730
ECO06725 -3.250000 0.185190 0.000000
ECO03181 -3.003090 0.141980 0.166660
ECO05035 -2.848770 0.141980 0.000000
ECO00942 -3.250000 0.308640 -0.037040
ECO06090 -2.750000 0.104940 0.000000
ECO07793 -2.879630 0.209880 0.092590
ECO05690 -3.250000 0.216050 0.000000
ECO02495 -3.070990 0.172840 0.111110
ECO12528 -3.250000 0.172840 0.000000
ECO06976 -3.250000 0.185190 -0.018520
ECO12460 -2.891980 0.222230 0.000000
ECO11510 -3.163580 0.197530 0.043210
ECO08630 -3.250000 0.086420 0.000000
ECO12111 -3.009260 0.265430 0.086420
ECO04904 -3.250000 0.141980 0.000000
ECO11728 -3.250000 0.148150 -0.012350
ECO04197 -3.250000 0.259260 0.000000
ECO08141 -3.101850 0.253080 0.061730
ECO03095 -3.250000 0.104940 0.000000
ECO08686 -3.077160 0.234570 0.067900
ECO08107 -3.250000 0.290120 0.000000
ECO12558 -2.768520 0.111110 0.246910
ECO02300 -3.250000 0.209880 0.000000
ECO05674 -3.250000 0.228400 -0.030860
ECO05742 -3.243830 0.246920 0.000000
ECO03270 -3.250000 0.271600 -0.037040
ECO12665 -3.250000 0.283950 0.000000
ECO03695 -3.243830 0.228400 -0.024690
ECO00721 -3.108020 0.209870 0.000000
ECO05235 -2.898150 0.129630 0.197530
ECO12367 -3.250000 0.030860 0.000000
ECO10758 -2.935190 0.203710 0.098760
ECO10690 -2.959880 0.271610 0.000000
ECO06635 -3.250000 0.283950 -0.037040
ECO07146 -3.250000 0.135800 0.000000
ECO07648 -3.064810 0.222220 0.104940
ECO11660 -3.250000 0.074070 0.000000
ECO06707 -3.250000 0.185190 -0.018520
ECO12193 -3.250000 0.345680 0.000000
ECO02946 -3.145060 0.283950 0.043210
ECO02814 -3.212960 0.179010 0.000000
ECO11189 -3.108020 0.216040 0.061730
ECO02781 -3.095680 0.191360 0.000000
ECO09851 -3.250000 0.172840 -0.018520
ECO09916 -3.250000 0.246910 0.000000
ECO12447 -3.237650 0.333330 -0.037030
ECO12010 -2.663580 0.092590 0.000000
ECO08580 -3.250000 0.259260 -0.030860
ECO03099 -2.959880 0.135810 0.000000
ECO12596 -3.250000 0.222220 -0.024690
ECO06581 -3.219140 0.265440 0.000000
ECO02488 -3.250000 0.141980 -0.012350
ECO08430 -3.250000 0.141980 0.000000
ECO02177 -3.250000 0.148150 -0.012350
ECO05985 -3.250000 0.358020 0.000000
ECO08557 -3.250000 0.104940 -0.006170
ECO12542 -3.250000 0.172840 0.000000
ECO11749 -3.250000 0.179010 -0.018520
ECO08900 -2.984570 0.222220 0.000000
ECO06385 -3.250000 0.246910 -0.030860
ECO09436 -3.126540 0.209870 0.000000
ECO10563 -2.861110 0.104940 0.240740
ECO02884 -3.250000 0.111110 0.000000
ECO05783 -3.250000 0.197530 -0.018520
ECO06928 -3.163580 0.327160 0.000000
ECO11612 -3.250000 0.265430 -0.030860
ECO12440 -3.182100 0.253090 0.000000
ECO11783 -3.250000 0.209880 -0.024690
ECO06664 -3.089510 0.234570 0.000000
ECO07964 -3.237650 0.271600 -0.024690
ECO04947 -3.250000 0.179010 0.000000
ECO12476 -3.250000 0.296300 -0.037040
ECO12340 -3.015430 0.197530 0.000000
ECO10406 -3.250000 0.234570 -0.024690
ECO05519 -3.250000 0.240740 0.000000
ECO04892 -2.848770 0.154330 0.240740
ECO04549 -3.250000 0.283950 0.000000
ECO09470 -2.830250 0.111110 0.259260
ECO09370 -3.250000 0.253090 0.000000
ECO02918 -3.231480 0.382710 -0.043210
ECO09836 -2.910490 0.296290 0.000000
ECO10306 -3.250000 0.413580 -0.067900
ECO01339 -3.250000 0.117280 0.000000
ECO03354 -3.250000 0.197530 -0.024690
ECO03284 -3.046300 0.148150 0.000000
ECO03177 -3.250000 0.314810 -0.030860
ECO11202 -3.250000 0.333330 0.000000
ECO02484 -3.250000 0.123460 -0.012350
ECO02293 -3.250000 0.141980 0.000000
ECO08309 -3.250000 0.129630 -0.012350
ECO08343 -3.200620 0.203710 0.000000
ECO08348 -3.212960 0.222220 0.000000
ECO06246 -3.052470 0.240740 0.000000
ECO00855 -3.132720 0.222230 0.049380
ECO03527 -2.935190 0.154330 0.000000
ECO09386 -3.206790 0.160490 0.012350
ECO04272 -3.250000 0.166670 0.000000
ECO01464 -2.712960 0.240740 0.104940
ECO04531 -3.250000 0.209880 0.000000
ECO02659 -3.003090 0.135810 0.166660
ECO04429 -3.250000 0.185190 0.000000
ECO07739 -3.250000 0.166670 -0.012350
ECO12599 -3.250000 0.203700 0.000000
ECO04808 -3.250000 0.222220 -0.024690
ECO06437 -3.250000 0.283950 0.000000
ECO09245 -3.101850 0.185180 0.092590
ECO11922 -3.250000 0.209880 0.000000
ECO05642 -3.250000 0.345680 -0.043210
ECO09577 -3.077160 0.154320 0.000000
ECO09211 -3.250000 0.327160 -0.049380
ECO09922 -3.206790 0.216050 0.000000
ECO07039 -3.250000 0.308640 -0.049380
ECO00321 -3.231480 0.166670 0.000000
ECO05937 -3.126540 0.314810 0.049390
ECO11052 -2.725310 0.283950 0.000000
ECO04474 -3.250000 0.259260 -0.030860
ECO01232 -3.250000 0.259260 0.000000
ECO02602 -2.953700 0.123450 0.172840
ECO04942 -3.250000 0.462960 0.000000
ECO10379 -3.250000 0.240740 -0.024690
ECO02198 -3.237650 0.246910 0.000000
ECO06737 -3.033950 0.160490 0.135800
ECO06505 -3.250000 0.191360 0.000000
