rf0002 -0.153880 0.131860 0.000000
rf0003 0.109840 0.039550 0.290090
rf0010 -0.430780 0.158230 0.000000
rf0011 -0.153880 0.131860 0.131850
rf0013 -0.200030 0.039560 0.000000
rf0015 0.235100 -0.019780 0.395570
rf0016 -0.061580 0.072530 0.000000
rf0022 -0.186840 0.039560 0.072520
rf0024 -0.153880 0.204380 0.000000
rf0029 -0.338480 0.158230 0.105480
rf0030 -0.002240 0.059330 0.000000
rf0031 0.162580 0.039560 0.263710
rf0040 0.188950 0.019780 0.000000
rf0048 -0.391220 0.184600 0.085710
rf0053 -0.516480 0.191190 0.000000
rf0060 -0.298920 0.158230 0.092300
rf0062 -0.127500 0.131850 0.000000
rf0064 -0.582410 0.197780 0.092300
rf0065 -0.305510 0.125260 0.000000
rf0072 -0.701080 0.257120 0.098890
rf0073 -0.483520 0.210970 0.000000
rf0092 0.281250 -0.006590 0.290080
rf0125 0.116430 0.059340 0.000000
rf0127 -0.292330 0.072530 0.052740
rf0129 -0.107730 0.125270 0.000000
rf0132 -0.153880 0.112080 0.065920
rf0134 0.043910 0.046150 0.000000
rf0138 -0.041800 0.039560 0.052740
rf0164 0.215320 -0.006590 0.000000
rf0166 -0.002240 0.059330 0.046150
rf0169 -0.351660 0.178010 0.000000
rf0176 0.076870 0.032970 0.369200
rf0180 -0.160470 0.145040 0.000000
rf0190 -0.153880 0.052750 0.098890
rf0201 -0.549450 0.290090 0.000000
rf0204 -0.503300 0.217570 0.085700
rf0205 -0.107730 0.257120 0.000000
rf0223 -0.101130 0.204370 0.138450
rf0234 -0.153880 0.263720 0.000000
rf0237 0.050500 0.079120 0.243930
rf0241 -0.707670 0.303270 0.000000
rf0248 -0.147280 0.085700 0.039560
rf0249 0.235100 0.006590 0.000000
rf0250 -0.621970 0.237340 0.085700
rf0251 -0.213210 0.178010 0.000000
rf0258 -0.147280 0.210970 0.125270
rf0263 -0.298920 0.217570 0.000000
rf0267 -0.167060 0.112080 0.171420
rf0271 0.004350 0.164820 0.000000
rf0283 0.004350 0.138450 0.204380
rf0284 -0.523070 0.210970 0.000000
rf0287 0.004350 0.131860 0.098890
rf0292 0.076870 0.059340 0.000000
rf0295 -0.022020 0.092300 0.098890
rf0298 -0.153880 0.112080 0.000000
rf0306 -0.417590 0.171410 0.118670
rf0309 -0.094540 0.092300 0.000000
rf0315 0.004350 0.145040 0.072520
rf0319 -0.002240 0.158230 0.000000
rf0324 -0.160470 0.019780 0.039560
rf0338 -0.411000 0.105490 0.000000
rf0339 0.063690 0.052740 0.270310
rf0343 -0.068170 0.105490 0.000000
rf0348 0.268070 -0.013190 0.349420
rf0351 -0.364850 0.178010 0.000000
rf0354 0.037320 0.039550 0.362610
rf0358 -0.569220 0.210970 0.000000
rf0363 -0.615370 0.217560 0.085710
rf0364 -0.002240 0.059330 0.000000
rf0366 -0.411000 0.138450 0.105480
rf0372 -0.153880 0.039560 0.000000
rf0375 -0.002240 0.072520 0.092300
rf0377 -0.153880 0.065930 0.000000
rf0383 -0.206620 0.263710 0.112080
rf0385 -0.160470 0.092300 0.000000
rf0386 0.057090 0.052750 0.296670
rf0388 0.241690 -0.013180 0.000000
rf0396 0.004350 0.112080 0.171410
rf0397 -0.002240 0.079110 0.000000
rf0399 -0.153880 0.059340 0.131850
rf0400 0.301030 -0.013190 0.000000
rf0403 -0.430780 0.263720 0.072520
rf0415 -0.153880 0.145050 0.000000
rf0419 -0.615370 0.237340 0.092300
rf0428 -0.443960 0.237340 0.000000
rf0439 -0.714270 0.243940 0.092300
rf0444 -0.002240 0.151630 0.000000
rf0474 -0.523070 0.184590 0.098900
rf0477 -0.397810 0.158230 0.000000
rf0488 -0.213210 0.184600 0.131860
rf0496 -0.516480 0.237340 0.000000
rf0499 -0.397810 0.171410 0.098890
rf0500 0.103240 0.026380 0.000000
rf0503 -0.298920 0.098890 0.085710
rf0513 0.123020 0.052750 0.000000
rf0630 -0.747230 0.237340 0.079120
rf0795 -0.430780 0.316460 0.000000
rs0001 -0.516480 0.230750 0.085710
rs0003 -0.358250 0.204370 0.000000
rs0010 -0.232990 0.105490 0.112080
rs0012 -0.325290 0.237340 0.000000
rs0013 -0.298920 0.217570 0.098890
rs0022 -0.107730 0.079120 0.000000
rs0029 -0.101130 0.079110 0.065930
rs0030 -0.259360 0.184600 0.000000
rs0046 -0.048390 0.210970 0.151640
rs0051 -0.127500 0.210970 0.000000
rs0052 0.017540 0.059330 0.290090
rs0053 -0.002240 0.059330 0.000000
rs0054 -0.411000 0.191200 0.105480
rs0062 -0.457150 0.171420 0.000000
rs0087 -0.048390 0.092300 0.336240
rs0088 -0.437370 0.217570 0.000000
rs0089 -0.002240 0.145040 0.217560
rs0090 -0.523070 0.171410 0.000000
rs0092 -0.305510 0.184600 0.125270
rs0093 0.215320 -0.006590 0.000000
rs0094 -0.265950 0.197780 0.105490
rs0095 -0.589000 0.197780 0.000000
rs0096 0.070280 0.065930 0.283490
rs0097 -0.542850 0.191190 0.000000
rs0098 -0.153880 0.217570 0.125260
rs0104 0.116430 0.039560 0.000000
rs0107 -0.114320 0.125270 0.092300
rs0109 -0.153880 0.098900 0.000000
rs0113 0.136210 0.046150 0.283490
rs0122 -0.496700 0.250520 0.000000
rs0124 -0.397810 0.145040 0.098890
rs0127 -0.305510 0.204380 0.000000
rs0133 -0.147280 0.197780 0.105490
rs0134 -0.074760 0.171410 0.000000
rs0136 -0.094540 0.105490 0.079110
rs0138 -0.397810 0.191190 0.000000
rs0140 -0.628560 0.224160 0.085710
rs0141 -0.186840 0.085710 0.000000
rs0143 0.116430 0.052740 0.296680
rs0145 0.070280 0.039560 0.000000
rs0146 -0.496700 0.250520 0.079120
rs0147 -0.160470 0.092300 0.000000
rs0150 -0.239580 0.112080 0.118670
rs0156 -0.298920 0.250530 0.000000
rs0159 0.083470 0.085700 0.158230
rs0163 -0.107730 0.151640 0.000000
rs0167 -0.503300 0.210970 0.085700
rs0168 -0.542850 0.217560 0.000000
rs0172 -0.153880 0.164830 0.098890
rs0175 -0.232990 0.151640 0.000000
rs0181 -0.193430 0.046150 0.065930
rs0183 0.043910 0.085710 0.000000
rs0196 -0.022020 0.092300 0.098890
rs0201 0.301030 -0.019780 0.000000
rs0203 0.235100 0.013190 0.316450
rs0206 0.155990 0.039550 0.000000
rs0218 -0.272550 0.164820 0.112080
rs0221 0.017540 0.085700 0.000000
rs0225 0.017540 0.065930 0.290090
rs0226 -0.417590 0.217560 0.000000
rs0231 -0.252770 0.164820 0.118670
rs0237 0.004350 0.131860 0.000000
rs0240 0.301030 -0.013190 0.237340
rs0242 -0.153880 0.138450 0.000000
rs0243 0.037320 0.059330 0.237350
rs0244 -0.002240 0.151630 0.000000
rs0247 -0.628560 0.230750 0.085710
rs0256 -0.476930 0.243940 0.000000
rs0259 -0.153880 0.112080 0.112070
rs0261 -0.114320 0.072520 0.000000
rs0262 -0.437370 0.158230 0.098890
rs0264 -0.523070 0.145040 0.000000
rs0266 -0.081350 0.079110 0.085710
rs0267 -0.107730 0.191200 0.000000
rs0268 -0.107730 0.191200 0.118670
rs0273 -0.298920 0.164820 0.000000
rs0275 -0.345070 0.158230 0.098890
rs0276 -0.246180 0.178010 0.000000
rs0282 -0.061580 0.098900 0.158220
rs0306 0.017540 0.059330 0.000000
rs0315 -0.153880 0.072530 0.105480
rs0316 -0.002240 0.098890 0.000000
rs0318 -0.701080 0.276900 0.072520
rs0320 -0.002240 0.079110 0.000000
rs0323 -0.160470 0.079120 0.145040
rs0334 -0.200030 0.151640 0.000000
rs0337 -0.200030 0.151640 0.131850
rs0339 0.221920 0.013180 0.000000
rs0341 -0.351660 0.164820 0.098890
rs0344 -0.437370 0.224160 0.000000
rs0345 -0.503300 0.204380 0.092300
rs0349 -0.575820 0.210970 0.000000
rs0350 -0.101130 0.072520 0.290090
rs0351 -0.002240 0.125260 0.000000
rs0354 -0.496700 0.276900 0.085710
rs0358 -0.153880 0.171420 0.000000
rs0373 -0.298920 0.184600 0.125260
rs0386 -0.503300 0.329650 0.000000
rs0391 -0.206620 0.191190 0.112080
rs0392 -0.608780 0.257120 0.000000
rs0393 -0.206620 0.098890 0.131860
rs0406 -0.167060 0.032960 0.000000
rs0416 -0.490110 0.191190 0.092300
rs0419 -0.120910 0.125260 0.000000
rs0421 -0.424180 0.138450 0.145040
rs0424 -0.457150 0.224160 0.000000
rs0425 -0.226400 0.171420 0.112080
rs0429 -0.397810 0.151630 0.000000
rs0430 -0.397810 0.158230 0.098890
rs0432 -0.799970 0.316450 0.000000
rs0437 -0.516480 0.263710 0.092300
rs0440 -0.127500 0.065920 0.000000
rs0444 -0.397810 0.151630 0.105490
rs0452 -0.074760 0.118670 0.000000
rs0460 -0.463740 0.204380 0.092300
rs0463 -0.087950 0.046150 0.000000
rs0468 -0.061580 0.079120 0.296670
rs0472 -0.516480 0.171410 0.000000
rs0473 -0.562630 0.250530 0.092300
rs0477 -0.621970 0.336240 0.000000
rs0485 -0.463740 0.164820 0.092300
rs0493 -0.496700 0.276900 0.000000
rs0495 -0.305510 0.151630 0.112080
rs0503 -0.048390 0.079110 0.000000
rs0505 -0.147280 0.276900 0.131860
rs0508 -0.298920 0.171420 0.000000
rs0516 -0.476930 0.257130 0.085700
rs0517 0.261470 0.000000 0.000000
rs0519 -0.298920 0.237340 0.125260
rs0520 -0.292330 0.138450 0.000000
rs0528 0.228510 -0.013190 0.395570
rs0532 -0.239580 0.184600 0.000000
rs0536 -0.483520 0.217570 0.085700
rs0538 -0.167060 0.125260 0.000000
rs0541 0.155990 0.046150 0.237340
rs0549 -0.292330 0.158230 0.000000
rs0554 0.208730 0.006590 0.336230
rs0555 -0.153880 0.224160 0.000000
rs0556 -0.793380 0.375790 0.059340
rs0560 -0.153880 0.178010 0.000000
rs0571 -0.523070 0.197780 0.098900
rs0573 -0.345070 0.151640 0.000000
rs0574 0.136210 0.039560 0.243940
rs0582 -0.002240 0.112080 0.000000
rs0586 -0.523070 0.191190 0.098900
rs0591 -0.134100 0.270310 0.000000
rs0612 -0.074760 0.052740 0.052740
rs0650 -0.107730 0.072530 0.000000
rs0656 -0.153880 0.085710 0.125260
rs0660 0.215320 -0.019780 0.000000
rs0672 -0.094540 0.105490 0.085710
rs0679 0.050500 0.039560 0.000000
rs0724 0.070280 0.079110 0.263710
rs0731 -0.298920 0.217570 0.000000
rs0741 -0.140690 0.243930 0.118670
rs0745 -0.094540 0.118670 0.000000
rs0751 0.254880 -0.006590 0.408760
rs0763 -0.002240 0.059330 0.000000
rs0768 -0.153880 0.138450 0.158220
rs0775 -0.305510 0.131860 0.000000
rs0779 0.024130 0.105490 0.204380
rs0781 0.043910 0.072520 0.000000
rs0788 -0.424180 0.204380 0.085710
rs0797 0.043910 0.059330 0.000000
rs0798 -0.120910 0.085710 0.079120
rs0804 -0.608780 0.224150 0.000000
rs0805 -0.701080 0.243930 0.085710
rs0806 -0.153880 0.230750 0.000000
rs0808 -0.068170 0.039560 0.039560
rs0809 0.208730 0.013190 0.000000
rs0812 0.208730 0.006590 0.309860
rs0815 -0.364850 0.164820 0.000000
rs0823 0.221920 0.019770 0.257120
rs0833 0.030720 0.052750 0.000000
rs0839 0.221920 -0.026380 0.454910
rs0842 -0.470330 0.158230 0.000000
rs0847 0.050500 0.046150 0.296680
rs0868 -0.153880 0.164830 0.000000
rs0869 -0.457150 0.243940 0.079110
rs0871 -0.470330 0.362600 0.000000
rs0896 -0.094540 0.085710 0.059340
rs0906 -0.483520 0.184600 0.000000
rs0909 -0.200030 0.131860 0.145040
rs0916 -0.298920 0.158230 0.000000
rs0932 -0.345070 0.164820 0.105480
rs0933 -0.397810 0.151630 0.000000
rs0944 -0.298920 0.158230 0.112080
rs0950 -0.509890 0.356010 0.000000
rs0957 -0.602190 0.257120 0.085710
rs0958 0.116430 0.039560 0.000000
rs0959 -0.496700 0.217560 0.098900
rs0960 -0.430780 0.171420 0.000000
rs0967 -0.279140 0.191190 0.092300
rs0970 0.043910 0.079110 0.000000
rs0974 0.070280 0.085710 0.178010
rs0978 -0.292330 0.105490 0.000000
rs0981 -0.404400 0.138450 0.112080
rs0983 -0.470330 0.224150 0.000000
rs0984 -0.292330 0.178010 0.098890
rs0985 -0.437370 0.263720 0.000000
rs0991 0.004350 0.138450 0.217560
rs0995 -0.134100 0.164820 0.000000
rs0997 -0.081350 0.105480 0.138450
rs1004 -0.035200 0.105480 0.000000
rs1014 -0.608780 0.243930 0.092300
rs1016 0.235100 0.000000 0.000000
rs1021 -0.298920 0.145040 0.085710
rs1023 -0.048390 0.072520 0.000000
rs1025 -0.094540 0.072520 0.065930
rs1029 -0.292330 0.164830 0.000000
rs1030 -0.318700 0.118670 0.105480
rs1035 -0.503300 0.257120 0.000000
rs1036 -0.213210 0.065930 0.079120
rs1038 -0.298920 0.112080 0.000000
rs1046 0.004350 0.184600 0.112080
rs1047 -0.226400 0.105490 0.000000
rs1050 -0.397810 0.138450 0.118670
rs1052 -0.259360 0.204380 0.000000
rs1055 -0.312100 0.138450 0.118680
rs1060 -0.687900 0.263720 0.000000
rs1062 0.136210 0.046150 0.276900
rs1072 -0.153880 0.118680 0.000000
rs1074 -0.411000 0.197790 0.098890
rs1075 0.142800 0.046150 0.000000
rs1081 -0.153880 0.105490 0.125260
rs1082 0.070280 0.052740 0.000000
rs1084 -0.252770 0.158230 0.105480
rs1091 0.017540 0.065930 0.000000
rs1098 -0.358250 0.164820 0.098900
rs1100 -0.094540 0.118670 0.000000
rs1102 0.287840 -0.013180 0.283490
rs1103 -0.648340 0.349420 0.000000
rs1105 -0.338480 0.138450 0.098890
rs1106 -0.035200 0.065920 0.000000
rs1109 0.221920 0.000000 0.375800
rs1110 -0.002240 0.065930 0.000000
rs1111 -0.153880 0.013190 0.039550
rs1112 -0.153880 0.059340 0.000000
rs1116 -0.041800 0.046150 0.059330
rs1117 -0.305510 0.151630 0.000000
rs1118 -0.002240 0.072520 0.171410
rs1121 0.235100 0.000000 0.000000
rs1126 -0.345070 0.164820 0.105480
rs1129 -0.094540 0.092300 0.000000
rs1131 0.241690 0.000000 0.309860
rs1137 -0.147280 0.131850 0.000000
rs1143 -0.371440 0.151640 0.079110
rs1150 -0.153880 0.046150 0.000000
rs1152 0.004350 0.105490 0.112080
rs1154 -0.167060 0.145040 0.000000
rs1159 -0.371440 0.171410 0.092300
rs1163 -0.490110 0.369200 0.000000
rs1168 0.024130 0.079110 0.118670
rs1169 -0.160470 0.125270 0.000000
rs1178 -0.206620 0.178010 0.118670
rs1179 -0.351660 0.210970 0.000000
rs1182 -0.153880 0.178010 0.138450
rs1185 0.063690 0.039550 0.000000
rs1188 -0.523070 0.204370 0.092300
rs1191 -0.087950 0.158230 0.000000
rs1195 -0.134100 0.164820 0.092300
rs1197 -0.081350 0.092300 0.000000
rs1198 -0.542850 0.342820 0.052750
rs1200 -0.397810 0.145040 0.000000
rs1209 -0.450550 0.316450 0.065930
rs1212 -0.193430 0.112080 0.000000
rs1214 -0.292330 0.032970 0.032960
rs1220 0.024130 0.065930 0.000000
rs1248 -0.200030 0.210980 0.105480
rs1258 -0.002240 0.072520 0.000000
rs1259 -0.529670 0.257120 0.085700
rs1264 -0.523070 0.197780 0.000000
rs1266 -0.153880 0.065930 0.375790
rs1267 0.281250 -0.019780 0.000000
rs1270 -0.490110 0.342830 0.079110
rs1276 -0.443960 0.164820 0.000000
rs1284 -0.575820 0.204380 0.098890
rs1290 -0.635150 0.257120 0.000000
rs1291 -0.351660 0.171410 0.098890
rs1293 -0.160470 0.164820 0.000000
rs1296 -0.628560 0.224160 0.085710
rs1297 -0.562630 0.230750 0.000000
rs1337 -0.206620 0.197790 0.105480
rs1359 -0.503300 0.197790 0.000000
rs1437 0.109840 0.059330 0.224160
ECO05144 -0.153880 0.158230 0.000000
ECO11517 -0.298920 0.105490 0.079110
ECO09709 -0.015430 0.079120 0.000000
ECO03774 -0.153880 0.046150 0.039550
ECO11195 -0.298920 0.138450 0.000000
ECO11986 -0.015430 0.079120 0.184600
ECO10428 0.030720 0.059340 0.000000
ECO05163 -0.160470 0.164820 0.118670
ECO05563 -0.153880 0.065930 0.000000
ECO04997 -0.081350 0.105480 0.125270
ECO07859 -0.305510 0.184600 0.000000
ECO10692 -0.351660 0.171410 0.105490
ECO10007 0.096650 0.046150 0.000000
ECO09960 -0.589000 0.250520 0.085710
ECO10258 -0.523070 0.178000 0.000000
ECO07785 -0.305510 0.171410 0.105490
ECO04192 0.215320 0.019780 0.000000
ECO05764 -0.101130 0.191190 0.125270
ECO07019 -0.694490 0.290090 0.000000
ECO06341 -0.153880 0.151640 0.118670
ECO09664 -0.160470 0.085710 0.000000
ECO06592 0.037320 0.052740 0.296680
ECO09450 -0.153880 0.138450 0.000000
ECO03934 -0.430780 0.263720 0.079110
ECO09368 -0.305510 0.184600 0.000000
ECO08866 -0.160470 0.131860 0.178010
ECO09168 -0.404400 0.138450 0.000000
ECO11141 -0.490110 0.217560 0.092300
ECO06996 0.010950 0.065920 0.000000
ECO05115 -0.661520 0.283490 0.072530
ECO04817 -0.074760 0.125260 0.000000
ECO09561 -0.081350 0.098890 0.250530
ECO12308 -0.107730 0.112080 0.000000
ECO06894 -0.549450 0.224160 0.098890
ECO09738 -0.509890 0.316460 0.000000
ECO10431 -0.312100 0.145040 0.105490
ECO02845 0.043910 0.032960 0.000000
ECO09068 -0.364850 0.243940 0.118670
ECO06094 0.287840 -0.013180 0.000000
ECO11300 -0.523070 0.184590 0.079120
ECO09275 -0.635150 0.270300 0.000000
ECO09858 -0.120910 0.171410 0.098890
ECO01034 -0.107730 0.158230 0.000000
ECO04927 -0.490110 0.210970 0.085710
ECO10862 -0.443960 0.171410 0.000000
ECO06033 -0.180250 0.112080 0.138450
ECO07199 -0.008830 0.046150 0.000000
ECO08990 -0.246180 0.105490 0.092300
ECO08305 -0.542850 0.243930 0.000000
ECO09940 -0.589000 0.283490 0.079120
ECO10010 0.215320 -0.019780 0.000000
ECO03222 -0.101130 0.263710 0.131860
ECO10361 -0.054980 0.079110 0.000000
ECO08589 -0.523070 0.158220 0.112080
ECO07887 -0.529670 0.158230 0.000000
ECO10761 -0.701080 0.270300 0.079120
ECO05715 -0.371440 0.184600 0.000000
ECO01402 -0.457150 0.171420 0.098890
ECO09890 0.149390 0.039560 0.000000
ECO09558 0.123020 0.032970 0.290080
ECO11468 -0.153880 0.204380 0.000000
ECO10009 -0.338480 0.158230 0.105480
ECO01470 -0.826350 0.316460 0.000000
ECO11617 -0.298920 0.164820 0.118670
ECO05865 -0.147280 0.250520 0.000000
ECO03691 -0.186840 0.039560 0.059340
ECO05597 -0.022020 0.072520 0.000000
ECO11818 -0.358250 0.131850 0.072530
ECO01019 -0.516480 0.224150 0.000000
ECO05916 -0.556040 0.369200 0.046150
ECO10609 -0.153880 0.158230 0.000000
ECO06014 -0.635150 0.290080 0.072520
ECO08690 -0.068170 0.065930 0.000000
ECO06865 -0.008830 0.059330 0.125270
ECO03274 -0.509890 0.217560 0.000000
ECO11315 -0.153880 0.257120 0.118670
ECO05648 0.076870 0.052750 0.000000
ECO09792 -0.114320 0.065930 0.085710
ECO06163 -0.298920 0.158230 0.000000
ECO02121 -0.153880 0.204380 0.105480
ECO09907 -0.298920 0.151640 0.000000
ECO10228 -0.318700 0.158230 0.112080
ECO11654 -0.002240 0.105480 0.000000
ECO10307 -0.569220 0.270300 0.085710
ECO05057 -0.173650 0.112070 0.000000
ECO08933 -0.160470 0.158230 0.158230
ECO03983 -0.153880 0.171420 0.000000
ECO06292 -0.364850 0.138450 0.079110
ECO09149 0.096650 0.039560 0.000000
ECO11827 -0.153880 0.178010 0.138450
ECO06491 -0.397810 0.125260 0.000000
ECO04334 0.235100 0.000000 0.375790
ECO09299 -0.397810 0.178010 0.000000
ECO06305 -0.101130 0.085700 0.085710
ECO12012 -0.200030 0.191200 0.000000
ECO04519 -0.120910 0.145040 0.191190
ECO06791 -0.265950 0.204370 0.000000
ECO04734 -0.153880 0.052750 0.105480
ECO12363 -0.298920 0.118670 0.000000
ECO00339 -0.437370 0.257120 0.079110
ECO06642 -0.239580 0.217560 0.000000
ECO05319 -0.265950 0.158220 0.098900
ECO04284 -0.101130 0.217560 0.000000
ECO09800 -0.575820 0.303270 0.072520
ECO05670 -0.305510 0.151630 0.000000
ECO08378 -0.160470 0.145040 0.171410
ECO04820 -0.134100 0.131860 0.000000
ECO06556 0.142800 0.039560 0.296680
ECO11677 -0.397810 0.145040 0.000000
ECO11712 -0.153880 0.178010 0.125260
ECO04969 -0.002240 0.151630 0.000000
ECO04033 0.301030 -0.013190 0.171410
ECO05806 -0.621970 0.243940 0.000000
ECO05991 -0.338480 0.145050 0.098890
ECO05455 -0.391220 0.171420 0.000000
ECO08428 -0.147280 0.079110 0.046150
ECO11326 -0.490110 0.257120 0.000000
ECO06516 -0.107730 0.085710 0.204370
ECO11031 -0.318700 0.178010 0.000000
ECO04325 -0.193430 0.105480 0.138450
ECO04342 0.195540 0.006600 0.000000
ECO02321 -0.002240 0.072520 0.250530
ECO10392 -0.298920 0.204380 0.000000
ECO01244 -0.701080 0.276900 0.085710
ECO07809 0.004350 0.079120 0.000000
ECO12169 -0.364850 0.171420 0.092300
ECO10041 -0.120910 0.131860 0.000000
ECO08088 -0.476930 0.316460 0.092290
ECO12203 -0.437370 0.145040 0.000000
ECO01136 -0.430780 0.178010 0.098890
ECO02323 -0.160470 0.013190 0.000000
ECO10394 -0.107730 0.237350 0.125260
ECO04778 -0.305510 0.138450 0.000000
ECO06216 0.235100 0.013190 0.270300
ECO04344 -0.107730 0.085710 0.000000
ECO08854 -0.107730 0.151640 0.210970
ECO07803 -0.298920 0.151640 0.000000
ECO10326 -0.298920 0.204380 0.105480
ECO09641 -0.153880 0.138450 0.000000
ECO04995 0.208730 -0.013190 0.402160
ECO05680 -0.081350 0.131850 0.000000
ECO09824 -0.061580 0.052750 0.059330
ECO08135 -0.120910 0.191190 0.000000
ECO03706 -0.153880 0.052750 0.013180
ECO05578 -0.094540 0.118670 0.000000
ECO06700 -0.008830 0.059330 0.316460
ECO03790 -0.061580 0.164820 0.000000
ECO09121 -0.391220 0.178010 0.079110
ECO06247 -0.167060 0.171410 0.000000
ECO03926 0.050500 0.046150 0.290080
ECO06849 -0.153880 0.138450 0.000000
ECO10629 0.090060 0.039560 0.296680
ECO03526 0.235100 0.006590 0.000000
ECO03656 -0.087950 0.191190 0.138450
ECO07685 -0.345070 0.171420 0.000000
ECO11968 -0.424180 0.296680 0.072520
ECO06449 -0.094540 0.072520 0.000000
ECO12370 -0.213210 0.158230 0.112080
ECO00833 -0.701080 0.257120 0.000000
ECO03139 -0.140690 0.197780 0.105490
ECO05698 0.202140 0.019780 0.000000
ECO00869 -0.714270 0.270310 0.092300
ECO10093 -0.463740 0.184600 0.000000
ECO10091 -0.272550 0.237350 0.171410
ECO10527 -0.516480 0.230750 0.000000
ECO10493 -0.107730 0.184600 0.151630
ECO09706 -0.292330 0.164830 0.000000
ECO03539 0.301030 -0.032960 0.369200
ECO12355 -0.430780 0.178010 0.000000
ECO10378 -0.668120 0.283490 0.065930
ECO09591 -0.252770 0.138450 0.000000
ECO03390 -0.305510 0.145040 0.105490
ECO07670 -0.252770 0.178010 0.000000
ECO04762 -0.002240 0.125260 0.112080
ECO04477 -0.041800 0.032970 0.000000
ECO09406 -0.483520 0.263720 0.079110
ECO00448 -0.602190 0.428540 0.000000
ECO06634 -0.378030 0.191190 0.092300
ECO05798 -0.160470 0.125270 0.000000
ECO03241 -0.114320 0.118670 0.079110
ECO07183 -0.331880 0.184600 0.000000
ECO10127 -0.219800 0.092300 0.118680
ECO06883 -0.153880 0.197790 0.000000
ECO10642 -0.054980 0.237340 0.138450
ECO05411 0.268070 -0.013190 0.000000
ECO05228 0.010950 0.098890 0.112080
ECO07955 -0.153880 0.138450 0.000000
ECO02990 -0.002240 0.098890 0.158230
ECO03141 -0.048390 0.098890 0.000000
ECO08989 -0.391220 0.171420 0.079110
ECO06415 -0.305510 0.131860 0.000000
ECO08789 -0.061580 0.079120 0.079110
ECO08938 -0.331880 0.184600 0.000000
ECO05545 -0.153880 0.178010 0.112070
ECO03422 -0.153880 0.039560 0.000000
ECO02924 0.162580 0.046150 0.224160
ECO05096 -0.153880 0.138450 0.000000
ECO04494 -0.219800 0.184600 0.131860
ECO12338 -0.569220 0.329640 0.000000
ECO12387 -0.351660 0.145040 0.092300
ECO06096 -0.443960 0.263710 0.000000
ECO12287 -0.463740 0.171410 0.092300
ECO09389 -0.338480 0.151640 0.000000
ECO06617 -0.028610 0.079110 0.250530
ECO09810 -0.298920 0.138450 0.000000
ECO10962 -0.028610 0.079110 0.079120
ECO08887 0.063690 0.052740 0.000000
ECO09959 -0.549450 0.316460 0.072520
ECO06015 0.096650 0.046150 0.000000
ECO03224 -0.153880 0.092300 0.112070
ECO04743 0.268070 0.000000 0.000000
ECO10610 -0.173650 0.210970 0.118680
ECO09240 0.063690 0.039550 0.000000
ECO11316 -0.153880 0.112080 0.112070
ECO05394 -0.364850 0.210970 0.000000
ECO02573 0.076870 0.032970 0.375790
ECO04425 -0.430780 0.276900 0.000000
ECO08386 -0.015430 0.065930 0.210970
ECO08922 0.149390 0.046150 0.000000
ECO09105 0.248290 -0.019780 0.408760
ECO01855 -0.503300 0.210970 0.000000
ECO03740 -0.173650 0.250520 0.118680
ECO02506 -0.153880 0.197790 0.000000
ECO10360 -0.391220 0.178010 0.079110
ECO06501 -0.028610 0.079110 0.000000
ECO00200 -0.641750 0.250530 0.079110
ECO03998 0.037320 0.046150 0.000000
ECO11597 -0.087950 0.072520 0.059330
ECO10021 -0.312100 0.230750 0.000000
ECO03898 -0.153880 0.178010 0.118670
ECO08928 -0.397810 0.197780 0.000000
ECO04505 -0.120910 0.145040 0.105490
ECO01404 -0.404400 0.145040 0.000000
ECO09378 -0.226400 0.118670 0.125260
ECO09242 -0.523070 0.164820 0.000000
ECO01247 -0.701080 0.250530 0.085710
ECO09585 -0.364850 0.145050 0.000000
ECO05984 -0.298920 0.197790 0.105480
ECO10951 -0.589000 0.217560 0.000000
ECO05391 -0.542850 0.197780 0.112080
ECO05341 0.202140 0.019780 0.000000
ECO09428 -0.134100 0.171420 0.112080
ECO07763 0.030720 0.052750 0.000000
ECO05741 -0.305510 0.151630 0.105490
ECO06570 -0.153880 0.197790 0.000000
ECO10557 0.109840 0.032960 0.276900
ECO09778 -0.727450 0.263710 0.000000
ECO06034 -0.140690 0.138450 0.079110
ECO05477 -0.246180 0.184600 0.000000
ECO03605 -0.120910 0.125260 0.098890
ECO06756 0.103240 0.059340 0.000000
ECO11998 -0.298920 0.138450 0.079110
ECO04611 -0.153880 0.151640 0.000000
ECO11064 -0.397810 0.118670 0.059340
ECO11685 -0.147280 0.184600 0.000000
ECO00867 -0.457150 0.184600 0.098890
ECO05847 -0.140690 0.191190 0.000000
ECO09306 -0.035200 0.092290 0.098900
ECO05547 -0.536260 0.296680 0.000000
ECO12185 0.037320 0.059330 0.270310
ECO04911 -0.041800 0.079120 0.000000
ECO02639 -0.305510 0.131860 0.112080
ECO12619 -0.305510 0.164820 0.000000
ECO00984 -0.602190 0.230750 0.085710
ECO09643 -0.516480 0.224150 0.000000
ECO11954 -0.015430 0.105490 0.125260
ECO09524 -0.483520 0.171420 0.000000
ECO09175 -0.008830 0.065920 0.243940
ECO12422 -0.661520 0.428530 0.000000
ECO04461 0.228510 0.000000 0.395570
ECO05061 -0.397810 0.158230 0.000000
ECO06649 -0.298920 0.197790 0.098890
ECO11768 0.024130 0.065930 0.000000
ECO04712 -0.232990 0.210970 0.118670
ECO04426 -0.167060 0.079110 0.000000
ECO08521 -0.463740 0.243940 0.085710
ECO08955 -0.239580 0.191190 0.000000
ECO07119 -0.470330 0.191190 0.085710
ECO04175 -0.167060 0.039560 0.000000
ECO11885 -0.265950 0.197780 0.098900
ECO03791 -0.457150 0.217570 0.000000
ECO04008 -0.483520 0.276900 0.079110
ECO00617 -0.615370 0.224150 0.000000
ECO04259 -0.094540 0.151630 0.151640
ECO00366 -0.397810 0.158230 0.000000
ECO09475 -0.641750 0.250530 0.079110
ECO09088 -0.259360 0.158230 0.000000
ECO06097 -0.153880 0.079120 0.131850
ECO09054 0.017540 0.079110 0.000000
ECO09760 -0.074760 0.197780 0.125270
ECO06450 -0.153880 0.178010 0.000000
ECO08071 -0.536260 0.349420 0.065930
ECO05344 0.208730 0.013190 0.000000
ECO00332 -0.767010 0.263710 0.065930
ECO12437 -0.160470 0.079120 0.000000
ECO09224 -0.549450 0.243940 0.092300
ECO09305 -0.443960 0.224160 0.000000
ECO04408 -0.028610 0.105480 0.098890
ECO12403 -0.345070 0.178010 0.000000
ECO03174 -0.496700 0.164820 0.085710
ECO05948 -0.153880 0.105490 0.000000
ECO05114 -0.450550 0.164820 0.105490
ECO10458 -0.101130 0.125260 0.000000
ECO05412 -0.041800 0.092300 0.092300
ECO05982 0.149390 0.052750 0.000000
ECO11786 -0.160470 0.105490 0.171410
ECO09605 -0.318700 0.204380 0.000000
ECO05799 -0.219800 0.178000 0.112080
ECO11500 -0.292330 0.204380 0.000000
ECO07935 -0.002240 0.072520 0.125260
ECO09226 -0.239580 0.171410 0.000000
ECO06754 -0.153880 0.151640 0.118670
ECO06043 -0.430780 0.178010 0.000000
ECO09726 -0.529670 0.145040 0.145040
ECO09943 -0.424180 0.158230 0.000000
ECO05663 -0.127500 0.204370 0.125270
ECO09909 -0.305510 0.184600 0.000000
ECO02991 -0.002240 0.125260 0.085710
ECO09990 0.235100 0.019780 0.000000
ECO04693 -0.153880 0.131860 0.092300
ECO05812 -0.160470 0.145040 0.000000
ECO04727 -0.002240 0.112080 0.098890
ECO08356 -0.450550 0.224150 0.000000
ECO06382 -0.107730 0.052750 0.402160
ECO04076 -0.081350 0.085700 0.000000
ECO05080 -0.490110 0.204380 0.085710
ECO05331 -0.285730 0.131850 0.000000
ECO04544 -0.279140 0.210970 0.118670
ECO04457 -0.153880 0.164830 0.000000
ECO02024 -0.483520 0.164820 0.092300
ECO04296 -0.094540 0.065930 0.000000
ECO07840 -0.002240 0.065930 0.243940
ECO09426 -0.160470 0.098890 0.000000
ECO11950 -0.305510 0.118670 0.092300
ECO08026 -0.153880 0.145050 0.000000
ECO06461 -0.200030 0.105490 0.125260
ECO05243 -0.134100 0.105490 0.000000
ECO04096 -0.120910 0.243930 0.151640
ECO04383 0.268070 0.006590 0.000000
ECO11475 -0.298920 0.191190 0.112080
ECO09580 0.043910 0.059330 0.000000
ECO04775 0.287840 -0.006590 0.230750
ECO09599 -0.523070 0.171410 0.000000
ECO10049 0.103240 0.085710 0.250520
ECO01225 -0.701080 0.270300 0.000000
ECO10135 -0.397810 0.178010 0.105490
ECO10486 -0.298920 0.164820 0.000000
ECO10585 -0.371440 0.224160 0.112080
ECO02997 -0.002240 0.059330 0.000000
ECO02548 -0.608780 0.276900 0.079120
ECO00027 -0.542850 0.191190 0.000000
ECO02848 -0.252770 0.105490 0.092300
ECO02948 -0.153880 0.191200 0.000000
ECO06742 -0.120910 0.072520 0.342830
ECO07913 -0.002240 0.079110 0.000000
ECO04619 0.017540 0.118670 0.145040
ECO09550 -0.002240 0.072520 0.000000
ECO09949 -0.114320 0.145040 0.158230
ECO09649 -0.153880 0.145050 0.000000
ECO10300 -0.608780 0.349420 0.065930
ECO12663 -0.246180 0.191200 0.000000
ECO10786 -0.701080 0.257120 0.079120
ECO05905 -0.470330 0.204380 0.000000
ECO03933 -0.351660 0.098890 0.065930
ECO08613 -0.397810 0.171410 0.000000
ECO10205 -0.404400 0.151630 0.118670
ECO10673 0.109840 0.032960 0.000000
ECO03210 -0.180250 0.085710 0.112080
ECO03989 -0.153880 0.098900 0.000000
ECO10073 -0.002240 0.098890 0.131860
ECO12468 -0.153880 0.112080 0.000000
ECO00190 -0.411000 0.131860 0.125260
ECO02062 -0.529670 0.204380 0.000000
ECO10745 -0.397810 0.164820 0.098890
ECO06699 -0.114320 0.131860 0.000000
ECO06499 -0.351660 0.158230 0.098890
ECO03257 -0.114320 0.197790 0.000000
ECO12218 -0.193430 0.217560 0.112080
ECO00347 -0.674710 0.316460 0.000000
ECO08439 -0.371440 0.178010 0.098890
ECO05495 -0.081350 0.079110 0.000000
ECO04044 -0.074760 0.204380 0.125270
ECO09358 -0.048390 0.059340 0.000000
ECO12188 -0.516480 0.237340 0.085710
ECO03525 0.268070 -0.006600 0.000000
ECO10980 -0.595600 0.237350 0.085700
ECO11634 -0.635150 0.309860 0.000000
ECO07988 -0.523070 0.204370 0.112080
ECO01253 -0.364850 0.151640 0.000000
ECO07069 -0.153880 0.098900 0.303270
ECO02253 -0.384630 0.184600 0.000000
ECO12286 0.083470 0.046150 0.276900
ECO00700 -0.687900 0.283500 0.000000
ECO12537 -0.120910 0.065930 0.039560
ECO10141 -0.002240 0.079110 0.000000
ECO04593 -0.081350 0.197780 0.118680
ECO06448 -0.490110 0.178010 0.000000
ECO01202 -0.232990 0.151640 0.125260
ECO11767 0.261470 -0.013180 0.000000
ECO09307 -0.252770 0.125270 0.105480
ECO04776 -0.160470 0.013190 0.000000
ECO09507 -0.061580 0.092300 0.237340
ECO02521 0.109840 0.039550 0.000000
ECO06703 -0.602190 0.375790 0.059330
ECO00185 -0.556040 0.283490 0.000000
ECO12431 -0.127500 0.158220 0.164830
ECO07818 -0.345070 0.243940 0.000000
ECO12656 -0.008830 0.059330 0.296680
ECO05814 -0.523070 0.171410 0.000000
ECO08239 -0.061580 0.210970 0.118670
ECO05848 -0.160470 0.098890 0.000000
ECO04142 -0.298920 0.164820 0.112080
ECO02623 0.050500 0.059340 0.000000
ECO03291 -0.437370 0.184600 0.092300
ECO03976 0.004350 0.158230 0.000000
ECO05193 -0.153880 0.105490 0.105480
ECO12039 -0.153880 0.237350 0.000000
ECO11924 -0.298920 0.158230 0.112080
ECO10950 -0.523070 0.210970 0.000000
ECO04439 -0.397810 0.171410 0.079120
ECO09937 -0.160470 0.072520 0.000000
ECO11327 -0.575820 0.356020 0.059330
ECO12064 -0.490110 0.290080 0.000000
ECO09519 -0.450550 0.270300 0.079120
ECO04950 0.274660 -0.013190 0.000000
ECO03764 -0.127500 0.138450 0.237350
ECO09026 -0.279140 0.178010 0.000000
ECO02292 -0.035200 0.065920 0.276900
ECO03103 -0.397810 0.098890 0.000000
ECO03478 -0.226400 0.210970 0.118670
ECO04944 -0.107730 0.118680 0.000000
ECO07603 -0.002240 0.079110 0.065930
ECO08369 -0.681300 0.303270 0.000000
ECO03106 -0.002240 0.079110 0.118670
ECO02891 -0.397810 0.171410 0.000000
ECO04993 -0.153880 0.125270 0.105480
ECO00951 -0.575820 0.224160 0.000000
ECO05558 -0.265950 0.184600 0.243940
ECO09897 -0.094540 0.257120 0.000000
ECO06310 0.004350 0.112080 0.164820
ECO10505 -0.028610 0.085700 0.000000
ECO08124 -0.549450 0.290090 0.065920
ECO09503 -0.153880 0.204380 0.000000
ECO04216 -0.457150 0.270310 0.072520
ECO03216 -0.120910 0.197780 0.000000
ECO04051 -0.153880 0.138450 0.145040
ECO09081 -0.384630 0.164830 0.000000
ECO04002 -0.087950 0.092300 0.316450
ECO09746 -0.305510 0.118670 0.000000
ECO11119 -0.061580 0.092300 0.237340
ECO00807 -0.602190 0.243940 0.000000
ECO09032 -0.219800 0.151630 0.131860
ECO11557 -0.298920 0.191190 0.000000
ECO04788 -0.206620 0.184600 0.151630
ECO04437 0.287840 -0.039550 0.000000
ECO11995 -0.318700 0.158230 0.112080
ECO07990 -0.252770 0.125270 0.000000
ECO12382 -0.542850 0.243930 0.092300
ECO09637 -0.285730 0.197780 0.000000
ECO12157 -0.153880 0.125270 0.105480
ECO03865 -0.127500 0.197780 0.000000
ECO05374 -0.153880 0.032970 0.026370
ECO07939 -0.226400 0.164820 0.000000
ECO04506 -0.569220 0.323040 0.072530
ECO06446 -0.265950 0.164820 0.000000
ECO00336 -0.424180 0.138450 0.118670
ECO04080 -0.470330 0.263710 0.000000
ECO04382 0.301030 -0.032960 0.369200
ECO04464 -0.259360 0.039560 0.000000
ECO11445 -0.411000 0.191200 0.085700
ECO07815 -0.298920 0.164820 0.000000
ECO07846 0.215320 -0.019780 0.421940
ECO07960 -0.694490 0.263710 0.000000
ECO00758 -0.305510 0.105480 0.105490
ECO01779 -0.279140 0.138450 0.000000
ECO10730 -0.556040 0.178010 0.112080
ECO09016 -0.054980 0.092300 0.000000
ECO04751 -0.035200 0.079110 0.105490
ECO05874 -0.239580 0.158230 0.000000
ECO11744 -0.305510 0.243930 0.145040
ECO06460 -0.153880 0.098900 0.000000
ECO08802 -0.114320 0.230750 0.112080
ECO11471 -0.265950 0.204370 0.000000
ECO06493 -0.173650 0.098890 0.158230
ECO03978 0.254880 0.006590 0.000000
ECO03646 -0.608780 0.237340 0.085710
ECO06893 -0.305510 0.164820 0.000000
ECO07926 -0.325290 0.151640 0.112080
ECO10334 -0.140690 0.184600 0.000000
ECO06423 -0.101130 0.151630 0.151640
ECO05737 -0.246180 0.178010 0.000000
ECO03694 0.004350 0.125270 0.164820
ECO03794 0.103240 0.046150 0.000000
ECO10489 -0.035200 0.039550 0.059340
ECO06209 -0.252770 0.171420 0.000000
ECO05658 -0.153880 0.138450 0.098890
ECO07130 -0.549450 0.270310 0.000000
ECO11674 -0.140690 0.085710 0.046150
ECO09981 -0.239580 0.052740 0.000000
ECO07816 -0.378030 0.197780 0.098900
ECO06075 -0.153880 0.178010 0.000000
ECO10530 -0.028610 0.072520 0.336240
ECO05957 -0.134100 0.151640 0.000000
ECO05627 -0.153880 0.118680 0.105480
ECO06413 -0.153880 0.131860 0.000000
ECO12055 -0.153880 0.151640 0.151630
ECO06027 -0.430780 0.217570 0.000000
ECO05791 -0.153880 0.118680 0.125260
ECO09185 -0.298920 0.230750 0.000000
ECO11741 -0.298920 0.151640 0.079110
ECO08542 -0.397810 0.164820 0.000000
ECO03888 -0.094540 0.197780 0.125260
ECO07774 -0.364850 0.164820 0.000000
ECO05902 -0.351660 0.164820 0.105490
ECO09839 -0.160470 0.112080 0.000000
ECO06002 -0.523070 0.210970 0.098900
ECO04573 -0.312100 0.171410 0.000000
ECO02962 0.030720 0.046150 0.402160
ECO07020 -0.087950 0.118670 0.000000
ECO10071 -0.008830 0.059330 0.237350
ECO09819 -0.523070 0.257120 0.000000
ECO09944 -0.239580 0.151630 0.125270
ECO03931 0.017540 0.145040 0.000000
ECO08776 -0.602190 0.263710 0.085710
ECO06511 0.136210 0.039560 0.000000
ECO12291 0.241690 0.013190 0.276890
ECO08385 -0.153880 0.105490 0.000000
ECO02876 -0.397810 0.145040 0.052740
ECO02426 -0.483520 0.197790 0.000000
ECO02819 -0.345070 0.164820 0.098890
ECO07106 -0.364850 0.184600 0.000000
ECO03330 -0.476930 0.191200 0.092290
ECO06574 -0.160470 0.112080 0.000000
ECO05684 -0.536260 0.296680 0.072520
ECO04698 0.103240 0.032970 0.000000
ECO04748 -0.101130 0.092300 0.276900
ECO08442 -0.153880 0.210970 0.000000
ECO08149 -0.490110 0.243930 0.092300
ECO08246 -0.200030 0.178010 0.000000
ECO03065 -0.015430 0.079120 0.092300
ECO07695 -0.153880 0.138450 0.000000
ECO08549 -0.298920 0.210970 0.125260
ECO11529 -0.371440 0.092300 0.000000
ECO06502 -0.153880 0.151640 0.151630
ECO12223 0.024130 0.072520 0.000000
ECO06727 -0.483520 0.164820 0.092300
ECO08632 -0.120910 0.092300 0.000000
ECO09295 -0.107730 0.092300 0.059330
ECO12274 0.254880 0.000000 0.000000
ECO05637 -0.397810 0.171410 0.092300
ECO04884 0.037320 0.118670 0.000000
ECO12584 -0.285730 0.197780 0.098900
ECO12191 -0.134100 0.105490 0.000000
ECO02074 -0.523070 0.164820 0.098900
ECO03130 -0.120910 0.092300 0.000000
ECO06193 -0.087950 0.197790 0.138450
ECO06977 -0.542850 0.323050 0.000000
ECO12613 -0.054980 0.039550 0.435130
ECO04869 0.228510 0.019780 0.000000
ECO11777 -0.298920 0.210970 0.098890
ECO07092 0.004350 0.131860 0.000000
ECO04684 0.294440 -0.006600 0.197790
ECO08587 0.096650 0.032970 0.000000
ECO06217 0.090060 0.052740 0.283490
ECO02598 -0.305510 0.164820 0.000000
ECO04169 -0.048390 0.210970 0.151640
ECO02297 -0.160470 0.145040 0.000000
ECO12577 -0.556040 0.204380 0.098890
ECO11565 -0.463740 0.290090 0.000000
ECO11787 -0.153880 0.079120 0.138450
ECO05045 0.287840 0.000000 0.000000
ECO05515 -0.068170 0.105490 0.085710
ECO04143 -0.002240 0.125260 0.000000
ECO06966 -0.219800 0.164820 0.125270
ECO08187 -0.107730 0.098900 0.000000
ECO03071 -0.153880 0.217570 0.118670
ECO12589 0.004350 0.072520 0.000000
ECO02373 -0.404400 0.118670 0.131860
ECO12487 -0.582410 0.191190 0.000000
ECO01852 -0.523070 0.210970 0.085710
ECO07117 -0.298920 0.243940 0.000000
ECO04443 -0.259360 0.197780 0.105490
ECO04996 -0.002240 0.085710 0.000000
ECO04896 -0.002240 0.105480 0.105490
ECO02771 -0.035200 0.072520 0.000000
ECO03273 0.030720 0.052750 0.283490
ECO11230 -0.628560 0.342830 0.000000
ECO08957 0.050500 0.046150 0.283490
ECO06983 0.043910 0.092300 0.000000
ECO02120 -0.002240 0.118670 0.092300
ECO05647 -0.147280 0.065930 0.000000
ECO05428 -0.153880 0.065930 0.072520
ECO07919 -0.496700 0.237340 0.000000
ECO03090 -0.140690 0.164820 0.131860
ECO09927 -0.305510 0.131860 0.000000
ECO05464 0.037320 0.158220 0.164820
ECO03592 0.294440 -0.052750 0.000000
ECO12121 0.301030 -0.026370 0.402160
ECO07101 0.129620 0.039550 0.000000
ECO05697 -0.523070 0.191190 0.092300
ECO06816 0.050500 0.059340 0.000000
ECO12335 -0.397810 0.191190 0.092300
ECO10058 -0.430780 0.276900 0.000000
ECO08857 -0.569220 0.243930 0.092300
ECO09372 0.076870 0.065930 0.000000
ECO00231 0.208730 0.013190 0.323050
ECO02456 -0.008830 0.158220 0.000000
ECO08470 -0.298920 0.138450 0.105480
ECO03105 -0.411000 0.224160 0.000000
ECO05013 -0.641750 0.237350 0.079110
ECO03439 -0.536260 0.230750 0.000000
ECO06483 -0.206620 0.151640 0.125260
ECO12606 -0.397810 0.151630 0.000000
ECO02490 0.254880 0.006590 0.303270
ECO09442 0.202140 0.000000 0.000000
ECO12504 -0.536260 0.257120 0.085710
ECO01954 -0.483520 0.184600 0.000000
ECO04877 -0.470330 0.237340 0.079120
ECO11819 0.155990 0.046150 0.000000
ECO11533 0.195540 0.013190 0.336230
ECO03175 0.004350 0.171420 0.000000
ECO08271 -0.074760 0.079110 0.362610
ECO05897 0.043910 0.052740 0.000000
ECO11449 -0.503300 0.224160 0.085700
ECO03340 -0.490110 0.362610 0.000000
ECO07118 -0.358250 0.178000 0.098900
ECO05782 -0.153880 0.184600 0.000000
ECO11803 0.254880 0.006590 0.276900
ECO08590 -0.173650 0.164820 0.000000
ECO06901 -0.463740 0.224160 0.079110
ECO09539 -0.041800 0.026370 0.000000
ECO09790 -0.549450 0.210970 0.105480
ECO09628 0.294440 -0.013190 0.000000
ECO04448 -0.173650 0.158220 0.171420
ECO04898 -0.153880 0.098900 0.000000
ECO11611 -0.292330 0.250530 0.112070
ECO08878 -0.153880 0.138450 0.000000
ECO09092 -0.134100 0.257120 0.118670
ECO03162 -0.008830 0.065920 0.000000
ECO11848 0.083470 0.052740 0.257120
ECO08749 -0.022020 0.065930 0.000000
ECO04655 -0.153880 0.112080 0.098890
ECO07842 -0.153880 0.164830 0.000000
ECO11662 -0.312100 0.131850 0.112080
ECO05128 -0.443960 0.125260 0.000000
ECO11504 -0.397810 0.032960 0.006590
ECO12637 -0.490110 0.184600 0.000000
ECO06982 -0.430780 0.303280 0.065920
ECO07250 -0.523070 0.230740 0.000000
ECO08824 -0.523070 0.204370 0.098900
ECO08220 -0.417590 0.145040 0.000000
ECO05514 0.063690 0.052740 0.230750
ECO10559 -0.107730 0.131860 0.000000
ECO12489 -0.265950 0.204370 0.105490
ECO03124 0.202140 0.000000 0.000000
ECO02152 -0.364850 0.151640 0.085700
ECO02317 -0.397810 0.164820 0.000000
ECO10605 -0.173650 0.178000 0.151640
ECO06647 -0.424180 0.191190 0.000000
ECO03410 -0.094540 0.052740 0.052740
ECO08894 -0.279140 0.158230 0.000000
ECO11857 -0.153880 0.131860 0.098890
ECO10566 0.241690 -0.013180 0.000000
ECO08626 -0.173650 0.131850 0.145050
ECO05550 -0.509890 0.257120 0.000000
ECO02424 -0.325290 0.145040 0.112080
ECO04389 -0.140690 0.210970 0.000000
ECO02878 -0.153880 0.112080 0.164820
ECO07933 -0.490110 0.316460 0.000000
ECO02224 -0.292330 0.131860 0.079110
ECO05775 -0.298920 0.204380 0.000000
ECO03117 -0.094540 0.112080 0.118670
ECO06554 -0.140690 0.131860 0.000000
ECO05457 -0.153880 0.138450 0.138450
ECO06529 -0.437370 0.184600 0.000000
ECO05843 -0.186840 0.224160 0.145040
ECO03696 0.208730 0.019780 0.000000
ECO11771 -0.424180 0.276900 0.072520
ECO03678 0.274660 -0.006590 0.000000
ECO12575 -0.160470 0.085710 0.158230
ECO02492 -0.147280 0.138450 0.000000
ECO12443 -0.351660 0.184600 0.138450
ECO06636 -0.279140 0.184600 0.000000
ECO06622 -0.153880 0.197790 0.131850
ECO12201 0.109840 0.039550 0.000000
ECO10626 -0.153880 0.019780 0.059330
ECO04678 -0.094540 0.065930 0.000000
ECO04512 0.228510 0.000000 0.382390
ECO06082 -0.259360 0.145040 0.000000
ECO09005 0.123020 0.039560 0.243930
ECO08480 -0.153880 0.065930 0.000000
ECO12161 -0.378030 0.184600 0.092300
ECO10684 -0.259360 0.184600 0.000000
ECO03959 -0.259360 0.210970 0.112080
ECO00615 -0.602190 0.204380 0.000000
ECO03057 0.301030 -0.013190 0.263710
ECO09375 -0.542850 0.441720 0.000000
ECO03206 -0.081350 0.105480 0.276900
ECO04227 -0.035200 0.079110 0.000000
ECO00255 -0.654930 0.309860 0.072520
ECO04535 0.261470 0.000000 0.000000
ECO09330 -0.595600 0.191200 0.112070
ECO03389 -0.153880 0.171420 0.000000
ECO12205 -0.193430 0.059330 0.131860
ECO09934 -0.008830 0.065920 0.000000
ECO03050 -0.002240 0.092300 0.131860
ECO10752 -0.476930 0.230750 0.000000
ECO05682 0.155990 0.039550 0.217570
ECO08605 -0.476930 0.178010 0.000000
ECO04410 0.221920 0.006590 0.342830
ECO04061 -0.002240 0.145040 0.000000
ECO02189 -0.298920 0.184600 0.118670
ECO07194 -0.430780 0.217570 0.000000
ECO10002 -0.569220 0.402160 0.052750
ECO05180 -0.134100 0.204380 0.000000
ECO12354 -0.523070 0.217560 0.085710
ECO03406 -0.002240 0.112080 0.000000
ECO08971 -0.305510 0.210970 0.151640
ECO09843 -0.397810 0.145040 0.000000
ECO10026 -0.298920 0.184600 0.112080
ECO06533 0.017540 0.059330 0.000000
ECO04729 -0.035200 0.065920 0.105490
ECO10545 -0.186840 0.131860 0.000000
ECO06550 0.050500 0.065930 0.283490
ECO05512 -0.384630 0.217570 0.000000
ECO12320 -0.081350 0.092300 0.276900
ECO10294 -0.523070 0.184590 0.000000
ECO06801 -0.167060 0.065930 0.164820
ECO05461 0.004350 0.118670 0.000000
ECO04159 -0.180250 0.191200 0.118670
ECO03606 -0.463740 0.270310 0.000000
ECO02806 -0.107730 0.079120 0.052740
ECO08354 0.063690 0.065930 0.000000
ECO07184 -0.404400 0.145040 0.112080
ECO12103 -0.153880 0.072530 0.000000
ECO02371 -0.681300 0.441720 0.092300
ECO12136 -0.305510 0.158230 0.000000
ECO02169 -0.536260 0.178010 0.125260
ECO05947 -0.701080 0.250530 0.000000
ECO05220 -0.483520 0.362610 0.065930
ECO05306 -0.153880 0.112080 0.000000
ECO03183 -0.061580 0.098900 0.197780
ECO11705 -0.589000 0.237340 0.000000
ECO03226 0.248290 -0.013190 0.415350
ECO08685 -0.391220 0.197790 0.000000
ECO04055 -0.160470 0.072520 0.118670
ECO00068 -0.437370 0.171420 0.000000
ECO02376 -0.279140 0.224160 0.112080
ECO02669 0.037320 0.065920 0.000000
ECO06620 -0.002240 0.059330 0.131860
ECO02683 -0.509890 0.230750 0.000000
ECO02719 -0.180250 0.158230 0.138450
ECO08249 -0.127500 0.151630 0.000000
ECO01990 -0.450550 0.164820 0.098900
ECO05661 -0.378030 0.184600 0.000000
ECO08315 -0.457150 0.151640 0.098890
ECO03610 -0.048390 0.092300 0.000000
ECO04576 -0.463740 0.151640 0.105480
ECO02270 0.149390 0.019780 0.000000
ECO05797 -0.589000 0.210970 0.098900
ECO02504 -0.272550 0.151640 0.000000
ECO07869 -0.002240 0.085710 0.092300
ECO05746 0.004350 0.079120 0.000000
ECO00220 -0.523070 0.145040 0.125270
ECO02624 -0.252770 0.125270 0.000000
ECO06954 0.037320 0.092300 0.270310
ECO02585 -0.074760 0.092300 0.000000
ECO12505 -0.232990 0.059340 0.059340
ECO08505 -0.160470 0.079120 0.000000
ECO08790 -0.523070 0.184590 0.085710
ECO02455 -0.153880 0.046150 0.000000
ECO02923 -0.160470 0.032970 0.059330
ECO03208 -0.041800 0.105490 0.000000
ECO05765 0.221920 -0.013190 0.421950
ECO12654 -0.298920 0.171420 0.000000
ECO01987 -0.470330 0.197780 0.098890
ECO02387 -0.582410 0.283490 0.000000
ECO08299 -0.252770 0.125270 0.098890
ECO02476 -0.259360 0.191190 0.000000
ECO04298 -0.140690 0.145040 0.079110
ECO11260 -0.430780 0.217570 0.000000
ECO08843 0.129620 0.059330 0.283500
ECO00989 -0.430780 0.296680 0.000000
ECO09277 -0.358250 0.164820 0.092300
ECO09354 -0.246180 0.059340 0.000000
ECO05878 -0.127500 0.197780 0.138450
ECO06971 -0.213210 0.131860 0.000000
ECO05031 -0.074760 0.151630 0.191190
ECO06712 -0.391220 0.184600 0.000000
ECO12392 -0.305510 0.092300 0.105490
ECO03738 -0.542850 0.204370 0.000000
ECO04040 -0.035200 0.085700 0.098900
ECO03227 -0.134100 0.210970 0.000000
ECO07112 -0.160470 0.092300 0.164820
ECO06903 -0.404400 0.204370 0.000000
ECO06503 -0.569220 0.349420 0.059340
ECO03236 0.274660 -0.026370 0.000000
ECO05040 0.301030 -0.026370 0.362610
ECO12333 -0.292330 0.171420 0.000000
ECO10022 -0.107730 0.270310 0.125260
ECO05410 -0.048390 0.085710 0.000000
ECO05099 -0.153880 0.079120 0.098890
ECO03806 0.274660 -0.013190 0.000000
ECO10422 -0.411000 0.131860 0.125260
ECO10554 0.050500 0.072520 0.000000
ECO05006 -0.022020 0.059340 0.112080
ECO07805 -0.490110 0.224160 0.000000
ECO05440 -0.358250 0.191190 0.105490
ECO05308 -0.173650 0.118670 0.000000
ECO09554 -0.496700 0.237340 0.085710
ECO07775 -0.239580 0.138450 0.000000
ECO00794 -0.345070 0.164820 0.105480
ECO04806 -0.259360 0.178010 0.000000
ECO10324 0.208730 0.019780 0.257120
ECO08150 0.043910 0.065930 0.000000
ECO11319 -0.160470 0.131860 0.158230
ECO08243 -0.476930 0.303280 0.000000
ECO05533 -0.068170 0.079120 0.382380
ECO09184 -0.002240 0.118670 0.000000
ECO04888 -0.127500 0.079110 0.039560
ECO05488 -0.470330 0.224150 0.000000
ECO11643 -0.134100 0.257120 0.118670
ECO06174 0.090060 0.065930 0.000000
ECO07009 0.050500 0.059340 0.283490
ECO09532 -0.325290 0.158230 0.000000
ECO11105 -0.635150 0.290080 0.072520
ECO09581 -0.153880 0.072530 0.000000
ECO08832 -0.153880 0.197790 0.105480
ECO05388 -0.272550 0.138450 0.000000
ECO11457 -0.364850 0.171420 0.098890
ECO08581 -0.239580 0.112080 0.000000
ECO11343 0.301030 -0.026370 0.323050
ECO02430 -0.101130 0.105480 0.000000
ECO03016 -0.252770 0.164820 0.098890
ECO02130 0.037320 0.131850 0.000000
ECO03416 -0.068170 0.210970 0.151630
ECO04737 0.129620 0.065920 0.000000
ECO04602 -0.068170 0.085710 0.092300
ECO09618 -0.523070 0.184590 0.000000
ECO02179 -0.378030 0.178000 0.092300
ECO03494 0.103240 0.046150 0.000000
ECO06545 -0.654930 0.243930 0.072520
ECO09296 -0.364850 0.178010 0.000000
ECO09310 -0.127500 0.151630 0.131860
ECO03194 -0.397810 0.151630 0.000000
ECO00629 -0.490110 0.263710 0.098890
ECO12273 0.017540 0.072520 0.000000
ECO04373 -0.134100 0.158230 0.125260
ECO03873 -0.002240 0.138450 0.000000
ECO02608 -0.206620 0.125270 0.125260
ECO03301 -0.008830 0.085700 0.000000
ECO09689 -0.153880 0.125270 0.158220
ECO03487 -0.087950 0.098900 0.000000
ECO05666 -0.397810 0.131860 0.125260
ECO08324 0.254880 -0.013190 0.000000
ECO06538 -0.094540 0.085710 0.342830
ECO04766 -0.035200 0.072520 0.000000
ECO04773 -0.061580 0.065930 0.065920
ECO10396 -0.147280 0.072520 0.000000
ECO05452 -0.252770 0.191190 0.125260
ECO03187 -0.213210 0.151630 0.000000
ECO06652 -0.120910 0.178000 0.131860
ECO03594 0.208730 -0.006590 0.000000
ECO04287 -0.147280 0.197780 0.164820
ECO02408 -0.153880 0.217570 0.000000
ECO02638 -0.219800 0.092300 0.118680
ECO06400 -0.002240 0.072520 0.000000
ECO06683 0.116430 0.032960 0.329640
ECO03375 0.136210 0.032960 0.000000
ECO00348 -0.516480 0.276900 0.085710
ECO12068 -0.087950 0.112080 0.000000
ECO07085 -0.404400 0.217560 0.098900
ECO08372 -0.002240 0.065930 0.000000
ECO04711 -0.074760 0.125260 0.197790
ECO06298 0.090060 0.046150 0.000000
ECO03475 -0.239580 0.184600 0.105490
ECO01218 -0.035200 0.059330 0.000000
ECO05028 -0.068170 0.092300 0.098890
ECO04928 -0.701080 0.296680 0.000000
ECO02790 0.268070 -0.039560 0.474690
ECO04092 0.090060 0.079110 0.000000
ECO11668 0.215320 0.006600 0.336230
ECO09993 -0.443960 0.303270 0.000000
ECO05211 -0.331880 0.151630 0.105490
ECO03205 -0.028610 0.085700 0.000000
ECO04241 0.281250 0.000000 0.224160
ECO10542 -0.345070 0.184600 0.000000
ECO02701 -0.556040 0.237340 0.092300
ECO05459 -0.134100 0.072520 0.000000
ECO05659 -0.358250 0.138450 0.079120
ECO06798 -0.193430 0.131850 0.000000
ECO11680 0.228510 0.006590 0.303270
ECO12473 -0.628560 0.257120 0.000000
ECO03156 -0.160470 0.125270 0.151630
ECO09857 0.142800 0.046150 0.000000
ECO04562 0.004350 0.092300 0.118670
ECO12455 -0.397810 0.184600 0.000000
ECO01318 -0.305510 0.138450 0.112080
ECO03490 0.241690 0.019780 0.000000
ECO08121 -0.325290 0.164820 0.112080
ECO07600 -0.674710 0.329640 0.000000
ECO07736 -0.443960 0.191190 0.085710
ECO04926 -0.450550 0.270300 0.000000
ECO03741 -0.120910 0.118670 0.059340
ECO04430 -0.153880 0.065930 0.000000
ECO08474 0.123020 0.032970 0.336230
ECO05709 -0.153880 0.098900 0.000000
ECO03530 -0.002240 0.059330 0.138450
ECO06095 -0.140690 0.072520 0.000000
ECO04923 -0.160470 0.191190 0.125260
ECO11816 -0.239580 0.112080 0.000000
ECO04323 -0.167060 0.092300 0.164820
ECO12016 -0.305510 0.158230 0.000000
ECO04723 0.142800 0.039560 0.283490
ECO09167 -0.246180 0.263720 0.000000
ECO02658 -0.232990 0.092300 0.112080
ECO09646 0.063690 0.059330 0.000000
ECO06402 -0.523070 0.158220 0.098900
ECO09453 -0.523070 0.237340 0.000000
ECO10232 0.083470 0.046150 0.309870
ECO08760 -0.424180 0.210970 0.000000
ECO03630 -0.226400 0.230750 0.092300
ECO11133 -0.523070 0.224150 0.000000
ECO09053 -0.430780 0.250530 0.085700
ECO04916 0.010950 0.105480 0.000000
ECO05716 -0.114320 0.145040 0.217560
ECO07767 -0.476930 0.184600 0.000000
ECO05816 0.076870 0.065930 0.191190
ECO03737 -0.120910 0.243930 0.000000
ECO02165 -0.411000 0.151640 0.105480
ECO02644 -0.378030 0.204380 0.000000
ECO05402 -0.252770 0.164820 0.118670
ECO03138 -0.153880 0.026380 0.000000
ECO00917 -0.727450 0.237340 0.085710
ECO02155 -0.279140 0.145040 0.000000
ECO12503 -0.397810 0.151630 0.098890
ECO12520 -0.305510 0.145040 0.000000
ECO08303 -0.153880 0.145050 0.098890
ECO12303 -0.384630 0.178010 0.000000
ECO04800 -0.134100 0.065930 0.046150
ECO03221 -0.331880 0.230750 0.000000
ECO04071 -0.542850 0.270300 0.072520
ECO12032 -0.081350 0.204370 0.000000
ECO10641 0.195540 0.006600 0.369190
ECO04314 -0.074760 0.065930 0.000000
ECO09950 -0.569220 0.191190 0.098900
ECO08127 -0.298920 0.151640 0.000000
ECO06068 -0.186840 0.178010 0.138450
ECO05532 -0.153880 0.164830 0.000000
ECO05493 0.235100 0.013190 0.263710
ECO12089 0.017540 0.065930 0.000000
ECO06536 -0.298920 0.131860 0.092300
ECO06411 -0.153880 0.112080 0.000000
ECO05143 -0.008830 0.032960 0.065930
ECO11513 -0.483520 0.296680 0.000000
ECO06050 -0.345070 0.158230 0.105480
ECO03621 -0.298920 0.224160 0.000000
ECO08633 -0.160470 0.079120 0.105480
ECO04889 -0.101130 0.046150 0.000000
ECO11739 -0.213210 0.112080 0.118670
ECO04732 -0.193430 0.098890 0.000000
ECO07940 -0.298920 0.059340 0.046150
ECO03953 -0.087950 0.131860 0.000000
ECO06000 -0.193430 0.092300 0.118670
ECO10398 -0.298920 0.145040 0.000000
ECO05075 -0.193430 0.151630 0.145050
ECO09237 -0.503300 0.184600 0.000000
ECO09619 -0.648340 0.303270 0.079110
ECO06879 -0.325290 0.191190 0.000000
ECO10466 0.281250 -0.026370 0.435130
ECO06604 -0.496700 0.210970 0.000000
ECO07765 -0.298920 0.138450 0.112080
ECO07872 -0.378030 0.204380 0.000000
ECO02199 -0.081350 0.184590 0.131860
ECO04264 -0.417590 0.257120 0.000000
ECO03396 -0.114320 0.138450 0.085710
ECO11288 0.142800 0.039560 0.000000
ECO05093 -0.153880 0.125270 0.112070
ECO02392 -0.114320 0.065930 0.000000
ECO02538 -0.483520 0.250530 0.079110
ECO00734 -0.397810 0.171410 0.000000
ECO02755 -0.173650 0.046150 0.085710
ECO08805 -0.153880 0.243940 0.000000
ECO12486 -0.292330 0.158230 0.105480
ECO04793 -0.437370 0.210970 0.000000
ECO09246 -0.404400 0.164820 0.118670
ECO06388 -0.450550 0.323050 0.000000
ECO08360 0.215320 0.006600 0.336230
ECO03730 -0.035200 0.079110 0.000000
ECO08374 -0.635150 0.250520 0.079120
ECO03937 -0.193430 0.191190 0.000000
ECO02451 -0.397810 0.197780 0.092300
ECO02944 0.103240 0.052750 0.000000
ECO08574 -0.153880 0.171420 0.098890
ECO06093 -0.542850 0.448310 0.000000
ECO07808 -0.384630 0.158230 0.079110
ECO08676 -0.411000 0.171420 0.000000
ECO02399 -0.094540 0.118670 0.098890
ECO11606 -0.134100 0.085710 0.000000
ECO11174 -0.331880 0.158230 0.098900
ECO04289 -0.002240 0.046150 0.000000
ECO00545 -0.364850 0.158230 0.092300
ECO05918 -0.397810 0.145040 0.000000
ECO11067 -0.397810 0.151630 0.105490
ECO04757 0.274660 -0.006590 0.000000
ECO04982 -0.523070 0.237340 0.079120
ECO08969 -0.246180 0.178010 0.000000
ECO12368 0.169170 0.039560 0.257120
ECO04064 -0.252770 0.217570 0.000000
ECO10080 -0.114320 0.065930 0.046150
ECO10480 -0.378030 0.204380 0.000000
ECO08101 0.142800 0.046150 0.283490
ECO05675 -0.536260 0.158230 0.000000
ECO11782 -0.285730 0.125260 0.092300
ECO05207 -0.160470 0.171420 0.000000
ECO05586 -0.305510 0.184600 0.118670
ECO07965 -0.496700 0.164820 0.000000
ECO05382 0.004350 0.079120 0.263710
ECO07254 0.024130 0.098890 0.000000
ECO04689 -0.279140 0.197790 0.112080
ECO02953 -0.008830 0.065920 0.000000
ECO06336 0.004350 0.158230 0.118670
ECO05118 -0.107730 0.164820 0.000000
ECO12025 -0.120910 0.178000 0.112080
ECO07147 -0.246180 0.204380 0.000000
ECO11313 -0.246180 0.237350 0.085700
ECO08326 -0.338480 0.164830 0.000000
ECO02242 -0.127500 0.145040 0.164830
ECO06961 -0.219800 0.151630 0.000000
ECO02710 -0.015430 0.065930 0.092300
ECO05800 -0.153880 0.138450 0.000000
ECO02574 -0.298920 0.243940 0.092300
ECO04366 -0.186840 0.125260 0.000000
ECO08317 -0.153880 0.046150 0.059330
ECO07331 -0.397810 0.158230 0.000000
ECO11169 -0.476930 0.197790 0.085700
ECO09603 -0.298920 0.131860 0.000000
ECO09110 -0.318700 0.210970 0.118670
ECO12373 -0.015430 0.065930 0.000000
ECO02885 -0.694490 0.303270 0.065930
ECO02124 -0.430780 0.191200 0.000000
ECO04804 0.235100 0.019780 0.164820
ECO08347 -0.002240 0.092300 0.000000
ECO06757 -0.404400 0.125260 0.118670
ECO08598 0.004350 0.059340 0.000000
ECO03259 -0.120910 0.204380 0.118670
ECO06258 -0.246180 0.178010 0.000000
ECO06603 -0.490110 0.197780 0.085710
ECO09518 -0.134100 0.072520 0.000000
ECO01421 -0.298920 0.151640 0.085710
ECO07008 0.090060 0.046150 0.000000
ECO12629 -0.345070 0.125270 0.085710
ECO01259 -0.701080 0.243930 0.000000
ECO10569 0.024130 0.059340 0.270310
ECO08530 -0.305510 0.145040 0.000000
ECO03034 0.057090 0.079120 0.072520
ECO03204 -0.153880 0.039560 0.000000
ECO09547 -0.160470 0.105490 0.158230
ECO05889 -0.101130 0.098890 0.000000
ECO04854 0.083470 0.046150 0.270310
ECO12093 -0.569220 0.230740 0.000000
ECO09254 -0.523070 0.217560 0.079120
ECO08841 -0.292330 0.197790 0.000000
ECO03897 -0.470330 0.217560 0.085710
ECO04417 -0.134100 0.125270 0.000000
ECO04386 0.103240 0.072530 0.178000
ECO12347 -0.081350 0.112070 0.000000
ECO12360 0.057090 0.072530 0.270300
ECO07994 -0.219800 0.178000 0.000000
ECO10083 -0.114320 0.085710 0.059330
ECO06726 0.103240 0.032970 0.000000
ECO03936 0.248290 -0.026370 0.441720
ECO03463 -0.153880 0.171420 0.000000
ECO05301 0.030720 0.065930 0.290080
ECO01460 -0.523070 0.197780 0.000000
ECO10734 -0.635150 0.276900 0.072520
ECO00242 -0.707670 0.250520 0.000000
ECO06540 -0.430780 0.316460 0.065920
ECO10501 -0.417590 0.197790 0.000000
ECO00409 -0.753820 0.250520 0.072530
ECO06590 -0.582410 0.171410 0.000000
ECO00723 -0.523070 0.204370 0.105490
ECO10970 -0.595600 0.191200 0.000000
ECO00927 -0.582410 0.217560 0.105490
ECO03429 -0.002240 0.079110 0.000000
ECO08582 0.123020 0.039560 0.316450
ECO09748 -0.002240 0.039560 0.000000
ECO02545 -0.107730 0.217570 0.118670
ECO09952 -0.397810 0.171410 0.000000
ECO06608 -0.298920 0.131860 0.079110
ECO02331 -0.701080 0.290080 0.000000
ECO02846 -0.312100 0.191190 0.125270
ECO06705 -0.239580 0.151630 0.000000
ECO11999 0.076870 0.052750 0.257120
ECO04404 -0.002240 0.072520 0.000000
ECO04365 -0.153880 0.105490 0.032960
ECO08148 -0.397810 0.145040 0.000000
ECO08279 -0.153880 0.112080 0.151630
ECO03918 -0.048390 0.052740 0.000000
ECO03217 -0.002240 0.059330 0.072520
ECO11965 0.030720 0.059340 0.000000
ECO03965 -0.041800 0.217570 0.145040
ECO08284 -0.384630 0.178010 0.000000
ECO08548 -0.219800 0.243930 0.098900
ECO11879 -0.232990 0.138450 0.000000
ECO12611 -0.470330 0.138450 0.092300
ECO03264 -0.582410 0.276900 0.000000
ECO02961 -0.265950 0.032960 0.032970
ECO04540 0.228510 0.019780 0.000000
ECO11756 -0.232990 0.178010 0.145040
ECO09309 -0.687900 0.283500 0.000000
ECO04663 0.281250 -0.019780 0.362600
ECO06880 -0.153880 0.118680 0.000000
ECO07850 -0.476930 0.224160 0.085700
ECO09688 -0.318700 0.158230 0.000000
ECO05042 0.096650 0.032970 0.323050
ECO07416 -0.338480 0.138450 0.000000
ECO05199 -0.054980 0.079110 0.270310
ECO05408 -0.575820 0.243940 0.000000
ECO05442 -0.292330 0.171420 0.098890
ECO10957 -0.628560 0.217560 0.000000
ECO07280 -0.160470 0.105490 0.151630
ECO06778 -0.167060 0.138450 0.000000
ECO11321 -0.081350 0.098890 0.112080
ECO11287 -0.661520 0.270300 0.000000
ECO11025 -0.595600 0.204380 0.098890
ECO02268 -0.153880 0.184600 0.000000
ECO11250 -0.509890 0.362610 0.072520
ECO02859 -0.213210 0.197780 0.000000
ECO01332 0.090060 0.026370 0.382390
ECO11722 -0.516480 0.329640 0.000000
ECO08158 -0.523070 0.243930 0.092300
ECO05900 -0.378030 0.217560 0.000000
ECO09069 -0.292330 0.138450 0.085700
ECO09962 -0.358250 0.164820 0.000000
ECO09269 -0.285730 0.178000 0.092300
ECO09176 -0.298920 0.191190 0.000000
ECO03828 -0.153880 0.039560 0.092300
ECO02160 -0.430780 0.171420 0.000000
ECO03635 -0.180250 0.059340 0.145040
ECO06086 -0.167060 0.145040 0.000000
ECO03639 -0.074760 0.105480 0.112080
ECO11049 0.070280 0.059340 0.000000
ECO05100 0.050500 0.072520 0.290080
ECO07797 -0.292330 0.131860 0.000000
ECO08465 -0.523070 0.210970 0.085710
ECO04907 -0.153880 0.112080 0.000000
ECO12214 -0.621970 0.230750 0.085700
ECO10541 -0.371440 0.158230 0.000000
ECO09337 -0.608780 0.448310 0.052740
ECO04614 -0.127500 0.217560 0.000000
ECO08469 -0.160470 0.085710 0.151630
ECO07983 -0.298920 0.151640 0.000000
ECO07976 -0.463740 0.158230 0.098890
ECO05593 0.261470 0.000000 0.000000
ECO05218 -0.153880 0.118680 0.138450
ECO05014 -0.081350 0.065920 0.000000
ECO09455 -0.312100 0.237340 0.131860
ECO04839 0.162580 0.046150 0.000000
ECO08851 -0.002240 0.158230 0.065930
ECO03614 0.208730 0.026370 0.000000
ECO04239 -0.048390 0.118670 0.230750
ECO06579 -0.153880 0.138450 0.000000
ECO05325 -0.292330 0.217570 0.118670
ECO03435 0.070280 0.112080 0.000000
ECO00470 -0.523070 0.197780 0.092300
ECO05232 0.254880 0.006590 0.000000
ECO05039 -0.153880 0.145050 0.164820
ECO11907 0.004350 0.072520 0.000000
ECO01674 -0.397810 0.052740 0.125260
ECO11320 -0.358250 0.210970 0.000000
ECO08376 -0.338480 0.145050 0.098890
ECO02342 -0.654930 0.243930 0.000000
ECO02635 0.017540 0.079110 0.243940
ECO02367 -0.153880 0.145050 0.000000
ECO04900 0.202140 0.019780 0.237340
ECO01928 -0.397810 0.151630 0.000000
ECO02378 -0.351660 0.171410 0.098890
ECO12679 -0.490110 0.210970 0.000000
ECO02464 -0.589000 0.270300 0.072520
ECO03379 0.063690 0.059330 0.000000
ECO08123 -0.397810 0.131860 0.105490
ECO08895 -0.232990 0.092300 0.000000
ECO04688 -0.305510 0.164820 0.112080
ECO07166 -0.615370 0.283490 0.000000
ECO03373 -0.232990 0.184600 0.138450
ECO04813 -0.048390 0.059340 0.000000
ECO07219 -0.140690 0.158230 0.178010
ECO05498 0.004350 0.118670 0.000000
ECO04126 -0.147280 0.145040 0.052750
ECO08821 -0.153880 0.210970 0.000000
ECO06264 -0.002240 0.092300 0.184600
ECO09302 -0.200030 0.164830 0.000000
ECO09304 -0.760420 0.283490 0.072520
ECO12481 0.109840 0.065930 0.000000
ECO09997 -0.450550 0.191190 0.092300
ECO10318 -0.008830 0.052740 0.000000
ECO03716 0.004350 0.092300 0.204380
ECO07460 -0.153880 0.145050 0.000000
ECO10653 -0.252770 0.204380 0.125260
ECO08495 -0.516480 0.237340 0.000000
ECO02144 0.241690 -0.013180 0.441720
ECO07946 -0.022020 0.065930 0.000000
ECO03465 -0.002240 0.092300 0.164820
ECO10467 -0.285730 0.158230 0.000000
ECO10874 -0.140690 0.125260 0.052740
ECO08223 -0.325290 0.151640 0.000000
ECO00237 -0.727450 0.250520 0.085710
ECO08902 -0.364850 0.151640 0.000000
ECO04288 -0.358250 0.158220 0.092300
ECO04279 -0.305510 0.145040 0.000000
ECO06351 -0.312100 0.171410 0.118680
ECO04281 -0.081350 0.138440 0.000000
ECO04179 -0.035200 0.052740 0.072530
ECO10674 -0.279140 0.178010 0.000000
ECO04581 0.228510 0.013180 0.257120
ECO05951 -0.298920 0.204380 0.000000
ECO07123 -0.364850 0.151640 0.085700
ECO05158 -0.265950 0.164820 0.000000
ECO11774 -0.186840 0.145040 0.151640
ECO03986 -0.140690 0.105490 0.000000
ECO06530 0.261470 0.000000 0.316450
ECO09697 -0.536260 0.230750 0.000000
ECO07830 -0.523070 0.151630 0.112080
ECO11772 -0.298920 0.151640 0.000000
ECO05458 0.235100 -0.006590 0.454900
ECO10304 -0.490110 0.257120 0.000000
ECO06060 -0.621970 0.263720 0.072520
ECO10975 -0.450550 0.204370 0.000000
ECO00614 -0.424180 0.158230 0.112080
ECO10767 -0.404400 0.158220 0.000000
ECO05360 -0.002240 0.065930 0.276900
ECO07223 -0.153880 0.125270 0.000000
ECO08323 -0.476930 0.197790 0.085700
ECO12374 -0.002240 0.112080 0.000000
ECO05660 -0.147280 0.112080 0.191200
ECO05758 -0.140690 0.171410 0.000000
ECO03279 0.228510 0.006590 0.316460
ECO03479 0.228510 -0.019780 0.000000
ECO02686 -0.437370 0.145040 0.105480
ECO08225 -0.219800 0.270300 0.000000
ECO05860 -0.648340 0.237340 0.079110
ECO02967 0.254880 -0.013190 0.000000
ECO12525 0.202140 0.006590 0.362610
ECO12446 -0.081350 0.224150 0.000000
ECO11158 0.116430 0.046150 0.171410
ECO06720 -0.430780 0.158230 0.000000
ECO11748 -0.127500 0.131850 0.145050
ECO00854 -0.602190 0.230750 0.000000
ECO05047 0.195540 0.019780 0.270300
ECO09657 0.050500 0.039560 0.000000
ECO02726 -0.529670 0.204380 0.092300
ECO05298 -0.272550 0.164820 0.000000
ECO08885 -0.292330 0.164830 0.092300
ECO11798 -0.153880 0.112080 0.000000
ECO06420 -0.358250 0.178000 0.105490
ECO04362 -0.180250 0.125270 0.000000
ECO08592 -0.378030 0.158230 0.079120
ECO11855 -0.345070 0.145040 0.000000
ECO05191 0.030720 0.046150 0.296670
ECO00054 -0.635150 0.263710 0.000000
ECO06470 -0.153880 0.105490 0.138450
ECO03955 0.301030 -0.032960 0.000000
ECO09764 -0.153880 0.085710 0.138450
ECO09678 -0.232990 0.112080 0.000000
ECO04755 -0.041800 0.039560 0.046150
ECO04598 0.235100 -0.006590 0.000000
ECO00861 0.004350 0.112080 0.164820
ECO03126 0.261470 -0.026370 0.000000
ECO06613 -0.523070 0.158220 0.105490
ECO11447 -0.272550 0.191200 0.000000
ECO05134 0.037320 0.059330 0.237350
ECO05884 -0.305510 0.171410 0.000000
ECO00990 -0.575820 0.184600 0.105480
ECO09685 -0.312100 0.210970 0.000000
ECO08192 -0.298920 0.138450 0.092300
ECO05327 -0.153880 0.065930 0.000000
ECO05920 -0.140690 0.105490 0.032960
ECO00004 -0.562630 0.197780 0.000000
ECO07806 -0.430780 0.158230 0.112070
ECO06070 -0.305510 0.158230 0.000000
ECO10564 -0.180250 0.151640 0.178000
ECO00061 -0.232990 0.092300 0.000000
ECO11561 -0.457150 0.342830 0.059330
ECO06956 -0.615370 0.303270 0.000000
ECO03769 0.017540 0.072520 0.290090
ECO11709 -0.153880 0.092300 0.000000
ECO12444 -0.753820 0.296670 0.072530
ECO03905 -0.239580 0.164820 0.000000
ECO08728 -0.298920 0.138450 0.085710
ECO02326 -0.562630 0.243930 0.000000
ECO01690 -0.707670 0.257120 0.092300
ECO02833 -0.516480 0.164820 0.000000
ECO09228 0.103240 0.039560 0.296670
ECO05970 -0.140690 0.098890 0.000000
ECO06077 -0.153880 0.138450 0.065920
ECO03212 -0.153880 0.164830 0.000000
ECO10614 -0.068170 0.131860 0.125260
ECO06763 0.123020 0.039560 0.000000
ECO05438 0.208730 0.019780 0.243930
ECO02269 -0.087950 0.164820 0.000000
ECO06364 -0.298920 0.151640 0.085710
ECO11770 -0.101130 0.158220 0.000000
ECO03917 -0.015430 0.046150 0.065920
ECO11661 -0.107730 0.270310 0.000000
ECO00424 -0.701080 0.257120 0.098890
ECO09333 -0.160470 0.052740 0.000000
ECO08452 -0.411000 0.184600 0.092300
ECO00117 -0.298920 0.263720 0.000000
ECO08375 -0.002240 0.052740 0.296680
ECO11018 -0.457150 0.197790 0.000000
ECO12533 -0.345070 0.158230 0.098890
ECO00457 -0.529670 0.178010 0.000000
ECO11353 -0.120910 0.118670 0.224160
ECO02359 -0.450550 0.290080 0.000000
ECO02457 -0.298920 0.145040 0.098890
ECO02466 -0.160470 0.072520 0.000000
ECO09052 -0.496700 0.184600 0.085710
ECO05678 -0.200030 0.105490 0.000000
ECO03159 -0.153880 0.039560 0.065920
ECO04206 -0.153880 0.197790 0.000000
ECO12524 -0.509890 0.178010 0.085710
ECO04738 -0.114320 0.270310 0.000000
ECO00194 -0.740640 0.296680 0.079110
ECO04508 0.142800 0.046150 0.000000
ECO05592 -0.147280 0.178000 0.079120
ECO03747 -0.107730 0.065930 0.000000
ECO10565 -0.153880 0.118680 0.105480
ECO07796 -0.298920 0.210970 0.000000
ECO04387 0.057090 0.052750 0.270300
ECO03318 -0.002240 0.118670 0.000000
ECO06955 -0.028610 0.092300 0.131860
ECO08191 -0.002240 0.098890 0.000000
ECO09234 -0.430780 0.296680 0.072520
ECO10519 -0.101130 0.164820 0.000000
ECO04150 -0.002240 0.085710 0.105490
ECO05657 0.043910 0.032960 0.000000
ECO11607 -0.094540 0.118670 0.085710
ECO06238 -0.298920 0.184600 0.000000
ECO04983 -0.087950 0.072520 0.059330
ECO05020 -0.074760 0.151630 0.000000
ECO03197 -0.054980 0.118670 0.112080
ECO06256 0.083470 0.052740 0.000000
ECO12162 -0.509890 0.217560 0.085710
ECO06892 -0.437370 0.204380 0.000000
ECO09093 -0.272550 0.171420 0.092300
ECO06827 -0.246180 0.065930 0.000000
ECO10136 -0.397810 0.125260 0.098890
ECO07108 0.221920 -0.026380 0.000000
ECO06591 -0.081350 0.072520 0.362610
ECO09336 -0.153880 0.164830 0.000000
ECO06710 -0.450550 0.316450 0.072520
ECO00957 -0.523070 0.171410 0.000000
ECO06124 -0.153880 0.019780 0.026370
ECO08047 -0.002240 0.072520 0.000000
ECO10719 -0.635150 0.250520 0.085710
ECO10035 -0.153880 0.072530 0.000000
ECO03048 -0.153880 0.092300 0.085700
ECO02384 -0.153880 0.204380 0.000000
ECO05103 -0.450550 0.237340 0.079120
ECO05389 -0.325290 0.237340 0.000000
ECO10787 0.010950 0.065920 0.125270
ECO09366 -0.298920 0.145040 0.000000
ECO09315 -0.147280 0.184600 0.125270
ECO09784 -0.490110 0.263710 0.000000
ECO00389 -0.595600 0.270310 0.072520
ECO05355 -0.549450 0.270310 0.000000
ECO12507 -0.417590 0.125260 0.118670
ECO11249 -0.193430 0.151630 0.000000
ECO06819 0.228510 -0.013190 0.421940
ECO03320 -0.002240 0.158230 0.000000
ECO00912 -0.569220 0.237340 0.098900
ECO07755 -0.391220 0.145040 0.000000
ECO09733 -0.701080 0.243930 0.085710
ECO07912 -0.213210 0.131860 0.000000
ECO08447 0.149390 0.032970 0.296670
ECO02964 -0.120910 0.323050 0.000000
ECO05956 -0.153880 0.131860 0.125260
ECO06026 -0.022020 0.085710 0.000000
ECO05292 -0.397810 0.138450 0.105490
ECO01712 -0.384630 0.171420 0.000000
ECO09099 -0.424180 0.191190 0.092300
ECO06241 -0.417590 0.138450 0.000000
ECO03033 0.057090 0.079120 0.072520
ECO08431 -0.476930 0.178010 0.000000
ECO08996 -0.457150 0.158230 0.105480
ECO02711 -0.272550 0.178010 0.000000
ECO02675 -0.180250 0.085710 0.151630
ECO02418 -0.529670 0.230750 0.000000
ECO10536 -0.397810 0.145040 0.112080
ECO10871 -0.305510 0.178010 0.000000
ECO00139 -0.621970 0.243940 0.092300
ECO08345 -0.312100 0.204370 0.000000
ECO11323 -0.265950 0.197780 0.098900
ECO06991 -0.081350 0.191190 0.000000
ECO08414 -0.615370 0.243930 0.085710
ECO02018 -0.523070 0.178000 0.000000
ECO08745 -0.562630 0.191190 0.112080
ECO04687 0.024130 0.059340 0.000000
ECO05773 -0.035200 0.098890 0.098900
ECO02629 -0.048390 0.065930 0.000000
ECO12583 -0.219800 0.164820 0.112080
ECO09493 -0.615370 0.303270 0.000000
ECO06962 0.076870 0.046150 0.270300
ECO04084 0.202140 0.019780 0.000000
ECO02212 0.070280 0.052740 0.250530
ECO02847 -0.259360 0.171410 0.000000
ECO10068 -0.134100 0.092300 0.052740
ECO06724 -0.101130 0.098890 0.000000
ECO04384 -0.002240 0.092300 0.224160
ECO08013 -0.120910 0.217560 0.000000
ECO10236 -0.002240 0.059330 0.079110
ECO06575 -0.239580 0.138450 0.000000
ECO08329 -0.265950 0.178000 0.112080
ECO01643 -0.298920 0.164820 0.000000
ECO03015 -0.114320 0.125270 0.171410
ECO12480 -0.298920 0.210970 0.000000
ECO03705 -0.028610 0.072520 0.138450
ECO13577 -0.028610 0.072520 0.000000
ECO08256 -0.516480 0.197780 0.079120
ECO03176 -0.074760 0.263710 0.000000
ECO03362 0.215320 0.013190 0.290080
ECO03631 0.057090 0.072530 0.000000
ECO04836 -0.127500 0.191190 0.125270
ECO04436 -0.107730 0.145050 0.000000
ECO09817 -0.628560 0.243930 0.085710
ECO09782 -0.298920 0.145040 0.000000
ECO06624 -0.246180 0.224160 0.138450
ECO10303 -0.153880 0.184600 0.000000
ECO07710 -0.351660 0.230750 0.118670
ECO06373 -0.397810 0.131860 0.000000
ECO00357 -0.384630 0.204380 0.098890
ECO06122 -0.265950 0.131850 0.000000
ECO12046 -0.239580 0.197780 0.125270
ECO05003 -0.015430 0.065930 0.000000
ECO08266 -0.193430 0.065930 0.085710
ECO00871 -0.542850 0.184600 0.000000
ECO11808 -0.516480 0.224150 0.085710
ECO04715 -0.206620 0.118670 0.000000
ECO08761 -0.523070 0.230740 0.092300
ECO09961 -0.397810 0.138450 0.000000
ECO04145 -0.153880 0.026380 0.019770
ECO08089 -0.470330 0.204380 0.000000
ECO11738 -0.173650 0.210970 0.118680
ECO12015 -0.298920 0.178010 0.000000
ECO10538 -0.298920 0.131860 0.085710
ECO04522 -0.226400 0.171420 0.000000
ECO04922 -0.114320 0.059340 0.039560
ECO07959 -0.153880 0.158230 0.000000
ECO09438 -0.298920 0.210970 0.105480
ECO10731 -0.397810 0.164820 0.000000
ECO05494 0.215320 -0.006590 0.408750
ECO10138 -0.470330 0.158230 0.000000
ECO05217 0.116430 0.039560 0.303270
ECO04315 0.123020 0.059340 0.000000
ECO00873 -0.661520 0.270300 0.072530
ECO09361 0.123020 0.032970 0.000000
ECO00001 0.090060 0.052740 0.250530
ECO09931 -0.463740 0.164820 0.000000
ECO09761 -0.101130 0.171410 0.131860
ECO12317 -0.120910 0.118670 0.000000
ECO12508 -0.272550 0.145050 0.098890
ECO02452 -0.041800 0.204380 0.000000
ECO04245 0.004350 0.151640 0.164820
ECO12417 -0.048390 0.138450 0.000000
ECO02950 -0.153880 0.210970 0.105480
ECO05224 0.103240 0.052750 0.000000
ECO03045 0.037320 0.046150 0.296680
ECO03052 -0.153880 0.171420 0.000000
ECO08568 -0.153880 0.092300 0.125260
ECO08272 0.136210 0.046150 0.000000
ECO02005 -0.701080 0.276900 0.065930
ECO12285 -0.068170 0.092300 0.000000
ECO10142 0.136210 0.059330 0.237340
ECO02905 -0.127500 0.065920 0.000000
ECO02139 -0.424180 0.138450 0.112080
ECO04616 0.202140 -0.006600 0.000000
ECO08367 -0.153880 0.184600 0.112070
ECO07967 -0.213210 0.197780 0.000000
ECO09360 0.142800 0.039560 0.237340
ECO09739 -0.127500 0.224150 0.000000
ECO03137 -0.028610 0.052740 0.098890
ECO02458 -0.153880 0.145050 0.000000
ECO02744 -0.397810 0.151630 0.079120
ECO06895 0.109840 0.046150 0.000000
ECO08467 0.010950 0.059330 0.270310
ECO08074 -0.424180 0.164820 0.000000
ECO08260 -0.430780 0.210980 0.085700
ECO12609 -0.140690 0.171410 0.000000
ECO11233 -0.523070 0.184590 0.085710
ECO12516 -0.298920 0.197790 0.000000
ECO02365 -0.298920 0.151640 0.098890
ECO12523 -0.701080 0.290080 0.000000
ECO12623 -0.305510 0.145040 0.105490
ECO12602 -0.153880 0.164830 0.000000
ECO03537 -0.048390 0.039560 0.059340
ECO03430 0.241690 0.006600 0.000000
ECO06881 0.004350 0.098890 0.131850
ECO05316 0.136210 0.039560 0.000000
ECO12249 -0.298920 0.138450 0.098890
ECO00805 -0.140690 0.270310 0.000000
ECO11639 -0.582410 0.290080 0.065930
ECO04290 -0.134100 0.072520 0.000000
ECO11883 -0.259360 0.138450 0.105490
ECO12006 -0.450550 0.145040 0.000000
ECO04011 -0.002240 0.125260 0.112080
ECO10529 0.004350 0.059340 0.000000
ECO03054 -0.153880 0.013190 0.052740
ECO09870 -0.101130 0.092300 0.000000
ECO01312 -0.615370 0.270300 0.085710
ECO04756 -0.193430 0.105480 0.000000
ECO12548 -0.252770 0.158230 0.105480
ECO09978 0.208730 0.013190 0.000000
ECO03112 0.024130 0.052740 0.349420
ECO02226 -0.213210 0.158230 0.000000
ECO02469 -0.153880 0.230750 0.112070
ECO02383 -0.378030 0.171410 0.000000
ECO03679 -0.153880 0.059340 0.032960
ECO12551 -0.134100 0.118670 0.000000
ECO12081 -0.101130 0.085700 0.085710
ECO01707 -0.602190 0.217560 0.000000
ECO02207 -0.292330 0.191200 0.098890
ECO04858 0.301030 -0.019780 0.000000
ECO08325 -0.147280 0.210970 0.118670
ECO08132 -0.153880 0.191200 0.000000
ECO00920 -0.687900 0.243940 0.059330
ECO08683 -0.397810 0.178010 0.000000
ECO08390 -0.160470 0.210970 0.125260
ECO00881 0.301030 -0.013190 0.000000
ECO11495 0.215320 0.013190 0.283490
ECO06986 -0.127500 0.158220 0.000000
ECO11807 -0.252770 0.138450 0.105480
ECO03203 -0.595600 0.237350 0.000000
ECO02335 -0.298920 0.237340 0.112080
ECO12675 -0.338480 0.145050 0.000000
ECO00970 -0.397810 0.178010 0.072520
ECO00677 -0.582410 0.237340 0.000000
ECO01867 -0.523070 0.204370 0.098900
ECO12557 -0.305510 0.145040 0.000000
ECO05893 -0.298920 0.138450 0.098890
ECO12568 -0.424180 0.191190 0.000000
ECO03728 -0.147280 0.204370 0.118670
ECO06654 -0.391220 0.164820 0.000000
ECO12518 -0.523070 0.151630 0.125270
ECO09687 -0.483520 0.184600 0.000000
ECO04848 0.188950 0.026370 0.270300
ECO12334 -0.232990 0.151640 0.000000
ECO02433 -0.397810 0.178010 0.098890
ECO03319 -0.074760 0.118670 0.000000
ECO10976 -0.048390 0.072520 0.263710
ECO11479 -0.279140 0.243940 0.000000
ECO08617 -0.397810 0.178010 0.079120
ECO09803 0.228510 -0.006590 0.000000
ECO08424 -0.252770 0.138450 0.112080
ECO10675 0.070280 0.032960 0.000000
ECO08024 -0.232990 0.210970 0.112080
ECO04073 -0.180250 0.237340 0.000000
ECO04966 -0.153880 0.138450 0.118670
ECO05759 -0.002240 0.072520 0.000000
ECO02801 -0.397810 0.171410 0.079120
ECO08410 -0.094540 0.112080 0.000000
ECO09217 -0.153880 0.171420 0.131850
ECO02394 -0.312100 0.105480 0.000000
ECO02355 -0.140690 0.171410 0.145040
ECO02287 -0.298920 0.178010 0.000000
ECO02138 0.149390 0.046150 0.309860
ECO09575 -0.298920 0.158230 0.000000
ECO02840 -0.542850 0.210970 0.105490
ECO02406 -0.160470 0.118670 0.000000
ECO01938 -0.549450 0.210970 0.098890
ECO05417 -0.595600 0.303270 0.000000
ECO02843 -0.153880 0.145050 0.138450
ECO12510 -0.483520 0.197790 0.000000
ECO08168 -0.074760 0.079110 0.092300
ECO00980 -0.305510 0.138450 0.000000
ECO03545 -0.114320 0.171410 0.138450
ECO07189 -0.226400 0.138450 0.000000
ECO02745 -0.153880 0.151640 0.118670
ECO02459 -0.002240 0.085710 0.000000
ECO11897 0.096650 0.065930 0.224150
ECO12467 0.090060 0.039560 0.000000
ECO02391 -0.153880 0.118680 0.098890
ECO05769 -0.391220 0.171420 0.000000
ECO03361 -0.450550 0.243930 0.079120
ECO06012 0.070280 0.085710 0.000000
ECO00655 -0.720860 0.263710 0.092300
ECO05910 -0.022020 0.072520 0.000000
ECO12535 -0.298920 0.164820 0.098890
ECO03102 -0.002240 0.065930 0.000000
ECO09050 0.294440 -0.019780 0.309870
ECO12292 -0.450550 0.217560 0.000000
ECO06846 0.202140 0.000000 0.402170
ECO02409 -0.272550 0.230750 0.000000
ECO09495 0.235100 -0.006590 0.382380
ECO03179 -0.153880 0.052750 0.000000
ECO04981 -0.153880 0.098900 0.105480
ECO08401 -0.153880 0.178010 0.000000
ECO04964 0.228510 0.019780 0.224160
ECO12668 -0.193430 0.178000 0.000000
ECO00420 -0.411000 0.145050 0.118670
ECO05818 -0.160470 0.052740 0.000000
ECO02167 -0.496700 0.217560 0.085710
ECO12475 -0.213210 0.092300 0.000000
ECO12300 -0.417590 0.131860 0.105480
ECO05468 0.195540 0.000000 0.000000
ECO11714 -0.292330 0.138450 0.079110
ECO02135 -0.490110 0.210970 0.000000
ECO03353 0.274660 -0.013190 0.349420
ECO02485 -0.120910 0.263710 0.000000
ECO12632 -0.153880 0.145050 0.151630
ECO12582 -0.305510 0.131860 0.000000
ECO04621 -0.134100 0.164820 0.092300
ECO02467 -0.529670 0.191190 0.000000
ECO12651 -0.298920 0.204380 0.118670
ECO05762 -0.153880 0.118680 0.000000
ECO06695 -0.134100 0.191190 0.092300
ECO09394 -0.002240 0.164820 0.000000
ECO04021 0.136210 0.072520 0.257120
ECO11563 -0.285730 0.210970 0.000000
ECO09725 -0.457150 0.184600 0.092300
ECO05481 -0.503300 0.250530 0.000000
ECO06762 -0.450550 0.204370 0.098900
ECO09929 -0.285730 0.184600 0.000000
ECO04713 -0.087950 0.210970 0.151630
ECO04990 0.037320 0.052740 0.000000
ECO04784 -0.167060 0.131860 0.151640
ECO08813 -0.364850 0.178010 0.000000
ECO06706 0.030720 0.059340 0.270300
ECO12063 0.057090 0.065930 0.000000
ECO06392 -0.015430 0.065930 0.303270
ECO01861 -0.556040 0.250530 0.000000
ECO09064 -0.252770 0.151640 0.112080
ECO03347 -0.035200 0.079110 0.000000
ECO12513 -0.160470 0.131860 0.158230
ECO08863 -0.338480 0.059340 0.000000
ECO10586 0.202140 0.006590 0.323050
ECO09250 -0.015430 0.131860 0.000000
ECO05420 -0.305510 0.184600 0.131860
ECO11812 0.109840 0.065930 0.000000
ECO10500 0.261470 0.000000 0.309860
ECO02662 -0.068170 0.079120 0.000000
ECO03969 -0.002240 0.098890 0.079110
ECO04484 0.142800 0.052740 0.000000
ECO11762 0.004350 0.065930 0.309860
ECO08963 -0.325290 0.131860 0.000000
ECO11776 -0.160470 0.098890 0.131860
ECO10400 -0.476930 0.197790 0.000000
ECO10550 0.188950 0.013190 0.316450
ECO02398 -0.384630 0.191200 0.000000
ECO02698 -0.153880 0.138450 0.145040
ECO04133 0.228510 0.006590 0.000000
ECO07977 -0.773600 0.323050 0.072520
ECO08264 -0.476930 0.178010 0.000000
ECO00526 -0.589000 0.329640 0.065930
ECO05755 -0.153880 0.178010 0.000000
ECO12612 -0.305510 0.151630 0.118670
ECO05506 0.057090 0.059340 0.000000
ECO05470 0.221920 0.026370 0.191200
ECO02514 -0.437370 0.303270 0.000000
ECO10015 0.090060 0.046150 0.250530
ECO02328 -0.153880 0.092300 0.000000
ECO12561 -0.437370 0.243940 0.085700
ECO11491 0.241690 0.006600 0.000000
ECO00776 -0.523070 0.171410 0.138450
ECO10435 0.004350 0.065930 0.000000
ECO05605 -0.153880 0.125270 0.125260
ECO03098 -0.153880 0.131860 0.000000
ECO02361 -0.641750 0.290090 0.079110
ECO02348 -0.476930 0.283500 0.000000
ECO09976 -0.153880 0.118680 0.112070
ECO07802 -0.160470 0.039560 0.000000
ECO05879 -0.107730 0.112080 0.118670
ECO11753 -0.285730 0.191190 0.000000
ECO04349 0.142800 0.032970 0.329640
ECO11599 -0.450550 0.184600 0.000000
ECO08623 -0.397810 0.191190 0.092300
ECO11247 -0.160470 0.112080 0.000000
ECO11751 -0.298920 0.178010 0.098890
ECO08653 -0.298920 0.151640 0.000000
ECO05385 -0.002240 0.092300 0.145040
ECO00069 -0.509890 0.184600 0.000000
ECO05426 -0.002240 0.072520 0.204380
ECO08357 0.109840 0.046150 0.000000
ECO03847 -0.002240 0.138450 0.092300
ECO03809 0.301030 -0.026370 0.000000
ECO04309 -0.054980 0.065930 0.079120
ECO00210 -0.318700 0.125270 0.000000
ECO02718 -0.002240 0.092300 0.085710
ECO03518 0.195540 0.006600 0.000000
ECO03118 -0.153880 0.164830 0.131850
ECO11552 -0.173650 0.072520 0.000000
ECO05681 -0.298920 0.230750 0.151630
ECO10576 0.155990 0.046150 0.000000
ECO05381 -0.523070 0.210970 0.085710
ECO12402 -0.318700 0.032970 0.000000
ECO06964 -0.048390 0.131860 0.217560
ECO09963 -0.694490 0.276900 0.000000
ECO08493 -0.153880 0.158230 0.079110
ECO05785 -0.549450 0.257120 0.000000
ECO04930 -0.338480 0.145050 0.098890
ECO03258 -0.002240 0.098890 0.000000
ECO04560 -0.200030 0.032970 0.039550
ECO05819 -0.298920 0.217570 0.000000
ECO06062 -0.681300 0.283490 0.065930
ECO03987 -0.074760 0.085710 0.000000
ECO02887 0.063690 0.046150 0.290090
ECO11196 -0.681300 0.270300 0.000000
ECO06902 -0.160470 0.118670 0.158230
ECO05826 0.235100 0.006590 0.000000
ECO08198 -0.048390 0.092300 0.118670
ECO06728 -0.404400 0.191190 0.000000
ECO02318 0.149390 0.032970 0.178000
ECO10606 -0.114320 0.276900 0.000000
ECO05832 0.024130 0.079110 0.197780
ECO05926 -0.193430 0.197780 0.000000
ECO01439 -0.628560 0.250530 0.079110
ECO08064 -0.490110 0.204380 0.000000
ECO04556 0.116430 0.032960 0.336230
ECO11450 -0.035200 0.092290 0.000000
ECO03058 -0.114320 0.092300 0.059330
ECO10506 0.004350 0.171420 0.000000
ECO11648 -0.147280 0.164820 0.151640
ECO06519 -0.549450 0.303270 0.000000
ECO02182 -0.087950 0.079120 0.349420
ECO06085 -0.397810 0.112080 0.000000
ECO09776 -0.503300 0.230750 0.085700
ECO11902 -0.153880 0.039560 0.000000
ECO04409 -0.153880 0.158230 0.079110
ECO06462 0.024130 0.072520 0.000000
ECO06221 -0.153880 0.178010 0.112070
ECO09876 -0.054980 0.085700 0.000000
ECO05060 -0.305510 0.131860 0.112080
ECO05530 -0.239580 0.197780 0.000000
ECO05526 -0.549450 0.342830 0.059330
ECO04460 0.050500 0.085710 0.000000
ECO05579 0.215320 -0.019780 0.428530
ECO08491 -0.193430 0.052740 0.000000
ECO02375 0.268070 -0.006600 0.369200
ECO06651 -0.378030 0.184600 0.000000
ECO06281 -0.424180 0.243930 0.079120
ECO08102 -0.094540 0.178010 0.000000
ECO07162 -0.470330 0.316450 0.079120
ECO03309 -0.035200 0.079110 0.000000
ECO02237 -0.523070 0.197780 0.085710
ECO04749 -0.483520 0.250530 0.000000
ECO02341 -0.074760 0.072520 0.072520
ECO02650 -0.595600 0.224160 0.000000
ECO06494 -0.028610 0.072520 0.217570
ECO12615 0.010950 0.052740 0.000000
ECO02352 -0.490110 0.243930 0.085710
ECO05015 -0.041800 0.079120 0.000000
ECO02653 -0.298920 0.178010 0.112080
ECO07865 -0.345070 0.138450 0.000000
ECO06619 -0.002240 0.052740 0.257120
ECO09236 -0.509890 0.283490 0.000000
ECO03418 -0.002240 0.125260 0.092300
ECO09672 -0.160470 0.105490 0.000000
ECO05290 -0.173650 0.085700 0.151640
ECO00639 -0.608780 0.250530 0.000000
ECO02984 -0.160470 0.092300 0.138450
ECO02684 -0.397810 0.164820 0.000000
ECO07855 0.076870 0.026370 0.415350
ECO06862 -0.378030 0.171410 0.000000
ECO12540 0.274660 -0.013190 0.375790
ECO06585 0.083470 0.052740 0.000000
ECO01641 -0.397810 0.151630 0.098890
ECO03654 -0.153880 0.138450 0.000000
ECO05419 -0.074760 0.098890 0.250530
ECO05392 0.057090 0.118680 0.000000
ECO08091 -0.153880 0.065930 0.039550
ECO05283 -0.147280 0.118670 0.000000
ECO08057 0.017540 0.065930 0.243940
ECO10366 -0.068170 0.204380 0.000000
ECO03882 -0.298920 0.191190 0.105480
ECO01913 -0.523070 0.191190 0.000000
ECO03282 0.228510 0.019780 0.204380
ECO09447 -0.298920 0.224160 0.000000
ECO03985 -0.048390 0.092300 0.243940
ECO03950 -0.035200 0.065920 0.000000
ECO08715 -0.193430 0.171410 0.138450
ECO03682 -0.094540 0.191190 0.000000
ECO06240 -0.002240 0.092300 0.131860
ECO02035 -0.509890 0.184600 0.000000
ECO07202 -0.523070 0.178000 0.112080
ECO11792 -0.167060 0.257120 0.000000
ECO11702 -0.022020 0.065930 0.309860
ECO04109 -0.114320 0.079120 0.000000
ECO08004 -0.371440 0.184600 0.098890
ECO04568 -0.298920 0.171420 0.000000
ECO11996 -0.430780 0.210980 0.085700
ECO04317 0.228510 0.000000 0.000000
ECO08698 -0.298920 0.164820 0.112080
ECO07094 -0.094540 0.092300 0.000000
ECO03096 -0.022020 0.092300 0.171410
ECO10401 -0.015430 0.065930 0.000000
ECO03960 0.076870 0.026370 0.415350
ECO12353 -0.153880 0.145050 0.000000
ECO12653 -0.206620 0.178010 0.151630
ECO12372 0.142800 0.039560 0.000000
ECO10395 0.241690 0.000000 0.342820
ECO08912 -0.002240 0.085710 0.000000
ECO00824 -0.635150 0.250520 0.079120
ECO04985 -0.160470 0.105490 0.000000
ECO11929 -0.298920 0.145040 0.118670
ECO10452 0.228510 0.013180 0.000000
ECO06626 -0.384630 0.178010 0.092300
ECO05503 0.024130 0.085710 0.000000
ECO08904 -0.635150 0.283490 0.072520
ECO05430 -0.351660 0.197780 0.000000
ECO07751 -0.503300 0.178010 0.085700
ECO08261 -0.364850 0.164820 0.000000
ECO09898 -0.378030 0.197780 0.105490
ECO11591 -0.022020 0.079110 0.000000
ECO05754 0.037320 0.118670 0.158230
ECO05554 0.268070 0.000000 0.000000
ECO04768 0.096650 0.072520 0.303270
ECO10001 -0.153880 0.138450 0.000000
ECO09298 -0.476930 0.191200 0.092290
ECO01713 -0.298920 0.191190 0.000000
ECO08312 -0.272550 0.158230 0.098890
ECO04971 -0.028610 0.105480 0.000000
ECO07729 -0.173650 0.105480 0.151640
ECO02631 0.030720 0.052750 0.000000
ECO07712 -0.246180 0.171420 0.112070
ECO05189 -0.364850 0.204380 0.000000
ECO02882 -0.219800 0.112070 0.145050
ECO07175 -0.279140 0.125260 0.000000
ECO08909 -0.608780 0.276900 0.072520
ECO05492 -0.621970 0.250530 0.000000
ECO12206 -0.404400 0.151630 0.118670
ECO09027 -0.397810 0.158230 0.000000
ECO09134 -0.536260 0.178010 0.105490
ECO09427 -0.338480 0.151640 0.000000
ECO05892 -0.153880 0.085710 0.052740
ECO02977 0.030720 0.085710 0.000000
ECO07007 -0.081350 0.098890 0.250530
ECO01242 -0.701080 0.263710 0.000000
ECO03681 0.083470 0.079110 0.184600
ECO04118 -0.002240 0.046150 0.000000
ECO12011 -0.292330 0.158230 0.085700
ECO06743 -0.160470 0.092300 0.000000
ECO12212 -0.628560 0.276900 0.072520
ECO11626 0.155990 0.026370 0.000000
ECO07091 0.221920 0.006590 0.356020
ECO02162 -0.259360 0.158230 0.000000
ECO07878 -0.417590 0.171410 0.105480
ECO11375 -0.397810 0.151630 0.000000
ECO04019 -0.153880 0.098900 0.059330
ECO06272 -0.114320 0.158230 0.000000
ECO03399 -0.002240 0.092300 0.098890
ECO04068 -0.002240 0.125260 0.000000
ECO06225 -0.476930 0.197790 0.092290
ECO03307 -0.246180 0.164830 0.000000
ECO07553 -0.127500 0.118670 0.171420
ECO05130 -0.180250 0.164820 0.000000
ECO06551 -0.490110 0.237340 0.085710
ECO10025 -0.305510 0.184600 0.000000
ECO02788 -0.483520 0.224160 0.085700
ECO03188 0.004350 0.072520 0.000000
ECO02707 0.063690 0.098890 0.250530
ECO12002 -0.107730 0.085710 0.000000
ECO09548 -0.305510 0.112080 0.105490
ECO05336 -0.206620 0.092300 0.000000
ECO01988 -0.523070 0.197780 0.118680
ECO12453 0.037320 0.059330 0.000000
ECO06130 -0.364850 0.171420 0.098890
ECO04358 0.004350 0.065930 0.000000
ECO08280 0.004350 0.138450 0.164820
ECO05990 -0.180250 0.026370 0.000000
ECO00473 -0.411000 0.164820 0.112070
ECO02714 -0.298920 0.191190 0.000000
ECO08212 -0.074760 0.079110 0.085710
ECO05522 -0.153880 0.118680 0.000000
ECO02481 -0.147280 0.145040 0.072520
ECO05386 0.254880 0.006590 0.000000
ECO02578 -0.305510 0.145040 0.112080
ECO02395 -0.061580 0.098900 0.000000
ECO00141 -0.397810 0.151630 0.105490
ECO11474 -0.397810 0.118670 0.000000
ECO00073 -0.509890 0.178010 0.085710
ECO11893 -0.114320 0.131860 0.000000
ECO05553 -0.015430 0.079120 0.178000
ECO08147 -0.470330 0.197780 0.000000
ECO02246 -0.490110 0.158230 0.085710
ECO05689 0.096650 0.039560 0.000000
ECO05757 -0.523070 0.184590 0.085710
ECO03132 0.221920 0.000000 0.000000
ECO03213 -0.028610 0.059330 0.065930
ECO02664 -0.272550 0.164820 0.000000
ECO05054 -0.134100 0.052750 0.052740
ECO06489 0.235100 0.013190 0.000000
ECO05671 -0.351660 0.131860 0.092300
ECO09882 -0.107730 0.059340 0.000000
ECO12545 -0.536260 0.184600 0.118670
ECO08331 -0.153880 0.138450 0.000000
ECO07310 -0.114320 0.303270 0.125260
ECO11507 -0.305510 0.138450 0.000000
ECO11493 -0.153880 0.118680 0.138450
ECO03280 -0.147280 0.164820 0.000000
ECO02815 -0.134100 0.105490 0.105480
ECO02929 -0.298920 0.204380 0.000000
ECO02429 -0.002240 0.098890 0.230750
ECO08596 -0.232990 0.158230 0.000000
ECO12194 -0.147280 0.085700 0.039560
ECO04752 0.188950 0.013190 0.000000
ECO02680 -0.134100 0.184600 0.131850
ECO04501 -0.259360 0.164820 0.000000
ECO06273 -0.232990 0.039560 0.039560
ECO05673 -0.134100 0.151640 0.000000
ECO12145 -0.411000 0.105490 0.138450
ECO00257 -0.378030 0.158230 0.000000
ECO05538 -0.153880 0.184600 0.092300
ECO04186 -0.252770 0.250530 0.000000
ECO12578 -0.397810 0.184600 0.098890
ECO06089 -0.160470 0.112080 0.000000
ECO01343 -0.589000 0.204370 0.105490
ECO11104 -0.523070 0.191190 0.000000
ECO07210 -0.002240 0.059330 0.079110
ECO08479 -0.272550 0.145050 0.000000
ECO05271 -0.206620 0.092300 0.105480
ECO08245 -0.015430 0.059340 0.000000
ECO04838 0.241690 0.000000 0.356010
ECO04452 0.202140 0.019780 0.000000
ECO07124 -0.068170 0.085710 0.191190
ECO12029 0.248290 0.000000 0.000000
ECO04217 -0.094540 0.112080 0.092300
ECO06008 0.274660 -0.006590 0.000000
ECO07862 -0.397810 0.210970 0.092300
ECO00322 -0.654930 0.283490 0.000000
ECO02580 -0.186840 0.039560 0.052740
ECO06473 -0.424180 0.164820 0.000000
ECO02881 -0.470330 0.290080 0.079120
ECO02128 -0.582410 0.250530 0.000000
ECO08011 -0.160470 0.065930 0.151630
ECO09331 -0.404400 0.210970 0.000000
ECO02996 -0.074760 0.224150 0.151640
ECO04601 -0.035200 0.098890 0.000000
ECO12580 -0.437370 0.138450 0.112080
ECO04652 -0.094540 0.098890 0.000000
ECO04587 -0.167060 0.098890 0.158230
ECO07910 -0.153880 0.138450 0.000000
ECO05038 -0.226400 0.184600 0.131850
ECO07024 -0.074760 0.059330 0.000000
ECO03107 0.221920 0.006590 0.329650
ECO11652 -0.153880 0.171420 0.000000
ECO04610 0.235100 -0.026370 0.428530
ECO02206 -0.430780 0.270310 0.000000
ECO04933 -0.153880 0.178010 0.138450
ECO12626 0.188950 0.032970 0.000000
ECO00705 -0.503300 0.230750 0.085700
ECO00103 -0.839530 0.243930 0.000000
ECO05517 0.142800 0.046150 0.250530
ECO08968 -0.002240 0.079110 0.000000
ECO00354 -0.641750 0.243940 0.079110
ECO10017 -0.424180 0.230750 0.000000
ECO03458 -0.002240 0.092300 0.237340
ECO02337 -0.298920 0.131860 0.000000
ECO10476 -0.074760 0.138450 0.197790
ECO05930 0.057090 0.105490 0.000000
ECO06532 -0.114320 0.065930 0.059330
ECO06275 -0.186840 0.237340 0.000000
ECO04803 -0.147280 0.263710 0.125270
ECO02949 -0.002240 0.079110 0.000000
ECO06526 -0.153880 0.112080 0.158220
ECO12646 -0.252770 0.191190 0.000000
ECO04654 -0.127500 0.230740 0.112080
ECO07794 -0.397810 0.151630 0.000000
ECO00860 -0.397810 0.145040 0.105490
ECO06957 0.004350 0.164820 0.000000
ECO07143 -0.002240 0.118670 0.098890
ECO11309 -0.213210 0.191190 0.000000
ECO05603 -0.325290 0.197790 0.184600
ECO12497 -0.549450 0.276900 0.000000
ECO06714 0.004350 0.072520 0.184600
ECO05365 -0.305510 0.158230 0.000000
ECO09920 -0.345070 0.164820 0.105480
ECO06335 -0.542850 0.303270 0.000000
ECO02993 -0.028610 0.085700 0.145040
ECO10013 -0.272550 0.158230 0.000000
ECO04563 -0.002240 0.164820 0.178010
ECO04772 0.142800 0.039560 0.000000
ECO01064 0.070280 0.046150 0.309860
ECO12097 -0.476930 0.197790 0.000000
ECO09143 -0.608780 0.336230 0.059340
ECO12131 -0.536260 0.290080 0.000000
ECO08607 -0.298920 0.158230 0.112080
ECO08675 -0.153880 0.052750 0.000000
ECO03731 0.116430 0.072520 0.257120
ECO11758 -0.160470 0.085710 0.000000
ECO10090 -0.213210 0.079110 0.098890
ECO04363 -0.226400 0.230750 0.000000
ECO07548 -0.153880 0.112080 0.131850
ECO07779 -0.523070 0.270300 0.000000
ECO06958 -0.114320 0.131860 0.092300
ECO05490 -0.153880 0.197790 0.000000
ECO02693 -0.298920 0.164820 0.098890
ECO02834 0.103240 0.039560 0.000000
ECO06510 -0.437370 0.237340 0.085700
ECO12492 -0.430780 0.243940 0.000000
ECO09020 -0.153880 0.072530 0.138450
ECO06042 -0.041800 0.072520 0.000000
ECO11663 -0.516480 0.197780 0.085710
ECO04565 -0.002240 0.059330 0.000000
ECO11990 -0.147280 0.085700 0.303270
ECO07875 -0.160470 0.079120 0.000000
ECO05901 -0.523070 0.184590 0.085710
ECO09854 -0.463740 0.164820 0.000000
ECO10756 -0.734050 0.257120 0.079110
ECO10547 -0.575820 0.270310 0.000000
ECO06544 -0.219800 0.171410 0.125270
ECO05399 -0.127500 0.184590 0.000000
ECO10288 -0.160470 0.085710 0.131860
ECO09956 -0.114320 0.072520 0.000000
ECO06978 -0.661520 0.290080 0.079120
ECO10683 -0.523070 0.224150 0.000000
ECO02332 -0.002240 0.065930 0.164820
ECO03629 -0.140690 0.171410 0.000000
ECO05867 -0.246180 0.145050 0.118670
ECO03229 -0.002240 0.131860 0.000000
ECO02298 -0.265950 0.184600 0.105490
ECO03404 0.228510 0.000000 0.000000
ECO12633 -0.127500 0.184590 0.145050
ECO03263 -0.002240 0.072520 0.000000
ECO06844 -0.384630 0.210980 0.098890
ECO10120 -0.134100 0.270310 0.000000
ECO08044 -0.364850 0.191200 0.105480
ECO00253 -0.806570 0.323050 0.000000
ECO02525 -0.516480 0.191190 0.085710
ECO08986 -0.002240 0.085710 0.000000
ECO01723 -0.523070 0.197780 0.092300
ECO02157 0.004350 0.125270 0.000000
ECO11665 -0.153880 0.131860 0.125260
ECO09086 -0.450550 0.171410 0.000000
ECO04674 0.235100 0.013190 0.250530
ECO02223 -0.239580 0.184600 0.000000
ECO06444 -0.153880 0.178010 0.079110
ECO07907 -0.358250 0.184600 0.000000
ECO08920 -0.153880 0.230750 0.118670
ECO10881 -0.470330 0.210970 0.000000
ECO09486 -0.523070 0.217560 0.085710
ECO01321 -0.298920 0.131860 0.000000
ECO11387 -0.153880 0.131860 0.112070
ECO10613 -0.292330 0.158230 0.000000
ECO10413 0.221920 0.013180 0.290090
ECO07707 -0.153880 0.151640 0.000000
ECO10320 -0.463740 0.217560 0.092300
ECO11455 -0.015430 0.072520 0.000000
ECO11489 0.083470 0.065920 0.283500
ECO11865 -0.305510 0.112080 0.000000
ECO02402 -0.371440 0.184600 0.098890
ECO06376 -0.200030 0.072530 0.000000
ECO11797 -0.298920 0.125270 0.092300
ECO02691 -0.523070 0.118670 0.000000
ECO02125 -0.417590 0.145040 0.118670
ECO07839 -0.041800 0.085710 0.000000
ECO03997 0.109840 0.065930 0.164820
ECO11690 -0.153880 0.065930 0.000000
ECO12567 -0.556040 0.230750 0.079110
ECO04572 0.228510 0.006590 0.000000
ECO05967 0.202140 0.000000 0.388980
ECO06069 -0.107730 0.079120 0.000000
ECO12260 0.149390 0.039560 0.303270
ECO09183 -0.160470 0.145040 0.000000
ECO10069 0.268070 -0.019780 0.408760
ECO08444 -0.160470 0.046150 0.000000
ECO06793 -0.153880 0.138450 0.138450
ECO11928 -0.147280 0.204370 0.000000
ECO12414 -0.035200 0.098890 0.098900
ECO08979 -0.094540 0.079110 0.000000
ECO02346 -0.430780 0.243940 0.079110
ECO05704 -0.298920 0.243940 0.000000
ECO08562 -0.312100 0.197780 0.125270
ECO05504 -0.239580 0.158230 0.000000
ECO08916 -0.120910 0.263710 0.125270
ECO12379 -0.345070 0.164820 0.000000
ECO03367 -0.081350 0.092300 0.085710
ECO11942 0.116430 0.046150 0.000000
ECO10537 -0.298920 0.197790 0.098890
ECO03618 -0.094540 0.072520 0.000000
ECO05104 -0.173650 0.072520 0.138450
ECO10451 -0.305510 0.151630 0.000000
ECO09516 0.228510 0.019780 0.178010
ECO06439 -0.654930 0.388980 0.000000
ECO05321 -0.305510 0.164820 0.118670
ECO06325 -0.173650 0.118670 0.000000
ECO00023 -0.397810 0.164820 0.112080
ECO05304 -0.463740 0.171410 0.000000
ECO10316 0.221920 0.019770 0.250530
ECO05086 -0.298920 0.145040 0.000000
ECO10302 -0.153880 0.204380 0.125260
ECO03649 -0.002240 0.085710 0.000000
ECO04635 0.116430 0.059340 0.204380
ECO00105 -0.463740 0.171410 0.000000
ECO01709 -0.483520 0.158230 0.092300
ECO03032 -0.002240 0.112080 0.000000
ECO02695 -0.279140 0.138450 0.092300
ECO02763 -0.397810 0.145040 0.000000
ECO00691 -0.529670 0.224160 0.105480
ECO05904 0.287840 -0.013180 0.000000
ECO02228 -0.542850 0.204370 0.098900
ECO06725 -0.364850 0.164820 0.000000
ECO03181 -0.094540 0.118670 0.230750
ECO05035 0.202140 0.013180 0.000000
ECO00942 -0.417590 0.257120 0.079110
ECO06090 -0.074760 0.079110 0.000000
ECO07793 -0.681300 0.243930 0.065930
ECO05690 -0.305510 0.158230 0.000000
ECO02495 0.010950 0.072520 0.270310
ECO12528 -0.153880 0.178010 0.000000
ECO06976 -0.430780 0.151640 0.105480
ECO12460 -0.635150 0.237340 0.000000
ECO11510 -0.022020 0.072520 0.237340
ECO08630 -0.120910 0.079110 0.000000
ECO12111 -0.562630 0.257120 0.085710
ECO04904 -0.002240 0.072520 0.000000
ECO11728 -0.259360 0.145040 0.105490
ECO04197 -0.107730 0.217570 0.000000
ECO08141 -0.562630 0.243930 0.085710
ECO03095 -0.035200 0.059330 0.000000
ECO08686 -0.549450 0.224160 0.098890
ECO08107 -0.074760 0.191190 0.000000
ECO12558 0.024130 0.052740 0.276900
ECO02300 -0.200030 0.171420 0.000000
ECO05674 -0.002240 0.072520 0.164820
ECO05742 -0.437370 0.204380 0.000000
ECO03270 -0.114320 0.204380 0.112080
ECO12665 -0.213210 0.217560 0.000000
ECO03695 -0.002240 0.065930 0.178010
ECO00721 -0.575820 0.204380 0.000000
ECO05235 0.129620 0.039550 0.296680
ECO12367 -0.153880 0.039560 0.000000
ECO10758 -0.589000 0.217560 0.112080
ECO10690 -0.648340 0.283490 0.000000
ECO06635 -0.411000 0.230750 0.098890
ECO07146 -0.035200 0.072520 0.000000
ECO07648 0.241690 0.006600 0.369190
ECO11660 -0.147280 0.105480 0.000000
ECO06707 -0.153880 0.158230 0.151630
ECO12193 -0.246180 0.184600 0.000000
ECO02946 0.235100 0.006590 0.290080
ECO02814 -0.397810 0.131860 0.000000
ECO11189 -0.523070 0.210970 0.092300
ECO02781 -0.213210 0.145040 0.000000
ECO09851 -0.351660 0.158230 0.098890
ECO09916 -0.305510 0.184600 0.000000
ECO12447 -0.437370 0.250530 0.079110
ECO12010 0.083470 0.039550 0.000000
ECO08580 0.136210 0.059330 0.197790
ECO03099 -0.107730 0.098900 0.000000
ECO12596 -0.107730 0.197790 0.138450
ECO06581 -0.364850 0.184600 0.000000
ECO02488 -0.087950 0.085710 0.085700
ECO08430 -0.153880 0.138450 0.000000
ECO02177 -0.002240 0.092300 0.092300
ECO05985 -0.200030 0.204380 0.000000
ECO08557 -0.193430 0.079110 0.125270
ECO12542 -0.193430 0.118670 0.000000
ECO11749 0.004350 0.085710 0.138450
ECO08900 -0.589000 0.237340 0.000000
ECO06385 -0.312100 0.164820 0.118680
ECO09436 -0.305510 0.125260 0.000000
ECO10563 -0.061580 0.085710 0.237340
ECO02884 -0.147280 0.072520 0.000000
ECO05783 -0.219800 0.184600 0.118680
ECO06928 0.248290 0.000000 0.000000
ECO11612 -0.200030 0.243940 0.105480
ECO12440 -0.503300 0.237350 0.000000
ECO11783 -0.338480 0.158230 0.098890
ECO06664 0.228510 0.013180 0.000000
ECO07964 -0.298920 0.171420 0.118670
ECO04947 -0.206620 0.158230 0.000000
ECO12476 0.221920 0.013180 0.276900
ECO12340 -0.542850 0.164820 0.000000
ECO10406 -0.147280 0.224150 0.105490
ECO05519 -0.298920 0.191190 0.000000
ECO04892 0.294440 -0.013190 0.263720
ECO04549 -0.213210 0.191190 0.000000
ECO09470 -0.061580 0.112080 0.263710
ECO09370 -0.127500 0.164820 0.000000
ECO02918 -0.430780 0.276900 0.072520
ECO09836 -0.648340 0.303270 0.000000
ECO10306 -0.094540 0.079110 0.303270
ECO01339 -0.252770 0.118670 0.000000
ECO03354 -0.147280 0.178000 0.105490
ECO03284 -0.015430 0.079120 0.000000
ECO03177 -0.002240 0.171410 0.191190
ECO11202 -0.068170 0.224160 0.000000
ECO02484 -0.035200 0.065920 0.079120
ECO02293 -0.298920 0.131860 0.000000
ECO08309 -0.167060 0.059330 0.105490
ECO08343 -0.503300 0.197790 0.000000
ECO08348 -0.430780 0.184600 0.098890
ECO06246 -0.589000 0.243930 0.000000
ECO00855 -0.463740 0.204380 0.092300
ECO03527 0.195540 0.006600 0.000000
ECO09386 -0.404400 0.118670 0.118670
ECO04272 -0.153880 0.145050 0.000000
ECO01464 -0.701080 0.243930 0.098890
ECO04531 0.043910 0.072520 0.000000
ECO02659 -0.068170 0.092300 0.237340
ECO04429 -0.305510 0.138450 0.000000
ECO07739 -0.378030 0.191190 0.098900
ECO12599 -0.153880 0.125270 0.000000
ECO04808 -0.298920 0.178010 0.105480
ECO06437 0.070280 0.072520 0.000000
ECO09245 0.024130 0.052740 0.336230
ECO11922 -0.305510 0.151630 0.000000
ECO05642 -0.378030 0.243930 0.112080
ECO09577 0.037320 0.059330 0.000000
ECO09211 -0.305510 0.197780 0.125270
ECO09922 -0.430780 0.171420 0.000000
ECO07039 -0.134100 0.217570 0.145040
ECO00321 -0.397810 0.131860 0.000000
ECO05937 0.248290 -0.006600 0.395570
ECO11052 -0.701080 0.283490 0.000000
ECO04474 -0.153880 0.204380 0.112070
ECO01232 -0.239580 0.263710 0.000000
ECO02602 0.103240 0.039560 0.237340
ECO04942 -0.074760 0.290080 0.000000
ECO10379 -0.120910 0.184600 0.105490
ECO02198 -0.424180 0.204380 0.000000
ECO06737 0.083470 0.046150 0.270310
ECO06505 -0.173650 0.178000 0.000000
