rf0002 -0.156700 0.130780 0.000000
rf0003 0.104860 0.065390 0.294260
rf0010 -0.418260 0.163470 0.000000
rf0011 -0.156700 0.163470 0.130780
rf0013 -0.189400 0.032700 0.000000
rf0015 0.235640 0.000000 0.425040
rf0016 -0.058620 0.098090 0.000000
rf0022 -0.189400 0.065390 0.098080
rf0024 -0.156700 0.228860 0.000000
rf0029 -0.352870 0.196170 0.098090
rf0030 -0.025920 0.098080 0.000000
rf0031 0.170250 0.032690 0.294260
rf0040 0.202940 0.032700 0.000000
rf0048 -0.385570 0.196170 0.098080
rf0053 -0.516350 0.196170 0.000000
rf0060 -0.287480 0.163470 0.130780
rf0062 -0.124010 0.130780 0.000000
rf0064 -0.581740 0.196170 0.098080
rf0065 -0.320180 0.163480 0.000000
rf0072 -0.712520 0.294260 0.098080
rf0073 -0.483650 0.228860 0.000000
rf0092 0.268330 inf 0.294250
rf0125 0.104860 0.098080 0.000000
rf0127 -0.287480 0.065390 0.065390
rf0129 -0.124010 0.163480 0.000000
rf0132 -0.156700 0.130780 0.065390
rf0134 0.039470 0.065390 0.000000
rf0138 -0.058620 0.065390 0.065390
rf0164 0.202940 0.000000 0.000000
rf0166 0.006770 0.065390 0.065390
rf0169 -0.352870 0.196170 0.000000
rf0176 0.072160 0.065390 0.392340
rf0180 -0.156700 0.163470 0.000000
rf0190 -0.156700 0.065390 0.098090
rf0201 -0.549040 0.294250 0.000000
rf0204 -0.516350 0.261560 0.098080
rf0205 -0.124010 0.294260 0.000000
rf0223 -0.091310 0.196170 0.163480
rf0234 -0.156700 0.294250 0.000000
rf0237 0.039470 0.098080 0.261560
rf0241 -0.712520 0.326950 0.000000
rf0248 -0.156700 0.098080 0.032700
rf0249 0.235640 0.032690 0.000000
rf0250 -0.614430 0.228860 0.098090
rf0251 -0.222090 0.196170 0.000000
rf0258 -0.156700 0.228860 0.130780
rf0263 -0.287480 0.228860 0.000000
rf0267 -0.156700 0.130780 0.196170
rf0271 0.006770 0.163480 0.000000
rf0283 0.006770 0.130780 0.228860
rf0284 -0.516350 0.228870 0.000000
rf0287 0.006770 0.130780 0.130780
rf0292 0.072160 0.065390 0.000000
rf0295 -0.025920 0.098080 0.098090
rf0298 -0.156700 0.130780 0.000000
rf0306 -0.418260 0.196170 0.130780
rf0309 -0.091310 0.098080 0.000000
rf0315 0.006770 0.163480 0.098080
rf0319 0.006770 0.163480 0.000000
rf0324 -0.156700 0.032690 0.065390
rf0338 -0.418260 0.130780 0.000000
rf0339 0.072160 0.065390 0.294250
rf0343 -0.058620 0.098090 0.000000
rf0348 0.268330 0.000000 0.359640
rf0351 -0.352870 0.163470 0.000000
rf0354 0.039470 0.065390 0.392340
rf0358 -0.581740 0.228870 0.000000
rf0363 -0.614430 0.228860 0.098090
rf0364 0.006770 0.065390 0.000000
rf0366 -0.418260 0.163470 0.098090
rf0372 -0.156700 0.065390 0.000000
rf0375 -0.025920 0.098080 0.065390
rf0377 -0.156700 0.065390 0.000000
rf0383 -0.189400 0.261560 0.130780
rf0385 -0.156700 0.098080 0.000000
rf0386 0.072160 0.032700 0.326950
rf0388 0.235640 0.000000 0.000000
rf0396 0.006770 0.130780 0.196170
rf0397 0.006770 0.098090 0.000000
rf0399 -0.156700 0.065390 0.130780
rf0400 0.301030 inf 0.000000
rf0403 -0.418260 0.261560 0.098090
rf0415 -0.156700 0.163470 0.000000
rf0419 -0.614430 0.261560 0.098090
rf0428 -0.450960 0.261560 0.000000
rf0439 -0.712520 0.261560 0.098080
rf0444 0.006770 0.163480 0.000000
rf0474 -0.516350 0.196170 0.130780
rf0477 -0.385570 0.163480 0.000000
rf0488 -0.222090 0.196170 0.130780
rf0496 -0.516350 0.261560 0.000000
rf0499 -0.385570 0.163480 0.130780
rf0500 0.104860 0.032690 0.000000
rf0503 -0.320180 0.130780 0.065390
rf0513 0.137550 0.065390 0.000000
rf0630 -0.745210 0.261560 0.098090
rf0795 -0.418260 0.326950 0.000000
rs0001 -0.516350 0.261560 0.098080
rs0003 -0.352870 0.228860 0.000000
rs0010 -0.222090 0.098080 0.130780
rs0012 -0.320180 0.228870 0.000000
rs0013 -0.287480 0.228860 0.130780
rs0022 -0.124010 0.098090 0.000000
rs0029 -0.091310 0.098080 0.098090
rs0030 -0.254790 0.196170 0.000000
rs0046 -0.058620 0.228870 0.163470
rs0051 -0.124010 0.228870 0.000000
rs0052 0.006770 0.065390 0.294250
rs0053 0.006770 0.065390 0.000000
rs0054 -0.418260 0.196170 0.098090
rs0062 -0.450960 0.163480 0.000000
rs0087 -0.058620 0.130780 0.326950
rs0088 -0.450960 0.228870 0.000000
rs0089 0.006770 0.163480 0.228860
rs0090 -0.516350 0.163480 0.000000
rs0092 -0.320180 0.228870 0.130780
rs0093 0.202940 0.000000 0.000000
rs0094 -0.254790 0.196170 0.130780
rs0095 -0.581740 0.196170 0.000000
rs0096 0.072160 0.065390 0.294250
rs0097 -0.549040 0.228860 0.000000
rs0098 -0.156700 0.228860 0.130780
rs0104 0.104860 0.065390 0.000000
rs0107 -0.124010 0.130780 0.098080
rs0109 -0.156700 0.130780 0.000000
rs0113 0.137550 0.065390 0.294250
rs0122 -0.483650 0.261560 0.000000
rs0124 -0.385570 0.163480 0.130780
rs0127 -0.320180 0.228870 0.000000
rs0133 -0.156700 0.228860 0.098090
rs0134 -0.058620 0.163480 0.000000
rs0136 -0.091310 0.130780 0.098090
rs0138 -0.418260 0.228860 0.000000
rs0140 -0.614430 0.228860 0.130780
rs0141 -0.189400 0.098090 0.000000
rs0143 0.104860 0.065390 0.294260
rs0145 0.072160 0.032700 0.000000
rs0146 -0.483650 0.261560 0.098090
rs0147 -0.156700 0.098080 0.000000
rs0150 -0.254790 0.130780 0.130780
rs0156 -0.287480 0.261560 0.000000
rs0159 0.072160 0.098090 0.163470
rs0163 -0.124010 0.196170 0.000000
rs0167 -0.516350 0.228870 0.098080
rs0168 -0.549040 0.228860 0.000000
rs0172 -0.156700 0.196170 0.098090
rs0175 -0.222090 0.163470 0.000000
rs0181 -0.189400 0.065390 0.065390
rs0183 0.039470 0.098080 0.000000
rs0196 -0.025920 0.098080 0.098090
rs0201 0.301030 inf 0.000000
rs0203 0.235640 0.032690 0.326950
rs0206 0.137550 0.065390 0.000000
rs0218 -0.287480 0.196170 0.098090
rs0221 0.006770 0.098090 0.000000
rs0225 0.006770 0.098090 0.294250
rs0226 -0.418260 0.228860 0.000000
rs0231 -0.254790 0.163480 0.130780
rs0237 0.006770 0.130780 0.000000
rs0240 0.301030 inf 0.261560
rs0242 -0.156700 0.163470 0.000000
rs0243 0.039470 0.065390 0.261560
rs0244 0.006770 0.163480 0.000000
rs0247 -0.614430 0.228860 0.098090
rs0256 -0.483650 0.261560 0.000000
rs0259 -0.156700 0.130780 0.130780
rs0261 -0.124010 0.098090 0.000000
rs0262 -0.450960 0.196170 0.098080
rs0264 -0.549040 0.196170 0.000000
rs0266 -0.091310 0.098080 0.098090
rs0267 -0.124010 0.228870 0.000000
rs0268 -0.124010 0.228870 0.130780
rs0273 -0.287480 0.163470 0.000000
rs0275 -0.352870 0.163470 0.098090
rs0276 -0.254790 0.196170 0.000000
rs0282 -0.058620 0.098090 0.163470
rs0306 0.006770 0.098090 0.000000
rs0315 -0.156700 0.098080 0.130780
rs0316 0.006770 0.098090 0.000000
rs0318 -0.712520 0.294260 0.065390
rs0320 0.006770 0.098090 0.000000
rs0323 -0.156700 0.098080 0.163480
rs0334 -0.189400 0.163480 0.000000
rs0337 -0.189400 0.163480 0.163470
rs0339 0.202940 0.032700 0.000000
rs0341 -0.352870 0.196170 0.098090
rs0344 -0.450960 0.261560 0.000000
rs0345 -0.516350 0.228870 0.098080
rs0349 -0.581740 0.228870 0.000000
rs0350 -0.091310 0.065390 0.326950
rs0351 0.006770 0.130780 0.000000
rs0354 -0.483650 0.294250 0.098090
rs0358 -0.156700 0.196170 0.000000
rs0373 -0.287480 0.196170 0.163480
rs0386 -0.516350 0.359650 0.000000
rs0391 -0.189400 0.196170 0.130780
rs0392 -0.614430 0.294250 0.000000
rs0393 -0.222090 0.130780 0.130780
rs0406 -0.156700 0.032690 0.000000
rs0416 -0.483650 0.196170 0.098090
rs0419 -0.124010 0.130780 0.000000
rs0421 -0.418260 0.163470 0.163480
rs0424 -0.450960 0.228870 0.000000
rs0425 -0.222090 0.196170 0.130780
rs0429 -0.418260 0.196170 0.000000
rs0430 -0.385570 0.163480 0.130780
rs0432 -0.810600 0.326950 0.000000
rs0437 -0.516350 0.294260 0.098080
rs0440 -0.124010 0.065390 0.000000
rs0444 -0.418260 0.196170 0.098090
rs0452 -0.058620 0.098090 0.000000
rs0460 -0.450960 0.196170 0.130780
rs0463 -0.091310 0.065390 0.000000
rs0468 -0.058620 0.098090 0.326950
rs0472 -0.516350 0.196170 0.000000
rs0473 -0.549040 0.261560 0.130780
rs0477 -0.614430 0.326950 0.000000
rs0485 -0.450960 0.163480 0.130780
rs0493 -0.483650 0.261560 0.000000
rs0495 -0.320180 0.196170 0.098080
rs0503 -0.058620 0.098090 0.000000
rs0505 -0.156700 0.294250 0.130780
rs0508 -0.287480 0.163470 0.000000
rs0516 -0.483650 0.261560 0.098090
rs0517 0.268330 0.000000 0.000000
rs0519 -0.287480 0.228860 0.163480
rs0520 -0.287480 0.163470 0.000000
rs0528 0.235640 0.000000 0.425040
rs0532 -0.254790 0.228870 0.000000
rs0536 -0.483650 0.228860 0.098090
rs0538 -0.156700 0.130780 0.000000
rs0541 0.170250 0.032690 0.261560
rs0549 -0.287480 0.163470 0.000000
rs0554 0.202940 0.032700 0.326950
rs0555 -0.156700 0.228860 0.000000
rs0556 -0.810600 0.392340 0.065390
rs0560 -0.156700 0.196170 0.000000
rs0571 -0.516350 0.196170 0.130780
rs0573 -0.352870 0.163470 0.000000
rs0574 0.137550 0.065390 0.261560
rs0582 -0.025920 0.163470 0.000000
rs0586 -0.516350 0.196170 0.130780
rs0591 -0.124010 0.261560 0.000000
rs0612 -0.058620 0.065390 0.098080
rs0650 -0.091310 0.065390 0.000000
rs0656 -0.156700 0.098080 0.130780
rs0660 0.202940 0.000000 0.000000
rs0672 -0.091310 0.130780 0.098090
rs0679 0.039470 0.065390 0.000000
rs0724 0.072160 0.098090 0.294250
rs0731 -0.287480 0.228860 0.000000
rs0741 -0.156700 0.261560 0.130780
rs0745 -0.091310 0.130780 0.000000
rs0751 0.268330 0.000000 0.425030
rs0763 0.006770 0.065390 0.000000
rs0768 -0.156700 0.163470 0.163480
rs0775 -0.320180 0.163480 0.000000
rs0779 0.006770 0.130780 0.196170
rs0781 0.039470 0.098080 0.000000
rs0788 -0.418260 0.228860 0.098090
rs0797 0.039470 0.065390 0.000000
rs0798 -0.124010 0.098090 0.098080
rs0804 -0.614430 0.228860 0.000000
rs0805 -0.712520 0.261560 0.098080
rs0806 -0.156700 0.261560 0.000000
rs0808 -0.058620 0.032700 0.065390
rs0809 0.202940 0.032700 0.000000
rs0812 0.202940 0.032700 0.326950
rs0815 -0.352870 0.163470 0.000000
rs0823 0.235640 0.000000 0.294260
rs0833 0.039470 0.065390 0.000000
rs0839 0.202940 0.000000 0.457730
rs0842 -0.483650 0.196170 0.000000
rs0847 0.039470 0.065390 0.294260
rs0868 -0.156700 0.196170 0.000000
rs0869 -0.450960 0.261560 0.098080
rs0871 -0.483650 0.392340 0.000000
rs0896 -0.091310 0.098080 0.065390
rs0906 -0.483650 0.196170 0.000000
rs0909 -0.189400 0.130780 0.163470
rs0916 -0.287480 0.163470 0.000000
rs0932 -0.352870 0.196170 0.098090
rs0933 -0.418260 0.196170 0.000000
rs0944 -0.287480 0.163470 0.130780
rs0950 -0.516350 0.359650 0.000000
rs0957 -0.614430 0.294250 0.098090
rs0958 0.104860 0.065390 0.000000
rs0959 -0.483650 0.228860 0.130780
rs0960 -0.418260 0.163470 0.000000
rs0967 -0.287480 0.196170 0.098090
rs0970 0.039470 0.098080 0.000000
rs0974 0.072160 0.098090 0.196170
rs0978 -0.287480 0.130780 0.000000
rs0981 -0.418260 0.163470 0.098090
rs0983 -0.483650 0.261560 0.000000
rs0984 -0.287480 0.196170 0.130780
rs0985 -0.418260 0.261560 0.000000
rs0991 0.006770 0.163480 0.228860
rs0995 -0.124010 0.163480 0.000000
rs0997 -0.091310 0.130780 0.130780
rs1004 -0.025920 0.098080 0.000000
rs1014 -0.614430 0.261560 0.098090
rs1016 0.235640 0.000000 0.000000
rs1021 -0.287480 0.163470 0.098090
rs1023 -0.058620 0.098090 0.000000
rs1025 -0.091310 0.065390 0.065390
rs1029 -0.287480 0.163470 0.000000
rs1030 -0.320180 0.130780 0.130780
rs1035 -0.516350 0.294260 0.000000
rs1036 -0.222090 0.098080 0.098090
rs1038 -0.287480 0.130780 0.000000
rs1046 0.006770 0.196170 0.130780
rs1047 -0.222090 0.130780 0.000000
rs1050 -0.418260 0.163470 0.098090
rs1052 -0.254790 0.196170 0.000000
rs1055 -0.320180 0.163480 0.130780
rs1060 -0.679820 0.261560 0.000000
rs1062 0.137550 0.065390 0.294250
rs1072 -0.156700 0.130780 0.000000
rs1074 -0.418260 0.228860 0.098090
rs1075 0.137550 0.065390 0.000000
rs1081 -0.156700 0.130780 0.130780
rs1082 0.072160 0.065390 0.000000
rs1084 -0.254790 0.163480 0.098080
rs1091 0.006770 0.098090 0.000000
rs1098 -0.352870 0.163470 0.130780
rs1100 -0.091310 0.130780 0.000000
rs1102 0.301030 inf 0.326950
rs1103 -0.647130 0.359650 0.000000
rs1105 -0.320180 0.130780 0.130780
rs1106 -0.025920 0.065390 0.000000
rs1109 0.235640 0.000000 0.392340
rs1110 0.006770 0.065390 0.000000
rs1111 -0.156700 0.032690 0.065390
rs1112 -0.156700 0.065390 0.000000
rs1116 -0.058620 0.065390 0.065390
rs1117 -0.320180 0.196170 0.000000
rs1118 -0.025920 0.098080 0.163480
rs1121 0.235640 0.000000 0.000000
rs1126 -0.352870 0.196170 0.098090
rs1129 -0.091310 0.098080 0.000000
rs1131 0.235640 0.032690 0.326950
rs1137 -0.156700 0.163470 0.000000
rs1143 -0.352870 0.163470 0.098090
rs1150 -0.156700 0.065390 0.000000
rs1152 0.006770 0.098090 0.130780
rs1154 -0.156700 0.130780 0.000000
rs1159 -0.352870 0.163470 0.130780
rs1163 -0.483650 0.359640 0.000000
rs1168 0.039470 0.065390 0.130780
rs1169 -0.156700 0.130780 0.000000
rs1178 -0.189400 0.163480 0.163470
rs1179 -0.352870 0.228860 0.000000
rs1182 -0.156700 0.196170 0.130780
rs1185 0.072160 0.032700 0.000000
rs1188 -0.516350 0.228870 0.098080
rs1191 -0.091310 0.163470 0.000000
rs1195 -0.124010 0.163480 0.098080
rs1197 -0.091310 0.130780 0.000000
rs1198 -0.549040 0.359640 0.065390
rs1200 -0.418260 0.163470 0.000000
rs1209 -0.450960 0.326950 0.065390
rs1212 -0.189400 0.130780 0.000000
rs1214 -0.287480 0.032690 0.065390
rs1220 0.039470 0.065390 0.000000
rs1248 -0.189400 0.196170 0.130780
rs1258 0.006770 0.065390 0.000000
rs1259 -0.516350 0.261560 0.098080
rs1264 -0.516350 0.196170 0.000000
rs1266 -0.156700 0.098080 0.392340
rs1267 0.268330 0.000000 0.000000
rs1270 -0.483650 0.359640 0.098090
rs1276 -0.450960 0.196170 0.000000
rs1284 -0.581740 0.228870 0.098080
rs1290 -0.647130 0.294260 0.000000
rs1291 -0.352870 0.196170 0.098090
rs1293 -0.156700 0.163470 0.000000
rs1296 -0.614430 0.228860 0.130780
rs1297 -0.549040 0.228860 0.000000
rs1337 -0.189400 0.196170 0.130780
rs1359 -0.516350 0.228870 0.000000
rs1437 0.104860 0.065390 0.228870
ECO05144 -0.156700 0.163470 0.000000
ECO11517 -0.287480 0.098080 0.098090
ECO09709 -0.025920 0.098080 0.000000
ECO03774 -0.156700 0.065390 0.065390
ECO11195 -0.287480 0.130780 0.000000
ECO11986 -0.025920 0.098080 0.196170
ECO10428 0.039470 0.065390 0.000000
ECO05163 -0.156700 0.163470 0.130780
ECO05563 -0.156700 0.098080 0.000000
ECO04997 -0.091310 0.130780 0.130780
ECO07859 -0.320180 0.228870 0.000000
ECO10692 -0.352870 0.196170 0.130780
ECO10007 0.104860 0.065390 0.000000
ECO09960 -0.581740 0.261560 0.098080
ECO10258 -0.516350 0.196170 0.000000
ECO07785 -0.320180 0.196170 0.098080
ECO04192 0.202940 0.032700 0.000000
ECO05764 -0.091310 0.196170 0.163480
ECO07019 -0.679820 0.294250 0.000000
ECO06341 -0.156700 0.163470 0.130780
ECO09664 -0.156700 0.098080 0.000000
ECO06592 0.039470 0.065390 0.294260
ECO09450 -0.156700 0.163470 0.000000
ECO03934 -0.418260 0.261560 0.098090
ECO09368 -0.320180 0.228870 0.000000
ECO08866 -0.156700 0.130780 0.196170
ECO09168 -0.418260 0.163470 0.000000
ECO11141 -0.483650 0.228860 0.098090
ECO06996 0.006770 0.098090 0.000000
ECO05115 -0.647130 0.294260 0.098080
ECO04817 -0.091310 0.163470 0.000000
ECO09561 -0.091310 0.130780 0.261560
ECO12308 -0.091310 0.098080 0.000000
ECO06894 -0.549040 0.228860 0.098090
ECO09738 -0.516350 0.326950 0.000000
ECO10431 -0.320180 0.163480 0.098080
ECO02845 0.039470 0.065390 0.000000
ECO09068 -0.352870 0.261560 0.130780
ECO06094 0.301030 inf 0.000000
ECO11300 -0.516350 0.196170 0.098080
ECO09275 -0.647130 0.294260 0.000000
ECO09858 -0.124010 0.196170 0.098080
ECO01034 -0.124010 0.196170 0.000000
ECO04927 -0.483650 0.228860 0.098090
ECO10862 -0.450960 0.196170 0.000000
ECO06033 -0.189400 0.130780 0.130780
ECO07199 -0.025920 0.065390 0.000000
ECO08990 -0.254790 0.130780 0.098080
ECO08305 -0.549040 0.261560 0.000000
ECO09940 -0.581740 0.294260 0.098080
ECO10010 0.202940 0.000000 0.000000
ECO03222 -0.091310 0.261560 0.163480
ECO10361 -0.058620 0.098090 0.000000
ECO08589 -0.516350 0.163480 0.130780
ECO07887 -0.549040 0.196170 0.000000
ECO10761 -0.712520 0.294260 0.098080
ECO05715 -0.385570 0.228870 0.000000
ECO01402 -0.450960 0.163480 0.130780
ECO09890 0.137550 0.065390 0.000000
ECO09558 0.137550 0.032700 0.326950
ECO11468 -0.156700 0.228860 0.000000
ECO10009 -0.320180 0.163480 0.130780
ECO01470 -0.843300 0.359650 0.000000
ECO11617 -0.287480 0.163470 0.130780
ECO05865 -0.156700 0.261560 0.000000
ECO03691 -0.189400 0.065390 0.065390
ECO05597 -0.025920 0.098080 0.000000
ECO11818 -0.352870 0.130780 0.098090
ECO01019 -0.516350 0.228870 0.000000
ECO05916 -0.549040 0.392340 0.065390
ECO10609 -0.156700 0.163470 0.000000
ECO06014 -0.647130 0.326950 0.065390
ECO08690 -0.058620 0.065390 0.000000
ECO06865 -0.025920 0.098080 0.130780
ECO03274 -0.516350 0.228870 0.000000
ECO11315 -0.156700 0.261560 0.130780
ECO05648 0.072160 0.065390 0.000000
ECO09792 -0.124010 0.098090 0.098080
ECO06163 -0.287480 0.163470 0.000000
ECO02121 -0.156700 0.228860 0.130780
ECO09907 -0.287480 0.163470 0.000000
ECO10228 -0.320180 0.163480 0.130780
ECO11654 -0.058620 0.163480 0.000000
ECO10307 -0.581740 0.294260 0.098080
ECO05057 -0.156700 0.098080 0.000000
ECO08933 -0.156700 0.163470 0.163480
ECO03983 -0.156700 0.196170 0.000000
ECO06292 -0.352870 0.130780 0.098090
ECO09149 0.104860 0.032690 0.000000
ECO11827 -0.156700 0.196170 0.163480
ECO06491 -0.385570 0.130780 0.000000
ECO04334 0.235640 0.000000 0.392340
ECO09299 -0.385570 0.196170 0.000000
ECO06305 -0.091310 0.098080 0.098090
ECO12012 -0.189400 0.196170 0.000000
ECO04519 -0.124010 0.163480 0.196170
ECO06791 -0.254790 0.196170 0.000000
ECO04734 -0.156700 0.065390 0.098090
ECO12363 -0.287480 0.130780 0.000000
ECO00339 -0.450960 0.294260 0.065390
ECO06642 -0.222090 0.196170 0.000000
ECO05319 -0.254790 0.163480 0.130780
ECO04284 -0.091310 0.228860 0.000000
ECO09800 -0.581740 0.326950 0.065390
ECO05670 -0.320180 0.163480 0.000000
ECO08378 -0.156700 0.163470 0.196170
ECO04820 -0.124010 0.130780 0.000000
ECO06556 0.137550 0.065390 0.294250
ECO11677 -0.385570 0.163480 0.000000
ECO11712 -0.156700 0.196170 0.130780
ECO04969 0.006770 0.163480 0.000000
ECO04033 0.301030 inf 0.196170
ECO05806 -0.614430 0.261560 0.000000
ECO05991 -0.320180 0.130780 0.130780
ECO05455 -0.385570 0.163480 0.000000
ECO08428 -0.156700 0.098080 0.032700
ECO11326 -0.483650 0.261560 0.000000
ECO06516 -0.124010 0.130780 0.196170
ECO11031 -0.320180 0.196170 0.000000
ECO04325 -0.189400 0.130780 0.163470
ECO04342 0.202940 0.000000 0.000000
ECO02321 -0.025920 0.098080 0.228870
ECO10392 -0.287480 0.196170 0.000000
ECO01244 -0.712520 0.294260 0.098080
ECO07809 0.006770 0.098090 0.000000
ECO12169 -0.352870 0.163470 0.130780
ECO10041 -0.124010 0.163480 0.000000
ECO08088 -0.483650 0.326950 0.098090
ECO12203 -0.450960 0.163480 0.000000
ECO01136 -0.418260 0.163470 0.130780
ECO02323 -0.156700 0.032690 0.000000
ECO10394 -0.124010 0.261560 0.130780
ECO04778 -0.320180 0.163480 0.000000
ECO06216 0.235640 0.032690 0.294260
ECO04344 -0.091310 0.065390 0.000000
ECO08854 -0.091310 0.130780 0.228870
ECO07803 -0.287480 0.163470 0.000000
ECO10326 -0.287480 0.196170 0.130780
ECO09641 -0.156700 0.163470 0.000000
ECO04995 0.202940 0.000000 0.425030
ECO05680 -0.091310 0.163470 0.000000
ECO09824 -0.058620 0.065390 0.065390
ECO08135 -0.124010 0.196170 0.000000
ECO03706 -0.156700 0.065390 0.032700
ECO05578 -0.091310 0.130780 0.000000
ECO06700 0.006770 0.065390 0.359640
ECO03790 -0.058620 0.163480 0.000000
ECO09121 -0.385570 0.196170 0.098080
ECO06247 -0.156700 0.163470 0.000000
ECO03926 0.039470 0.065390 0.294260
ECO06849 -0.156700 0.163470 0.000000
ECO10629 0.072160 0.065390 0.294250
ECO03526 0.235640 0.032690 0.000000
ECO03656 -0.091310 0.196170 0.163480
ECO07685 -0.352870 0.196170 0.000000
ECO11968 -0.418260 0.294250 0.098090
ECO06449 -0.091310 0.098080 0.000000
ECO12370 -0.222090 0.163470 0.130780
ECO00833 -0.712520 0.294260 0.000000
ECO03139 -0.156700 0.228860 0.098090
ECO05698 0.202940 0.032700 0.000000
ECO00869 -0.712520 0.294260 0.098080
ECO10093 -0.450960 0.196170 0.000000
ECO10091 -0.287480 0.261560 0.163480
ECO10527 -0.516350 0.228870 0.000000
ECO10493 -0.124010 0.196170 0.163470
ECO09706 -0.287480 0.163470 0.000000
ECO03539 0.301030 -0.032700 0.392340
ECO12355 -0.418260 0.163470 0.000000
ECO10378 -0.679820 0.326950 0.065390
ECO09591 -0.254790 0.163480 0.000000
ECO03390 -0.320180 0.163480 0.098080
ECO07670 -0.254790 0.196170 0.000000
ECO04762 0.006770 0.130780 0.130780
ECO04477 -0.058620 0.065390 0.000000
ECO09406 -0.483650 0.294250 0.098090
ECO00448 -0.614430 0.457730 0.000000
ECO06634 -0.385570 0.196170 0.098080
ECO05798 -0.156700 0.130780 0.000000
ECO03241 -0.124010 0.130780 0.098080
ECO07183 -0.320180 0.196170 0.000000
ECO10127 -0.222090 0.098080 0.130780
ECO06883 -0.156700 0.196170 0.000000
ECO10642 -0.058620 0.261560 0.163470
ECO05411 0.268330 0.000000 0.000000
ECO05228 0.006770 0.098090 0.130780
ECO07955 -0.156700 0.163470 0.000000
ECO02990 0.006770 0.098090 0.196170
ECO03141 -0.058620 0.130780 0.000000
ECO08989 -0.385570 0.196170 0.098080
ECO06415 -0.320180 0.163480 0.000000
ECO08789 -0.058620 0.098090 0.098080
ECO08938 -0.320180 0.196170 0.000000
ECO05545 -0.156700 0.196170 0.130780
ECO03422 -0.156700 0.065390 0.000000
ECO02924 0.170250 0.032690 0.261560
ECO05096 -0.156700 0.163470 0.000000
ECO04494 -0.222090 0.196170 0.130780
ECO12338 -0.581740 0.359650 0.000000
ECO12387 -0.352870 0.163470 0.098090
ECO06096 -0.450960 0.294260 0.000000
ECO12287 -0.450960 0.163480 0.130780
ECO09389 -0.352870 0.196170 0.000000
ECO06617 -0.025920 0.098080 0.261560
ECO09810 -0.287480 0.130780 0.000000
ECO10962 -0.025920 0.098080 0.098090
ECO08887 0.072160 0.065390 0.000000
ECO09959 -0.549040 0.326950 0.098090
ECO06015 0.104860 0.065390 0.000000
ECO03224 -0.156700 0.098080 0.130780
ECO04743 0.268330 0.000000 0.000000
ECO10610 -0.189400 0.228870 0.130780
ECO09240 0.072160 0.032700 0.000000
ECO11316 -0.156700 0.130780 0.130780
ECO05394 -0.352870 0.196170 0.000000
ECO02573 0.072160 0.065390 0.392340
ECO04425 -0.418260 0.294250 0.000000
ECO08386 -0.025920 0.098080 0.228870
ECO08922 0.137550 0.065390 0.000000
ECO09105 0.235640 0.000000 0.425040
ECO01855 -0.516350 0.228870 0.000000
ECO03740 -0.156700 0.261560 0.163480
ECO02506 -0.156700 0.228860 0.000000
ECO10360 -0.385570 0.196170 0.098080
ECO06501 -0.025920 0.098080 0.000000
ECO00200 -0.647130 0.261560 0.098080
ECO03998 0.039470 0.065390 0.000000
ECO11597 -0.091310 0.098080 0.065390
ECO10021 -0.320180 0.261560 0.000000
ECO03898 -0.156700 0.196170 0.130780
ECO08928 -0.385570 0.196170 0.000000
ECO04505 -0.124010 0.163480 0.130780
ECO01404 -0.418260 0.163470 0.000000
ECO09378 -0.222090 0.130780 0.130780
ECO09242 -0.516350 0.163480 0.000000
ECO01247 -0.712520 0.261560 0.098080
ECO09585 -0.352870 0.163470 0.000000
ECO05984 -0.287480 0.196170 0.130780
ECO10951 -0.581740 0.228870 0.000000
ECO05391 -0.549040 0.228860 0.130780
ECO05341 0.202940 0.032700 0.000000
ECO09428 -0.124010 0.163480 0.130780
ECO07763 0.039470 0.065390 0.000000
ECO05741 -0.320180 0.196170 0.098080
ECO06570 -0.156700 0.196170 0.000000
ECO10557 0.104860 0.065390 0.294260
ECO09778 -0.745210 0.294250 0.000000
ECO06034 -0.124010 0.130780 0.098080
ECO05477 -0.254790 0.196170 0.000000
ECO03605 -0.124010 0.130780 0.098080
ECO06756 0.104860 0.065390 0.000000
ECO11998 -0.287480 0.130780 0.098090
ECO04611 -0.156700 0.163470 0.000000
ECO11064 -0.385570 0.130780 0.098080
ECO11685 -0.156700 0.196170 0.000000
ECO00867 -0.450960 0.196170 0.130780
ECO05847 -0.124010 0.196170 0.000000
ECO09306 -0.025920 0.098080 0.130780
ECO05547 -0.549040 0.326950 0.000000
ECO12185 0.039470 0.065390 0.294260
ECO04911 -0.025920 0.065390 0.000000
ECO02639 -0.320180 0.163480 0.098080
ECO12619 -0.320180 0.196170 0.000000
ECO00984 -0.614430 0.261560 0.098090
ECO09643 -0.516350 0.228870 0.000000
ECO11954 -0.025920 0.130780 0.130780
ECO09524 -0.483650 0.196170 0.000000
ECO09175 -0.025920 0.098080 0.228870
ECO12422 -0.647130 0.425040 0.000000
ECO04461 0.235640 0.000000 0.425040
ECO05061 -0.385570 0.163480 0.000000
ECO06649 -0.287480 0.196170 0.130780
ECO11768 0.039470 0.065390 0.000000
ECO04712 -0.222090 0.196170 0.130780
ECO04426 -0.156700 0.065390 0.000000
ECO08521 -0.450960 0.228870 0.098080
ECO08955 -0.254790 0.228870 0.000000
ECO07119 -0.483650 0.228860 0.098090
ECO04175 -0.156700 0.032690 0.000000
ECO11885 -0.254790 0.196170 0.130780
ECO03791 -0.450960 0.228870 0.000000
ECO04008 -0.483650 0.294250 0.098090
ECO00617 -0.614430 0.228860 0.000000
ECO04259 -0.091310 0.163470 0.163480
ECO00366 -0.385570 0.163480 0.000000
ECO09475 -0.647130 0.261560 0.098080
ECO09088 -0.254790 0.163480 0.000000
ECO06097 -0.156700 0.098080 0.130780
ECO09054 0.006770 0.098090 0.000000
ECO09760 -0.058620 0.196170 0.163470
ECO06450 -0.156700 0.196170 0.000000
ECO08071 -0.516350 0.326950 0.098080
ECO05344 0.202940 0.032700 0.000000
ECO00332 -0.777910 0.294260 0.065390
ECO12437 -0.156700 0.098080 0.000000
ECO09224 -0.549040 0.261560 0.098090
ECO09305 -0.450960 0.261560 0.000000
ECO04408 -0.025920 0.130780 0.130780
ECO12403 -0.352870 0.196170 0.000000
ECO03174 -0.483650 0.163470 0.098090
ECO05948 -0.156700 0.130780 0.000000
ECO05114 -0.450960 0.196170 0.130780
ECO10458 -0.091310 0.130780 0.000000
ECO05412 -0.058620 0.130780 0.098080
ECO05982 0.137550 0.065390 0.000000
ECO11786 -0.156700 0.130780 0.196170
ECO09605 -0.320180 0.228870 0.000000
ECO05799 -0.222090 0.196170 0.130780
ECO11500 -0.287480 0.196170 0.000000
ECO07935 0.006770 0.065390 0.130780
ECO09226 -0.254790 0.196170 0.000000
ECO06754 -0.156700 0.163470 0.130780
ECO06043 -0.418260 0.163470 0.000000
ECO09726 -0.549040 0.163470 0.130780
ECO09943 -0.418260 0.163470 0.000000
ECO05663 -0.124010 0.196170 0.130780
ECO09909 -0.320180 0.228870 0.000000
ECO02991 0.006770 0.130780 0.098080
ECO09990 0.235640 0.032690 0.000000
ECO04693 -0.156700 0.163470 0.098090
ECO05812 -0.156700 0.163470 0.000000
ECO04727 0.006770 0.130780 0.130780
ECO08356 -0.450960 0.228870 0.000000
ECO06382 -0.124010 0.098090 0.392340
ECO04076 -0.091310 0.098080 0.000000
ECO05080 -0.483650 0.228860 0.098090
ECO05331 -0.287480 0.163470 0.000000
ECO04544 -0.287480 0.228860 0.130780
ECO04457 -0.156700 0.196170 0.000000
ECO02024 -0.483650 0.163470 0.098090
ECO04296 -0.091310 0.065390 0.000000
ECO07840 0.006770 0.065390 0.261560
ECO09426 -0.156700 0.098080 0.000000
ECO11950 -0.320180 0.130780 0.098080
ECO08026 -0.156700 0.163470 0.000000
ECO06461 -0.189400 0.098090 0.163470
ECO05243 -0.124010 0.098090 0.000000
ECO04096 -0.124010 0.261560 0.163470
ECO04383 0.268330 0.000000 0.000000
ECO11475 -0.287480 0.196170 0.130780
ECO09580 0.039470 0.065390 0.000000
ECO04775 0.268330 inf 0.228860
ECO09599 -0.516350 0.196170 0.000000
ECO10049 0.104860 0.098080 0.261560
ECO01225 -0.712520 0.294260 0.000000
ECO10135 -0.418260 0.196170 0.098090
ECO10486 -0.287480 0.163470 0.000000
ECO10585 -0.352870 0.228860 0.130780
ECO02997 0.006770 0.065390 0.000000
ECO02548 -0.614430 0.294250 0.098090
ECO00027 -0.549040 0.196170 0.000000
ECO02848 -0.254790 0.130780 0.098080
ECO02948 -0.156700 0.196170 0.000000
ECO06742 -0.124010 0.098090 0.359640
ECO07913 -0.025920 0.130780 0.000000
ECO04619 0.006770 0.130780 0.130780
ECO09550 0.006770 0.065390 0.000000
ECO09949 -0.124010 0.163480 0.163470
ECO09649 -0.156700 0.163470 0.000000
ECO10300 -0.614430 0.359640 0.065390
ECO12663 -0.254790 0.228870 0.000000
ECO10786 -0.712520 0.294260 0.065390
ECO05905 -0.483650 0.228860 0.000000
ECO03933 -0.352870 0.098080 0.065390
ECO08613 -0.385570 0.163480 0.000000
ECO10205 -0.418260 0.163470 0.130780
ECO10673 0.104860 0.065390 0.000000
ECO03210 -0.189400 0.098090 0.130780
ECO03989 -0.156700 0.098080 0.000000
ECO10073 0.006770 0.098090 0.163470
ECO12468 -0.156700 0.130780 0.000000
ECO00190 -0.418260 0.163470 0.130780
ECO02062 -0.549040 0.228860 0.000000
ECO10745 -0.385570 0.163480 0.130780
ECO06699 -0.124010 0.163480 0.000000
ECO06499 -0.352870 0.163470 0.098090
ECO03257 -0.124010 0.228870 0.000000
ECO12218 -0.189400 0.228870 0.130780
ECO00347 -0.679820 0.326950 0.000000
ECO08439 -0.385570 0.196170 0.098080
ECO05495 -0.091310 0.098080 0.000000
ECO04044 -0.091310 0.228860 0.130780
ECO09358 -0.058620 0.098090 0.000000
ECO12188 -0.516350 0.261560 0.098080
ECO03525 0.268330 0.000000 0.000000
ECO10980 -0.581740 0.228870 0.098080
ECO11634 -0.647130 0.326950 0.000000
ECO07988 -0.549040 0.228860 0.098090
ECO01253 -0.352870 0.163470 0.000000
ECO07069 -0.156700 0.130780 0.326950
ECO02253 -0.385570 0.196170 0.000000
ECO12286 0.072160 0.065390 0.294250
ECO00700 -0.679820 0.294250 0.000000
ECO12537 -0.124010 0.098090 0.065390
ECO10141 -0.025920 0.130780 0.000000
ECO04593 -0.091310 0.228860 0.130780
ECO06448 -0.483650 0.196170 0.000000
ECO01202 -0.222090 0.163470 0.163480
ECO11767 0.268330 0.000000 0.000000
ECO09307 -0.254790 0.130780 0.130780
ECO04776 -0.156700 0.032690 0.000000
ECO09507 -0.058620 0.098090 0.261560
ECO02521 0.104860 0.065390 0.000000
ECO06703 -0.614430 0.392340 0.065390
ECO00185 -0.549040 0.294250 0.000000
ECO12431 -0.124010 0.163480 0.196170
ECO07818 -0.352870 0.261560 0.000000
ECO12656 -0.025920 0.098080 0.294260
ECO05814 -0.549040 0.196170 0.000000
ECO08239 -0.058620 0.228870 0.130780
ECO05848 -0.156700 0.098080 0.000000
ECO04142 -0.287480 0.163470 0.130780
ECO02623 0.039470 0.098080 0.000000
ECO03291 -0.450960 0.228870 0.098080
ECO03976 0.006770 0.163480 0.000000
ECO05193 -0.156700 0.130780 0.130780
ECO12039 -0.156700 0.261560 0.000000
ECO11924 -0.287480 0.163470 0.130780
ECO10950 -0.516350 0.228870 0.000000
ECO04439 -0.385570 0.163480 0.098080
ECO09937 -0.156700 0.065390 0.000000
ECO11327 -0.581740 0.359650 0.065390
ECO12064 -0.483650 0.294250 0.000000
ECO09519 -0.450960 0.294260 0.098080
ECO04950 0.268330 0.000000 0.000000
ECO03764 -0.124010 0.163480 0.261560
ECO09026 -0.287480 0.196170 0.000000
ECO02292 -0.025920 0.065390 0.294260
ECO03103 -0.418260 0.130780 0.000000
ECO03478 -0.222090 0.228860 0.130780
ECO04944 -0.124010 0.163480 0.000000
ECO07603 0.006770 0.098090 0.098080
ECO08369 -0.679820 0.326950 0.000000
ECO03106 0.006770 0.098090 0.130780
ECO02891 -0.385570 0.163480 0.000000
ECO04993 -0.156700 0.130780 0.130780
ECO00951 -0.581740 0.261560 0.000000
ECO05558 -0.254790 0.196170 0.261560
ECO09897 -0.091310 0.261560 0.000000
ECO06310 0.006770 0.130780 0.196170
ECO10505 -0.025920 0.098080 0.000000
ECO08124 -0.549040 0.294250 0.098090
ECO09503 -0.156700 0.228860 0.000000
ECO04216 -0.450960 0.261560 0.098080
ECO03216 -0.124010 0.228870 0.000000
ECO04051 -0.156700 0.163470 0.163480
ECO09081 -0.385570 0.196170 0.000000
ECO04002 -0.091310 0.098080 0.326950
ECO09746 -0.320180 0.130780 0.000000
ECO11119 -0.058620 0.098090 0.261560
ECO00807 -0.614430 0.261560 0.000000
ECO09032 -0.222090 0.163470 0.130780
ECO11557 -0.287480 0.196170 0.000000
ECO04788 -0.189400 0.163480 0.196170
ECO04437 0.301030 -0.032700 0.000000
ECO11995 -0.320180 0.163480 0.130780
ECO07990 -0.254790 0.130780 0.000000
ECO12382 -0.549040 0.261560 0.098090
ECO09637 -0.287480 0.228860 0.000000
ECO12157 -0.156700 0.130780 0.130780
ECO03865 -0.124010 0.196170 0.000000
ECO05374 -0.156700 0.032690 0.032700
ECO07939 -0.222090 0.163470 0.000000
ECO04506 -0.581740 0.359650 0.065390
ECO06446 -0.254790 0.163480 0.000000
ECO00336 -0.418260 0.163470 0.130780
ECO04080 -0.483650 0.294250 0.000000
ECO04382 0.301030 -0.032700 0.392340
ECO04464 -0.254790 0.065390 0.000000
ECO11445 -0.418260 0.196170 0.098090
ECO07815 -0.287480 0.163470 0.000000
ECO07846 0.202940 0.000000 0.425030
ECO07960 -0.679820 0.261560 0.000000
ECO00758 -0.320180 0.130780 0.098080
ECO01779 -0.287480 0.163470 0.000000
ECO10730 -0.549040 0.196170 0.130780
ECO09016 -0.058620 0.098090 0.000000
ECO04751 -0.025920 0.098080 0.130780
ECO05874 -0.254790 0.196170 0.000000
ECO11744 -0.320180 0.261560 0.130780
ECO06460 -0.156700 0.098080 0.000000
ECO08802 -0.124010 0.261560 0.130780
ECO11471 -0.254790 0.196170 0.000000
ECO06493 -0.156700 0.098080 0.196170
ECO03978 0.268330 0.000000 0.000000
ECO03646 -0.614430 0.261560 0.098090
ECO06893 -0.320180 0.196170 0.000000
ECO07926 -0.320180 0.163480 0.130780
ECO10334 -0.156700 0.228860 0.000000
ECO06423 -0.091310 0.163470 0.163480
ECO05737 -0.254790 0.196170 0.000000
ECO03694 0.006770 0.130780 0.196170
ECO03794 0.104860 0.065390 0.000000
ECO10489 -0.025920 0.032690 0.098090
ECO06209 -0.254790 0.196170 0.000000
ECO05658 -0.156700 0.163470 0.098090
ECO07130 -0.549040 0.294250 0.000000
ECO11674 -0.124010 0.098090 0.065390
ECO09981 -0.254790 0.098090 0.000000
ECO07816 -0.385570 0.228870 0.098080
ECO06075 -0.156700 0.196170 0.000000
ECO10530 -0.025920 0.065390 0.359650
ECO05957 -0.124010 0.163480 0.000000
ECO05627 -0.156700 0.130780 0.130780
ECO06413 -0.156700 0.163470 0.000000
ECO12055 -0.156700 0.163470 0.163480
ECO06027 -0.418260 0.228860 0.000000
ECO05791 -0.156700 0.130780 0.130780
ECO09185 -0.320180 0.261560 0.000000
ECO11741 -0.287480 0.163470 0.098090
ECO08542 -0.418260 0.196170 0.000000
ECO03888 -0.091310 0.196170 0.130780
ECO07774 -0.352870 0.163470 0.000000
ECO05902 -0.352870 0.196170 0.130780
ECO09839 -0.156700 0.130780 0.000000
ECO06002 -0.516350 0.228870 0.130780
ECO04573 -0.320180 0.196170 0.000000
ECO02962 0.039470 0.032690 0.425040
ECO07020 -0.091310 0.130780 0.000000
ECO10071 -0.025920 0.098080 0.228870
ECO09819 -0.516350 0.261560 0.000000
ECO09944 -0.254790 0.163480 0.130780
ECO03931 0.006770 0.163480 0.000000
ECO08776 -0.614430 0.294250 0.098090
ECO06511 0.137550 0.065390 0.000000
ECO12291 0.235640 0.032690 0.294260
ECO08385 -0.156700 0.130780 0.000000
ECO02876 -0.385570 0.130780 0.065390
ECO02426 -0.483650 0.228860 0.000000
ECO02819 -0.352870 0.196170 0.098090
ECO07106 -0.352870 0.196170 0.000000
ECO03330 -0.483650 0.196170 0.098090
ECO06574 -0.156700 0.130780 0.000000
ECO05684 -0.549040 0.326950 0.065390
ECO04698 0.104860 0.032690 0.000000
ECO04748 -0.091310 0.098080 0.294260
ECO08442 -0.156700 0.228860 0.000000
ECO08149 -0.483650 0.261560 0.098090
ECO08246 -0.189400 0.163480 0.000000
ECO03065 -0.025920 0.098080 0.098090
ECO07695 -0.156700 0.163470 0.000000
ECO08549 -0.287480 0.196170 0.163480
ECO11529 -0.352870 0.098080 0.000000
ECO06502 -0.156700 0.163470 0.163480
ECO12223 0.006770 0.098090 0.000000
ECO06727 -0.483650 0.163470 0.098090
ECO08632 -0.124010 0.098090 0.000000
ECO09295 -0.091310 0.098080 0.098090
ECO12274 0.268330 0.000000 0.000000
ECO05637 -0.385570 0.163480 0.130780
ECO04884 0.039470 0.130780 0.000000
ECO12584 -0.287480 0.228860 0.098090
ECO12191 -0.124010 0.098090 0.000000
ECO02074 -0.516350 0.163480 0.130780
ECO03130 -0.124010 0.098090 0.000000
ECO06193 -0.091310 0.196170 0.163480
ECO06977 -0.549040 0.326950 0.000000
ECO12613 -0.058620 0.065390 0.457730
ECO04869 0.235640 0.032690 0.000000
ECO11777 -0.287480 0.196170 0.130780
ECO07092 0.006770 0.130780 0.000000
ECO04684 0.301030 inf 0.228870
ECO08587 0.104860 0.032690 0.000000
ECO06217 0.072160 0.098090 0.294250
ECO02598 -0.320180 0.196170 0.000000
ECO04169 -0.058620 0.228870 0.163470
ECO02297 -0.156700 0.163470 0.000000
ECO12577 -0.549040 0.196170 0.130780
ECO11565 -0.450960 0.294260 0.000000
ECO11787 -0.156700 0.098080 0.163480
ECO05045 0.301030 inf 0.000000
ECO05515 -0.058620 0.098090 0.098080
ECO04143 0.006770 0.130780 0.000000
ECO06966 -0.222090 0.163470 0.130780
ECO08187 -0.091310 0.098080 0.000000
ECO03071 -0.156700 0.228860 0.130780
ECO12589 0.006770 0.065390 0.000000
ECO02373 -0.418260 0.163470 0.130780
ECO12487 -0.581740 0.196170 0.000000
ECO01852 -0.516350 0.228870 0.098080
ECO07117 -0.287480 0.261560 0.000000
ECO04443 -0.254790 0.196170 0.130780
ECO04996 0.006770 0.098090 0.000000
ECO04896 0.006770 0.098090 0.130780
ECO02771 -0.025920 0.065390 0.000000
ECO03273 0.039470 0.065390 0.294260
ECO11230 -0.614430 0.326950 0.000000
ECO08957 0.039470 0.065390 0.294260
ECO06983 0.039470 0.098080 0.000000
ECO02120 0.006770 0.130780 0.130780
ECO05647 -0.156700 0.098080 0.000000
ECO05428 -0.156700 0.098080 0.098090
ECO07919 -0.483650 0.228860 0.000000
ECO03090 -0.124010 0.163480 0.163470
ECO09927 -0.320180 0.163480 0.000000
ECO05464 0.039470 0.163470 0.196170
ECO03592 0.301030 -0.032700 0.000000
ECO12121 0.301030 inf 0.425040
ECO07101 0.137550 0.032700 0.000000
ECO05697 -0.516350 0.196170 0.098080
ECO06816 0.039470 0.098080 0.000000
ECO12335 -0.385570 0.196170 0.130780
ECO10058 -0.418260 0.261560 0.000000
ECO08857 -0.581740 0.261560 0.098080
ECO09372 0.072160 0.098090 0.000000
ECO00231 0.202940 0.032700 0.326950
ECO02456 -0.025920 0.196170 0.000000
ECO08470 -0.287480 0.130780 0.130780
ECO03105 -0.418260 0.261560 0.000000
ECO05013 -0.647130 0.261560 0.098080
ECO03439 -0.549040 0.261560 0.000000
ECO06483 -0.222090 0.163470 0.130780
ECO12606 -0.385570 0.163480 0.000000
ECO02490 0.268330 0.000000 0.326950
ECO09442 0.202940 0.000000 0.000000
ECO12504 -0.549040 0.294250 0.098090
ECO01954 -0.483650 0.196170 0.000000
ECO04877 -0.450960 0.228870 0.098080
ECO11819 0.137550 0.065390 0.000000
ECO11533 0.202940 0.032700 0.359640
ECO03175 0.006770 0.196170 0.000000
ECO08271 -0.091310 0.098080 0.359650
ECO05897 0.039470 0.065390 0.000000
ECO11449 -0.516350 0.261560 0.098080
ECO03340 -0.483650 0.359640 0.000000
ECO07118 -0.352870 0.196170 0.130780
ECO05782 -0.156700 0.196170 0.000000
ECO11803 0.268330 0.000000 0.294250
ECO08590 -0.156700 0.163470 0.000000
ECO06901 -0.450960 0.228870 0.098080
ECO09539 -0.058620 0.065390 0.000000
ECO09790 -0.549040 0.228860 0.130780
ECO09628 0.301030 inf 0.000000
ECO04448 -0.189400 0.196170 0.163470
ECO04898 -0.156700 0.130780 0.000000
ECO11611 -0.287480 0.261560 0.130780
ECO08878 -0.156700 0.163470 0.000000
ECO09092 -0.124010 0.261560 0.130780
ECO03162 -0.025920 0.098080 0.000000
ECO11848 0.072160 0.065390 0.261560
ECO08749 -0.025920 0.098080 0.000000
ECO04655 -0.156700 0.130780 0.098090
ECO07842 -0.156700 0.163470 0.000000
ECO11662 -0.320180 0.163480 0.130780
ECO05128 -0.450960 0.130780 0.000000
ECO11504 -0.385570 0.032700 0.032690
ECO12637 -0.483650 0.196170 0.000000
ECO06982 -0.418260 0.294250 0.098090
ECO07250 -0.516350 0.228870 0.000000
ECO08824 -0.516350 0.196170 0.130780
ECO08220 -0.418260 0.163470 0.000000
ECO05514 0.072160 0.065390 0.261560
ECO10559 -0.091310 0.130780 0.000000
ECO12489 -0.254790 0.196170 0.130780
ECO03124 0.202940 0.000000 0.000000
ECO02152 -0.352870 0.163470 0.098090
ECO02317 -0.385570 0.163480 0.000000
ECO10605 -0.156700 0.163470 0.163480
ECO06647 -0.418260 0.196170 0.000000
ECO03410 -0.091310 0.065390 0.065390
ECO08894 -0.287480 0.163470 0.000000
ECO11857 -0.156700 0.163470 0.098090
ECO10566 0.235640 0.000000 0.000000
ECO08626 -0.189400 0.163480 0.130780
ECO05550 -0.516350 0.294260 0.000000
ECO02424 -0.320180 0.163480 0.130780
ECO04389 -0.124010 0.196170 0.000000
ECO02878 -0.156700 0.130780 0.163480
ECO07933 -0.483650 0.326950 0.000000
ECO02224 -0.287480 0.130780 0.098090
ECO05775 -0.287480 0.196170 0.000000
ECO03117 -0.091310 0.130780 0.130780
ECO06554 -0.124010 0.130780 0.000000
ECO05457 -0.156700 0.163470 0.163480
ECO06529 -0.450960 0.228870 0.000000
ECO05843 -0.189400 0.228870 0.163470
ECO03696 0.202940 0.032700 0.000000
ECO11771 -0.418260 0.294250 0.098090
ECO03678 0.268330 0.000000 0.000000
ECO12575 -0.156700 0.098080 0.163480
ECO02492 -0.156700 0.163470 0.000000
ECO12443 -0.352870 0.196170 0.163480
ECO06636 -0.287480 0.196170 0.000000
ECO06622 -0.156700 0.196170 0.130780
ECO12201 0.104860 0.065390 0.000000
ECO10626 -0.156700 0.032690 0.065390
ECO04678 -0.091310 0.065390 0.000000
ECO04512 0.235640 0.000000 0.392340
ECO06082 -0.254790 0.163480 0.000000
ECO09005 0.104860 0.065390 0.228870
ECO08480 -0.156700 0.098080 0.000000
ECO12161 -0.385570 0.196170 0.098080
ECO10684 -0.254790 0.196170 0.000000
ECO03959 -0.254790 0.228870 0.130780
ECO00615 -0.614430 0.228860 0.000000
ECO03057 0.301030 inf 0.261560
ECO09375 -0.549040 0.457730 0.000000
ECO03206 -0.091310 0.130780 0.294260
ECO04227 -0.025920 0.098080 0.000000
ECO00255 -0.647130 0.326950 0.098080
ECO04535 0.268330 0.000000 0.000000
ECO09330 -0.581740 0.196170 0.130780
ECO03389 -0.156700 0.196170 0.000000
ECO12205 -0.189400 0.065390 0.163470
ECO09934 -0.025920 0.098080 0.000000
ECO03050 0.006770 0.098090 0.163470
ECO10752 -0.483650 0.261560 0.000000
ECO05682 0.170250 0.032690 0.261560
ECO08605 -0.483650 0.196170 0.000000
ECO04410 0.235640 0.000000 0.359650
ECO04061 0.006770 0.163480 0.000000
ECO02189 -0.287480 0.196170 0.130780
ECO07194 -0.418260 0.228860 0.000000
ECO10002 -0.581740 0.425040 0.065390
ECO05180 -0.124010 0.196170 0.000000
ECO12354 -0.516350 0.228870 0.098080
ECO03406 0.006770 0.130780 0.000000
ECO08971 -0.320180 0.228870 0.163470
ECO09843 -0.418260 0.163470 0.000000
ECO10026 -0.287480 0.196170 0.130780
ECO06533 0.006770 0.065390 0.000000
ECO04729 -0.025920 0.065390 0.130780
ECO10545 -0.189400 0.163480 0.000000
ECO06550 0.039470 0.098080 0.294260
ECO05512 -0.385570 0.228870 0.000000
ECO12320 -0.091310 0.130780 0.294260
ECO10294 -0.516350 0.196170 0.000000
ECO06801 -0.156700 0.065390 0.196170
ECO05461 0.006770 0.130780 0.000000
ECO04159 -0.189400 0.228870 0.130780
ECO03606 -0.450960 0.261560 0.000000
ECO02806 -0.124010 0.098090 0.065390
ECO08354 0.072160 0.065390 0.000000
ECO07184 -0.418260 0.163470 0.098090
ECO12103 -0.156700 0.098080 0.000000
ECO02371 -0.679820 0.457730 0.098090
ECO12136 -0.320180 0.196170 0.000000
ECO02169 -0.549040 0.196170 0.130780
ECO05947 -0.712520 0.261560 0.000000
ECO05220 -0.483650 0.359640 0.098090
ECO05306 -0.156700 0.130780 0.000000
ECO03183 -0.058620 0.098090 0.228860
ECO11705 -0.581740 0.261560 0.000000
ECO03226 0.235640 0.000000 0.425040
ECO08685 -0.385570 0.196170 0.000000
ECO04055 -0.156700 0.065390 0.130780
ECO00068 -0.450960 0.196170 0.000000
ECO02376 -0.287480 0.261560 0.130780
ECO02669 0.039470 0.065390 0.000000
ECO06620 0.006770 0.065390 0.163470
ECO02683 -0.516350 0.261560 0.000000
ECO02719 -0.189400 0.163480 0.130780
ECO08249 -0.124010 0.163480 0.000000
ECO01990 -0.450960 0.163480 0.098080
ECO05661 -0.385570 0.196170 0.000000
ECO08315 -0.450960 0.163480 0.130780
ECO03610 -0.058620 0.130780 0.000000
ECO04576 -0.450960 0.163480 0.130780
ECO02270 0.137550 0.032700 0.000000
ECO05797 -0.581740 0.228870 0.130780
ECO02504 -0.287480 0.163470 0.000000
ECO07869 0.006770 0.098090 0.130780
ECO05746 0.006770 0.098090 0.000000
ECO00220 -0.549040 0.196170 0.098090
ECO02624 -0.254790 0.130780 0.000000
ECO06954 0.039470 0.098080 0.294260
ECO02585 -0.058620 0.098090 0.000000
ECO12505 -0.222090 0.065390 0.098090
ECO08505 -0.156700 0.098080 0.000000
ECO08790 -0.516350 0.196170 0.098080
ECO02455 -0.156700 0.065390 0.000000
ECO02923 -0.156700 0.032690 0.065390
ECO03208 -0.025920 0.098080 0.000000
ECO05765 0.235640 0.000000 0.457730
ECO12654 -0.320180 0.196170 0.000000
ECO01987 -0.483650 0.228860 0.098090
ECO02387 -0.581740 0.294260 0.000000
ECO08299 -0.254790 0.130780 0.098080
ECO02476 -0.254790 0.196170 0.000000
ECO04298 -0.124010 0.130780 0.098080
ECO11260 -0.418260 0.228860 0.000000
ECO08843 0.137550 0.065390 0.294250
ECO00989 -0.418260 0.294250 0.000000
ECO09277 -0.352870 0.163470 0.098090
ECO09354 -0.254790 0.098090 0.000000
ECO05878 -0.124010 0.196170 0.163470
ECO06971 -0.222090 0.163470 0.000000
ECO05031 -0.058620 0.130780 0.228860
ECO06712 -0.385570 0.196170 0.000000
ECO12392 -0.320180 0.130780 0.098080
ECO03738 -0.549040 0.228860 0.000000
ECO04040 -0.025920 0.098080 0.130780
ECO03227 -0.124010 0.228870 0.000000
ECO07112 -0.156700 0.098080 0.196170
ECO06903 -0.418260 0.228860 0.000000
ECO06503 -0.581740 0.359650 0.065390
ECO03236 0.268330 0.000000 0.000000
ECO05040 0.301030 -0.032700 0.359650
ECO12333 -0.287480 0.196170 0.000000
ECO10022 -0.091310 0.261560 0.163480
ECO05410 -0.058620 0.098090 0.000000
ECO05099 -0.156700 0.098080 0.098090
ECO03806 0.268330 0.000000 0.000000
ECO10422 -0.418260 0.163470 0.130780
ECO10554 0.039470 0.098080 0.000000
ECO05006 -0.025920 0.065390 0.130780
ECO07805 -0.483650 0.228860 0.000000
ECO05440 -0.352870 0.196170 0.130780
ECO05308 -0.189400 0.130780 0.000000
ECO09554 -0.483650 0.228860 0.098090
ECO07775 -0.254790 0.163480 0.000000
ECO00794 -0.352870 0.196170 0.098090
ECO04806 -0.254790 0.196170 0.000000
ECO10324 0.202940 0.032700 0.261560
ECO08150 0.039470 0.098080 0.000000
ECO11319 -0.156700 0.130780 0.163480
ECO08243 -0.483650 0.326950 0.000000
ECO05533 -0.058620 0.098090 0.392340
ECO09184 0.006770 0.130780 0.000000
ECO04888 -0.124010 0.098090 0.065390
ECO05488 -0.483650 0.261560 0.000000
ECO11643 -0.124010 0.261560 0.130780
ECO06174 0.104860 0.065390 0.000000
ECO07009 0.039470 0.098080 0.294260
ECO09532 -0.320180 0.163480 0.000000
ECO11105 -0.647130 0.326950 0.065390
ECO09581 -0.156700 0.098080 0.000000
ECO08832 -0.156700 0.196170 0.130780
ECO05388 -0.287480 0.163470 0.000000
ECO11457 -0.352870 0.163470 0.130780
ECO08581 -0.254790 0.130780 0.000000
ECO11343 0.301030 inf 0.326950
ECO02430 -0.091310 0.098080 0.000000
ECO03016 -0.254790 0.163480 0.098080
ECO02130 0.039470 0.130780 0.000000
ECO03416 -0.058620 0.228870 0.163470
ECO04737 0.137550 0.065390 0.000000
ECO04602 -0.058620 0.098090 0.130780
ECO09618 -0.516350 0.196170 0.000000
ECO02179 -0.385570 0.196170 0.098080
ECO03494 0.104860 0.065390 0.000000
ECO06545 -0.647130 0.261560 0.098080
ECO09296 -0.352870 0.196170 0.000000
ECO09310 -0.124010 0.163480 0.130780
ECO03194 -0.385570 0.163480 0.000000
ECO00629 -0.483650 0.261560 0.130780
ECO12273 0.006770 0.098090 0.000000
ECO04373 -0.124010 0.163480 0.163470
ECO03873 0.006770 0.130780 0.000000
ECO02608 -0.222090 0.163470 0.130780
ECO03301 -0.025920 0.130780 0.000000
ECO09689 -0.156700 0.130780 0.163480
ECO03487 -0.091310 0.130780 0.000000
ECO05666 -0.418260 0.163470 0.130780
ECO08324 0.268330 0.000000 0.000000
ECO06538 -0.091310 0.098080 0.359650
ECO04766 -0.025920 0.065390 0.000000
ECO04773 -0.058620 0.065390 0.098080
ECO10396 -0.156700 0.098080 0.000000
ECO05452 -0.254790 0.196170 0.130780
ECO03187 -0.222090 0.163470 0.000000
ECO06652 -0.124010 0.196170 0.130780
ECO03594 0.202940 0.000000 0.000000
ECO04287 -0.156700 0.228860 0.163480
ECO02408 -0.156700 0.228860 0.000000
ECO02638 -0.222090 0.098080 0.130780
ECO06400 -0.025920 0.098080 0.000000
ECO06683 0.104860 0.065390 0.326950
ECO03375 0.137550 0.032700 0.000000
ECO00348 -0.516350 0.294260 0.098080
ECO12068 -0.091310 0.130780 0.000000
ECO07085 -0.418260 0.261560 0.098090
ECO08372 0.006770 0.065390 0.000000
ECO04711 -0.091310 0.163470 0.196170
ECO06298 0.072160 0.065390 0.000000
ECO03475 -0.254790 0.228870 0.098080
ECO01218 -0.025920 0.065390 0.000000
ECO05028 -0.058620 0.098090 0.130780
ECO04928 -0.712520 0.326950 0.000000
ECO02790 0.268330 -0.032690 0.490420
ECO04092 0.072160 0.098090 0.000000
ECO11668 0.202940 0.032700 0.326950
ECO09993 -0.450960 0.326950 0.000000
ECO05211 -0.320180 0.163480 0.130780
ECO03205 -0.025920 0.098080 0.000000
ECO04241 0.268330 inf 0.228860
ECO10542 -0.352870 0.196170 0.000000
ECO02701 -0.549040 0.228860 0.098090
ECO05459 -0.124010 0.065390 0.000000
ECO05659 -0.352870 0.130780 0.098090
ECO06798 -0.189400 0.130780 0.000000
ECO11680 0.235640 0.000000 0.326950
ECO12473 -0.614430 0.261560 0.000000
ECO03156 -0.156700 0.130780 0.163480
ECO09857 0.137550 0.065390 0.000000
ECO04562 0.006770 0.098090 0.130780
ECO12455 -0.385570 0.196170 0.000000
ECO01318 -0.320180 0.163480 0.098080
ECO03490 0.235640 0.032690 0.000000
ECO08121 -0.320180 0.163480 0.130780
ECO07600 -0.679820 0.359640 0.000000
ECO07736 -0.450960 0.228870 0.098080
ECO04926 -0.450960 0.294260 0.000000
ECO03741 -0.124010 0.130780 0.065390
ECO04430 -0.156700 0.098080 0.000000
ECO08474 0.137550 0.032700 0.359640
ECO05709 -0.156700 0.130780 0.000000
ECO03530 -0.025920 0.098080 0.130780
ECO06095 -0.156700 0.098080 0.000000
ECO04923 -0.156700 0.196170 0.130780
ECO11816 -0.254790 0.130780 0.000000
ECO04323 -0.156700 0.098080 0.196170
ECO12016 -0.320180 0.196170 0.000000
ECO04723 0.137550 0.065390 0.294250
ECO09167 -0.254790 0.294260 0.000000
ECO02658 -0.222090 0.098080 0.130780
ECO09646 0.072160 0.065390 0.000000
ECO06402 -0.516350 0.163480 0.130780
ECO09453 -0.516350 0.261560 0.000000
ECO10232 0.072160 0.065390 0.326950
ECO08760 -0.418260 0.228860 0.000000
ECO03630 -0.222090 0.228860 0.098090
ECO11133 -0.516350 0.228870 0.000000
ECO09053 -0.418260 0.261560 0.098090
ECO04916 0.006770 0.130780 0.000000
ECO05716 -0.124010 0.163480 0.228860
ECO07767 -0.483650 0.196170 0.000000
ECO05816 0.072160 0.065390 0.196170
ECO03737 -0.124010 0.261560 0.000000
ECO02165 -0.418260 0.163470 0.098090
ECO02644 -0.385570 0.228870 0.000000
ECO05402 -0.254790 0.163480 0.130780
ECO03138 -0.156700 0.032690 0.000000
ECO00917 -0.745210 0.261560 0.065390
ECO02155 -0.287480 0.163470 0.000000
ECO12503 -0.385570 0.163480 0.130780
ECO12520 -0.320180 0.163480 0.000000
ECO08303 -0.156700 0.163470 0.098090
ECO12303 -0.385570 0.196170 0.000000
ECO04800 -0.124010 0.065390 0.065390
ECO03221 -0.320180 0.228870 0.000000
ECO04071 -0.549040 0.294250 0.065390
ECO12032 -0.091310 0.228860 0.000000
ECO10641 0.202940 0.000000 0.392340
ECO04314 -0.058620 0.065390 0.000000
ECO09950 -0.581740 0.228870 0.098080
ECO08127 -0.287480 0.163470 0.000000
ECO06068 -0.189400 0.196170 0.163470
ECO05532 -0.156700 0.163470 0.000000
ECO05493 0.235640 0.032690 0.261560
ECO12089 0.006770 0.098090 0.000000
ECO06536 -0.287480 0.130780 0.130780
ECO06411 -0.156700 0.130780 0.000000
ECO05143 -0.025920 0.065390 0.065390
ECO11513 -0.483650 0.326950 0.000000
ECO06050 -0.352870 0.196170 0.098090
ECO03621 -0.287480 0.228860 0.000000
ECO08633 -0.156700 0.098080 0.130780
ECO04889 -0.091310 0.032690 0.000000
ECO11739 -0.222090 0.130780 0.130780
ECO04732 -0.189400 0.098090 0.000000
ECO07940 -0.287480 0.065390 0.065390
ECO03953 -0.091310 0.130780 0.000000
ECO06000 -0.189400 0.098090 0.130780
ECO10398 -0.287480 0.163470 0.000000
ECO05075 -0.189400 0.163480 0.163470
ECO09237 -0.516350 0.228870 0.000000
ECO09619 -0.647130 0.326950 0.098080
ECO06879 -0.320180 0.196170 0.000000
ECO10466 0.268330 0.000000 0.425030
ECO06604 -0.483650 0.196170 0.000000
ECO07765 -0.320180 0.163480 0.098080
ECO07872 -0.385570 0.228870 0.000000
ECO02199 -0.091310 0.196170 0.130780
ECO04264 -0.418260 0.261560 0.000000
ECO03396 -0.124010 0.163480 0.098080
ECO11288 0.137550 0.065390 0.000000
ECO05093 -0.156700 0.130780 0.130780
ECO02392 -0.124010 0.098090 0.000000
ECO02538 -0.483650 0.261560 0.098090
ECO00734 -0.385570 0.163480 0.000000
ECO02755 -0.189400 0.065390 0.098080
ECO08805 -0.156700 0.261560 0.000000
ECO12486 -0.287480 0.163470 0.130780
ECO04793 -0.450960 0.228870 0.000000
ECO09246 -0.418260 0.196170 0.130780
ECO06388 -0.450960 0.326950 0.000000
ECO08360 0.202940 0.032700 0.326950
ECO03730 -0.025920 0.098080 0.000000
ECO08374 -0.647130 0.261560 0.065390
ECO03937 -0.189400 0.196170 0.000000
ECO02451 -0.385570 0.196170 0.130780
ECO02944 0.104860 0.065390 0.000000
ECO08574 -0.156700 0.196170 0.098090
ECO06093 -0.549040 0.457730 0.000000
ECO07808 -0.385570 0.163480 0.098080
ECO08676 -0.418260 0.196170 0.000000
ECO02399 -0.091310 0.130780 0.130780
ECO11606 -0.124010 0.098090 0.000000
ECO11174 -0.320180 0.163480 0.130780
ECO04289 0.006770 0.065390 0.000000
ECO00545 -0.352870 0.163470 0.130780
ECO05918 -0.385570 0.130780 0.000000
ECO11067 -0.385570 0.163480 0.130780
ECO04757 0.268330 0.000000 0.000000
ECO04982 -0.516350 0.228870 0.098080
ECO08969 -0.254790 0.196170 0.000000
ECO12368 0.170250 0.065390 0.261560
ECO04064 -0.254790 0.228870 0.000000
ECO10080 -0.124010 0.098090 0.065390
ECO10480 -0.385570 0.228870 0.000000
ECO08101 0.137550 0.065390 0.294250
ECO05675 -0.549040 0.196170 0.000000
ECO11782 -0.287480 0.130780 0.098090
ECO05207 -0.156700 0.163470 0.000000
ECO05586 -0.320180 0.196170 0.130780
ECO07965 -0.483650 0.163470 0.000000
ECO05382 0.006770 0.098090 0.261560
ECO07254 0.039470 0.098080 0.000000
ECO04689 -0.287480 0.228860 0.130780
ECO02953 -0.025920 0.098080 0.000000
ECO06336 0.006770 0.163480 0.130780
ECO05118 -0.124010 0.196170 0.000000
ECO12025 -0.124010 0.196170 0.130780
ECO07147 -0.254790 0.228870 0.000000
ECO11313 -0.254790 0.261560 0.098080
ECO08326 -0.352870 0.196170 0.000000
ECO02242 -0.124010 0.163480 0.163470
ECO06961 -0.222090 0.163470 0.000000
ECO02710 -0.025920 0.098080 0.098090
ECO05800 -0.156700 0.163470 0.000000
ECO02574 -0.287480 0.228860 0.130780
ECO04366 -0.189400 0.130780 0.000000
ECO08317 -0.156700 0.065390 0.065390
ECO07331 -0.385570 0.163480 0.000000
ECO11169 -0.483650 0.228860 0.098090
ECO09603 -0.287480 0.130780 0.000000
ECO09110 -0.320180 0.228870 0.130780
ECO12373 -0.025920 0.098080 0.000000
ECO02885 -0.679820 0.294250 0.098090
ECO02124 -0.418260 0.196170 0.000000
ECO04804 0.235640 0.032690 0.196170
ECO08347 0.006770 0.098090 0.000000
ECO06757 -0.418260 0.163470 0.130780
ECO08598 0.006770 0.065390 0.000000
ECO03259 -0.124010 0.228870 0.130780
ECO06258 -0.254790 0.196170 0.000000
ECO06603 -0.483650 0.196170 0.098090
ECO09518 -0.124010 0.065390 0.000000
ECO01421 -0.287480 0.163470 0.098090
ECO07008 0.072160 0.065390 0.000000
ECO12629 -0.352870 0.130780 0.098090
ECO01259 -0.712520 0.261560 0.000000
ECO10569 0.006770 0.098090 0.261560
ECO08530 -0.320180 0.163480 0.000000
ECO03034 0.072160 0.065390 0.098080
ECO03204 -0.156700 0.065390 0.000000
ECO09547 -0.156700 0.130780 0.163480
ECO05889 -0.091310 0.098080 0.000000
ECO04854 0.072160 0.065390 0.261560
ECO12093 -0.581740 0.261560 0.000000
ECO09254 -0.516350 0.228870 0.098080
ECO08841 -0.287480 0.196170 0.000000
ECO03897 -0.483650 0.261560 0.098090
ECO04417 -0.124010 0.130780 0.000000
ECO04386 0.104860 0.098080 0.196170
ECO12347 -0.091310 0.130780 0.000000
ECO12360 0.039470 0.098080 0.261560
ECO07994 -0.222090 0.196170 0.000000
ECO10083 -0.124010 0.098090 0.065390
ECO06726 0.104860 0.032690 0.000000
ECO03936 0.235640 0.000000 0.457730
ECO03463 -0.156700 0.196170 0.000000
ECO05301 0.039470 0.065390 0.326950
ECO01460 -0.516350 0.196170 0.000000
ECO10734 -0.647130 0.294260 0.065390
ECO00242 -0.712520 0.261560 0.000000
ECO06540 -0.418260 0.326950 0.098090
ECO10501 -0.418260 0.196170 0.000000
ECO00409 -0.745210 0.261560 0.098090
ECO06590 -0.581740 0.196170 0.000000
ECO00723 -0.516350 0.196170 0.130780
ECO10970 -0.581740 0.196170 0.000000
ECO00927 -0.581740 0.228870 0.130780
ECO03429 0.006770 0.098090 0.000000
ECO08582 0.137550 0.032700 0.326950
ECO09748 0.006770 0.032700 0.000000
ECO02545 -0.091310 0.228860 0.130780
ECO09952 -0.418260 0.196170 0.000000
ECO06608 -0.287480 0.130780 0.098090
ECO02331 -0.679820 0.294250 0.000000
ECO02846 -0.320180 0.228870 0.130780
ECO06705 -0.222090 0.163470 0.000000
ECO11999 0.072160 0.065390 0.261560
ECO04404 0.006770 0.065390 0.000000
ECO04365 -0.156700 0.130780 0.032700
ECO08148 -0.385570 0.130780 0.000000
ECO08279 -0.156700 0.130780 0.163480
ECO03918 -0.058620 0.065390 0.000000
ECO03217 0.006770 0.065390 0.098080
ECO11965 0.039470 0.065390 0.000000
ECO03965 -0.058620 0.261560 0.130780
ECO08284 -0.385570 0.196170 0.000000
ECO08548 -0.222090 0.261560 0.098090
ECO11879 -0.222090 0.130780 0.000000
ECO12611 -0.483650 0.163470 0.098090
ECO03264 -0.581740 0.294260 0.000000
ECO02961 -0.254790 0.032700 0.065390
ECO04540 0.235640 0.032690 0.000000
ECO11756 -0.222090 0.196170 0.163480
ECO09309 -0.679820 0.294250 0.000000
ECO04663 0.268330 0.000000 0.359640
ECO06880 -0.156700 0.130780 0.000000
ECO07850 -0.483650 0.228860 0.098090
ECO09688 -0.320180 0.163480 0.000000
ECO05042 0.104860 0.032690 0.359650
ECO07416 -0.352870 0.163470 0.000000
ECO05199 -0.058620 0.098090 0.294250
ECO05408 -0.581740 0.261560 0.000000
ECO05442 -0.287480 0.196170 0.130780
ECO10957 -0.614430 0.228860 0.000000
ECO07280 -0.156700 0.098080 0.163480
ECO06778 -0.156700 0.130780 0.000000
ECO11321 -0.091310 0.130780 0.098090
ECO11287 -0.647130 0.261560 0.000000
ECO11025 -0.581740 0.196170 0.130780
ECO02268 -0.156700 0.196170 0.000000
ECO11250 -0.516350 0.392340 0.065390
ECO02859 -0.222090 0.228860 0.000000
ECO01332 0.104860 0.032690 0.392340
ECO11722 -0.516350 0.326950 0.000000
ECO08158 -0.516350 0.261560 0.098080
ECO05900 -0.385570 0.228870 0.000000
ECO09069 -0.287480 0.130780 0.098090
ECO09962 -0.352870 0.163470 0.000000
ECO09269 -0.287480 0.196170 0.098090
ECO09176 -0.287480 0.196170 0.000000
ECO03828 -0.156700 0.065390 0.098090
ECO02160 -0.418260 0.163470 0.000000
ECO03635 -0.189400 0.098090 0.163470
ECO06086 -0.156700 0.163470 0.000000
ECO03639 -0.091310 0.130780 0.098090
ECO11049 0.072160 0.065390 0.000000
ECO05100 0.039470 0.098080 0.294260
ECO07797 -0.287480 0.130780 0.000000
ECO08465 -0.516350 0.228870 0.098080
ECO04907 -0.156700 0.130780 0.000000
ECO12214 -0.614430 0.228860 0.098090
ECO10541 -0.385570 0.196170 0.000000
ECO09337 -0.614430 0.457730 0.065390
ECO04614 -0.124010 0.228870 0.000000
ECO08469 -0.156700 0.098080 0.163480
ECO07983 -0.287480 0.163470 0.000000
ECO07976 -0.450960 0.163480 0.130780
ECO05593 0.268330 0.000000 0.000000
ECO05218 -0.156700 0.130780 0.130780
ECO05014 -0.091310 0.098080 0.000000
ECO09455 -0.320180 0.261560 0.130780
ECO04839 0.170250 0.065390 0.000000
ECO08851 0.006770 0.163480 0.098080
ECO03614 0.202940 0.032700 0.000000
ECO04239 -0.058620 0.130780 0.228860
ECO06579 -0.156700 0.163470 0.000000
ECO05325 -0.287480 0.228860 0.130780
ECO03435 0.072160 0.130780 0.000000
ECO00470 -0.516350 0.196170 0.098080
ECO05232 0.235640 0.032690 0.000000
ECO05039 -0.156700 0.163470 0.163480
ECO11907 0.006770 0.098090 0.000000
ECO01674 -0.418260 0.098080 0.130780
ECO11320 -0.352870 0.228860 0.000000
ECO08376 -0.352870 0.163470 0.098090
ECO02342 -0.647130 0.261560 0.000000
ECO02635 0.006770 0.098090 0.261560
ECO02367 -0.156700 0.163470 0.000000
ECO04900 0.202940 0.032700 0.261560
ECO01928 -0.418260 0.196170 0.000000
ECO02378 -0.352870 0.196170 0.098090
ECO12679 -0.483650 0.228860 0.000000
ECO02464 -0.581740 0.261560 0.098080
ECO03379 0.072160 0.065390 0.000000
ECO08123 -0.418260 0.163470 0.098090
ECO08895 -0.222090 0.098080 0.000000
ECO04688 -0.320180 0.196170 0.098080
ECO07166 -0.614430 0.294250 0.000000
ECO03373 -0.222090 0.196170 0.163480
ECO04813 -0.058620 0.098090 0.000000
ECO07219 -0.124010 0.163480 0.196170
ECO05498 0.006770 0.130780 0.000000
ECO04126 -0.156700 0.163470 0.065390
ECO08821 -0.156700 0.228860 0.000000
ECO06264 0.006770 0.098090 0.196170
ECO09302 -0.189400 0.163480 0.000000
ECO09304 -0.745210 0.294250 0.098090
ECO12481 0.104860 0.098080 0.000000
ECO09997 -0.450960 0.196170 0.098080
ECO10318 0.006770 0.065390 0.000000
ECO03716 0.006770 0.098090 0.228860
ECO07460 -0.156700 0.163470 0.000000
ECO10653 -0.254790 0.228870 0.130780
ECO08495 -0.516350 0.261560 0.000000
ECO02144 0.235640 0.000000 0.457730
ECO07946 -0.025920 0.065390 0.000000
ECO03465 0.006770 0.098090 0.196170
ECO10467 -0.287480 0.163470 0.000000
ECO10874 -0.124010 0.130780 0.098080
ECO08223 -0.320180 0.163480 0.000000
ECO00237 -0.712520 0.261560 0.130780
ECO08902 -0.352870 0.163470 0.000000
ECO04288 -0.352870 0.163470 0.098090
ECO04279 -0.320180 0.163480 0.000000
ECO06351 -0.320180 0.196170 0.130780
ECO04281 -0.091310 0.163470 0.000000
ECO04179 -0.025920 0.065390 0.098090
ECO10674 -0.287480 0.196170 0.000000
ECO04581 0.235640 0.032690 0.261560
ECO05951 -0.287480 0.196170 0.000000
ECO07123 -0.352870 0.163470 0.098090
ECO05158 -0.254790 0.163480 0.000000
ECO11774 -0.189400 0.163480 0.163470
ECO03986 -0.156700 0.130780 0.000000
ECO06530 0.268330 0.000000 0.326950
ECO09697 -0.549040 0.261560 0.000000
ECO07830 -0.516350 0.163480 0.130780
ECO11772 -0.287480 0.163470 0.000000
ECO05458 0.235640 0.000000 0.457730
ECO10304 -0.483650 0.261560 0.000000
ECO06060 -0.614430 0.261560 0.098090
ECO10975 -0.450960 0.228870 0.000000
ECO00614 -0.418260 0.163470 0.130780
ECO10767 -0.418260 0.196170 0.000000
ECO05360 0.006770 0.065390 0.294250
ECO07223 -0.156700 0.130780 0.000000
ECO08323 -0.483650 0.228860 0.098090
ECO12374 0.006770 0.130780 0.000000
ECO05660 -0.156700 0.130780 0.196170
ECO05758 -0.124010 0.163480 0.000000
ECO03279 0.235640 0.000000 0.326950
ECO03479 0.235640 -0.032700 0.000000
ECO02686 -0.450960 0.163480 0.098080
ECO08225 -0.222090 0.294250 0.000000
ECO05860 -0.647130 0.261560 0.098080
ECO02967 0.268330 0.000000 0.000000
ECO12525 0.202940 0.000000 0.359640
ECO12446 -0.091310 0.261560 0.000000
ECO11158 0.104860 0.065390 0.163480
ECO06720 -0.418260 0.163470 0.000000
ECO11748 -0.124010 0.130780 0.163470
ECO00854 -0.614430 0.261560 0.000000
ECO05047 0.202940 0.032700 0.294250
ECO09657 0.039470 0.065390 0.000000
ECO02726 -0.549040 0.228860 0.098090
ECO05298 -0.254790 0.163480 0.000000
ECO08885 -0.287480 0.163470 0.098090
ECO11798 -0.156700 0.130780 0.000000
ECO06420 -0.352870 0.196170 0.130780
ECO04362 -0.189400 0.163480 0.000000
ECO08592 -0.385570 0.163480 0.098080
ECO11855 -0.352870 0.163470 0.000000
ECO05191 0.039470 0.065390 0.326950
ECO00054 -0.647130 0.294260 0.000000
ECO06470 -0.156700 0.130780 0.163480
ECO03955 0.301030 -0.032700 0.000000
ECO09764 -0.156700 0.098080 0.130780
ECO09678 -0.222090 0.098080 0.000000
ECO04755 -0.025920 0.032690 0.065390
ECO04598 0.235640 0.000000 0.000000
ECO00861 0.006770 0.130780 0.196170
ECO03126 0.268330 -0.032690 0.000000
ECO06613 -0.516350 0.163480 0.130780
ECO11447 -0.287480 0.228860 0.000000
ECO05134 0.039470 0.065390 0.261560
ECO05884 -0.320180 0.196170 0.000000
ECO00990 -0.581740 0.196170 0.130780
ECO09685 -0.320180 0.228870 0.000000
ECO08192 -0.287480 0.130780 0.130780
ECO05327 -0.156700 0.065390 0.000000
ECO05920 -0.124010 0.098090 0.065390
ECO00004 -0.549040 0.196170 0.000000
ECO07806 -0.418260 0.163470 0.130780
ECO06070 -0.320180 0.196170 0.000000
ECO10564 -0.189400 0.163480 0.196170
ECO00061 -0.222090 0.098080 0.000000
ECO11561 -0.450960 0.359650 0.065390
ECO06956 -0.614430 0.326950 0.000000
ECO03769 0.006770 0.098090 0.294250
ECO11709 -0.156700 0.098080 0.000000
ECO12444 -0.745210 0.294250 0.098090
ECO03905 -0.254790 0.196170 0.000000
ECO08728 -0.287480 0.130780 0.098090
ECO02326 -0.549040 0.261560 0.000000
ECO01690 -0.712520 0.294260 0.098080
ECO02833 -0.516350 0.196170 0.000000
ECO09228 0.104860 0.065390 0.326950
ECO05970 -0.156700 0.130780 0.000000
ECO06077 -0.156700 0.163470 0.065390
ECO03212 -0.156700 0.196170 0.000000
ECO10614 -0.058620 0.130780 0.163470
ECO06763 0.137550 0.032700 0.000000
ECO05438 0.202940 0.032700 0.261560
ECO02269 -0.091310 0.163470 0.000000
ECO06364 -0.287480 0.163470 0.098090
ECO11770 -0.091310 0.163470 0.000000
ECO03917 -0.025920 0.065390 0.065390
ECO11661 -0.124010 0.294260 0.000000
ECO00424 -0.712520 0.294260 0.098080
ECO09333 -0.156700 0.065390 0.000000
ECO08452 -0.418260 0.196170 0.098090
ECO00117 -0.287480 0.261560 0.000000
ECO08375 0.006770 0.065390 0.326950
ECO11018 -0.450960 0.196170 0.000000
ECO12533 -0.352870 0.163470 0.098090
ECO00457 -0.549040 0.196170 0.000000
ECO11353 -0.124010 0.130780 0.228860
ECO02359 -0.450960 0.294260 0.000000
ECO02457 -0.287480 0.130780 0.130780
ECO02466 -0.156700 0.098080 0.000000
ECO09052 -0.483650 0.196170 0.098090
ECO05678 -0.189400 0.098090 0.000000
ECO03159 -0.156700 0.065390 0.065390
ECO04206 -0.156700 0.228860 0.000000
ECO12524 -0.516350 0.196170 0.098080
ECO04738 -0.124010 0.294260 0.000000
ECO00194 -0.745210 0.326950 0.098090
ECO04508 0.137550 0.065390 0.000000
ECO05592 -0.156700 0.196170 0.098090
ECO03747 -0.091310 0.065390 0.000000
ECO10565 -0.156700 0.130780 0.098090
ECO07796 -0.287480 0.196170 0.000000
ECO04387 0.039470 0.098080 0.261560
ECO03318 0.006770 0.130780 0.000000
ECO06955 -0.025920 0.098080 0.163480
ECO08191 0.006770 0.098090 0.000000
ECO09234 -0.418260 0.294250 0.098090
ECO10519 -0.091310 0.163470 0.000000
ECO04150 -0.025920 0.130780 0.098090
ECO05657 0.039470 0.065390 0.000000
ECO11607 -0.091310 0.130780 0.098090
ECO06238 -0.287480 0.196170 0.000000
ECO04983 -0.091310 0.098080 0.065390
ECO05020 -0.058620 0.130780 0.000000
ECO03197 -0.058620 0.130780 0.130780
ECO06256 0.072160 0.065390 0.000000
ECO12162 -0.516350 0.228870 0.098080
ECO06892 -0.450960 0.228870 0.000000
ECO09093 -0.287480 0.196170 0.098090
ECO06827 -0.254790 0.098090 0.000000
ECO10136 -0.385570 0.130780 0.130780
ECO07108 0.202940 0.000000 0.000000
ECO06591 -0.091310 0.098080 0.359650
ECO09336 -0.156700 0.196170 0.000000
ECO06710 -0.450960 0.326950 0.098080
ECO00957 -0.516350 0.163480 0.000000
ECO06124 -0.156700 0.032690 0.032700
ECO08047 0.006770 0.065390 0.000000
ECO10719 -0.647130 0.261560 0.098080
ECO10035 -0.156700 0.098080 0.000000
ECO03048 -0.156700 0.098080 0.098090
ECO02384 -0.156700 0.228860 0.000000
ECO05103 -0.450960 0.261560 0.098080
ECO05389 -0.320180 0.261560 0.000000
ECO10787 0.006770 0.098090 0.130780
ECO09366 -0.287480 0.130780 0.000000
ECO09315 -0.156700 0.196170 0.130780
ECO09784 -0.483650 0.261560 0.000000
ECO00389 -0.581740 0.261560 0.098080
ECO05355 -0.549040 0.294250 0.000000
ECO12507 -0.418260 0.130780 0.130780
ECO11249 -0.189400 0.163480 0.000000
ECO06819 0.235640 0.000000 0.425040
ECO03320 0.006770 0.163480 0.000000
ECO00912 -0.581740 0.261560 0.098080
ECO07755 -0.385570 0.163480 0.000000
ECO09733 -0.712520 0.261560 0.098080
ECO07912 -0.222090 0.163470 0.000000
ECO08447 0.137550 0.065390 0.294250
ECO02964 -0.124010 0.326950 0.000000
ECO05956 -0.156700 0.163470 0.130780
ECO06026 -0.025920 0.098080 0.000000
ECO05292 -0.418260 0.163470 0.098090
ECO01712 -0.385570 0.196170 0.000000
ECO09099 -0.418260 0.196170 0.098090
ECO06241 -0.418260 0.163470 0.000000
ECO03033 0.072160 0.065390 0.098080
ECO08431 -0.483650 0.196170 0.000000
ECO08996 -0.450960 0.163480 0.130780
ECO02711 -0.254790 0.163480 0.000000
ECO02675 -0.189400 0.098090 0.163470
ECO02418 -0.516350 0.228870 0.000000
ECO10536 -0.418260 0.163470 0.098090
ECO10871 -0.320180 0.196170 0.000000
ECO00139 -0.614430 0.261560 0.098090
ECO08345 -0.320180 0.228870 0.000000
ECO11323 -0.254790 0.196170 0.130780
ECO06991 -0.091310 0.228860 0.000000
ECO08414 -0.614430 0.261560 0.098090
ECO02018 -0.516350 0.196170 0.000000
ECO08745 -0.549040 0.196170 0.130780
ECO04687 0.006770 0.098090 0.000000
ECO05773 -0.025920 0.098080 0.130780
ECO02629 -0.058620 0.098090 0.000000
ECO12583 -0.222090 0.196170 0.130780
ECO09493 -0.614430 0.326950 0.000000
ECO06962 0.072160 0.065390 0.294250
ECO04084 0.202940 0.032700 0.000000
ECO02212 0.072160 0.065390 0.261560
ECO02847 -0.254790 0.163480 0.000000
ECO10068 -0.124010 0.098090 0.065390
ECO06724 -0.091310 0.098080 0.000000
ECO04384 0.006770 0.098090 0.261560
ECO08013 -0.124010 0.228870 0.000000
ECO10236 -0.025920 0.098080 0.065390
ECO06575 -0.254790 0.163480 0.000000
ECO08329 -0.254790 0.196170 0.130780
ECO01643 -0.287480 0.163470 0.000000
ECO03015 -0.124010 0.130780 0.163470
ECO12480 -0.287480 0.228860 0.000000
ECO03705 -0.025920 0.098080 0.163480
ECO13577 -0.025920 0.098080 0.000000
ECO08256 -0.516350 0.228870 0.098080
ECO03176 -0.091310 0.294250 0.000000
ECO03362 0.202940 0.032700 0.294250
ECO03631 0.039470 0.098080 0.000000
ECO04836 -0.124010 0.196170 0.130780
ECO04436 -0.124010 0.163480 0.000000
ECO09817 -0.614430 0.261560 0.098090
ECO09782 -0.287480 0.163470 0.000000
ECO06624 -0.254790 0.261560 0.130780
ECO10303 -0.156700 0.196170 0.000000
ECO07710 -0.352870 0.261560 0.130780
ECO06373 -0.385570 0.130780 0.000000
ECO00357 -0.385570 0.228870 0.098080
ECO06122 -0.254790 0.130780 0.000000
ECO12046 -0.254790 0.228870 0.130780
ECO05003 -0.025920 0.098080 0.000000
ECO08266 -0.189400 0.065390 0.098080
ECO00871 -0.549040 0.196170 0.000000
ECO11808 -0.516350 0.228870 0.098080
ECO04715 -0.189400 0.098090 0.000000
ECO08761 -0.516350 0.228870 0.098080
ECO09961 -0.385570 0.130780 0.000000
ECO04145 -0.156700 0.032690 0.032700
ECO08089 -0.483650 0.228860 0.000000
ECO11738 -0.189400 0.228870 0.130780
ECO12015 -0.287480 0.163470 0.000000
ECO10538 -0.287480 0.130780 0.098090
ECO04522 -0.222090 0.196170 0.000000
ECO04922 -0.124010 0.065390 0.032690
ECO07959 -0.156700 0.163470 0.000000
ECO09438 -0.287480 0.196170 0.130780
ECO10731 -0.385570 0.163480 0.000000
ECO05494 0.202940 0.032700 0.425030
ECO10138 -0.483650 0.196170 0.000000
ECO05217 0.104860 0.065390 0.294260
ECO04315 0.104860 0.098080 0.000000
ECO00873 -0.647130 0.261560 0.098080
ECO09361 0.137550 0.032700 0.000000
ECO00001 0.072160 0.098090 0.228860
ECO09931 -0.450960 0.163480 0.000000
ECO09761 -0.091310 0.163470 0.163480
ECO12317 -0.124010 0.130780 0.000000
ECO12508 -0.287480 0.163470 0.098090
ECO02452 -0.025920 0.196170 0.000000
ECO04245 0.006770 0.163480 0.196170
ECO12417 -0.058620 0.163480 0.000000
ECO02950 -0.156700 0.228860 0.130780
ECO05224 0.104860 0.065390 0.000000
ECO03045 0.039470 0.065390 0.326950
ECO03052 -0.156700 0.196170 0.000000
ECO08568 -0.156700 0.098080 0.130780
ECO08272 0.137550 0.065390 0.000000
ECO02005 -0.712520 0.294260 0.065390
ECO12285 -0.058620 0.098090 0.000000
ECO10142 0.137550 0.065390 0.261560
ECO02905 -0.124010 0.065390 0.000000
ECO02139 -0.418260 0.163470 0.130780
ECO04616 0.202940 0.000000 0.000000
ECO08367 -0.156700 0.196170 0.130780
ECO07967 -0.222090 0.228860 0.000000
ECO09360 0.137550 0.065390 0.261560
ECO09739 -0.124010 0.228870 0.000000
ECO03137 -0.025920 0.065390 0.130780
ECO02458 -0.156700 0.163470 0.000000
ECO02744 -0.385570 0.163480 0.098080
ECO06895 0.104860 0.065390 0.000000
ECO08467 0.006770 0.065390 0.294250
ECO08074 -0.418260 0.163470 0.000000
ECO08260 -0.418260 0.196170 0.098090
ECO12609 -0.124010 0.163480 0.000000
ECO11233 -0.516350 0.196170 0.098080
ECO12516 -0.320180 0.228870 0.000000
ECO02365 -0.287480 0.163470 0.130780
ECO12523 -0.712520 0.326950 0.000000
ECO12623 -0.320180 0.163480 0.098080
ECO12602 -0.156700 0.196170 0.000000
ECO03537 -0.058620 0.065390 0.065390
ECO03430 0.235640 0.032690 0.000000
ECO06881 0.006770 0.098090 0.163470
ECO05316 0.137550 0.065390 0.000000
ECO12249 -0.287480 0.130780 0.130780
ECO00805 -0.124010 0.261560 0.000000
ECO11639 -0.581740 0.294260 0.065390
ECO04290 -0.124010 0.065390 0.000000
ECO11883 -0.254790 0.163480 0.130780
ECO12006 -0.450960 0.163480 0.000000
ECO04011 0.006770 0.130780 0.130780
ECO10529 0.006770 0.065390 0.000000
ECO03054 -0.156700 0.032690 0.065390
ECO09870 -0.091310 0.098080 0.000000
ECO01312 -0.614430 0.294250 0.098090
ECO04756 -0.189400 0.130780 0.000000
ECO12548 -0.254790 0.163480 0.130780
ECO09978 0.202940 0.032700 0.000000
ECO03112 0.006770 0.098090 0.359640
ECO02226 -0.222090 0.163470 0.000000
ECO02469 -0.156700 0.228860 0.130780
ECO02383 -0.385570 0.196170 0.000000
ECO03679 -0.156700 0.065390 0.032700
ECO12551 -0.124010 0.130780 0.000000
ECO12081 -0.091310 0.098080 0.098090
ECO01707 -0.614430 0.228860 0.000000
ECO02207 -0.287480 0.196170 0.130780
ECO04858 0.301030 inf 0.000000
ECO08325 -0.156700 0.228860 0.130780
ECO08132 -0.156700 0.196170 0.000000
ECO00920 -0.679820 0.261560 0.098090
ECO08683 -0.418260 0.196170 0.000000
ECO08390 -0.156700 0.228860 0.130780
ECO00881 0.301030 inf 0.000000
ECO11495 0.202940 0.032700 0.294250
ECO06986 -0.124010 0.163480 0.000000
ECO11807 -0.254790 0.163480 0.130780
ECO03203 -0.581740 0.228870 0.000000
ECO02335 -0.287480 0.228860 0.130780
ECO12675 -0.320180 0.130780 0.000000
ECO00970 -0.385570 0.163480 0.098080
ECO00677 -0.581740 0.261560 0.000000
ECO01867 -0.516350 0.196170 0.130780
ECO12557 -0.320180 0.163480 0.000000
ECO05893 -0.287480 0.130780 0.130780
ECO12568 -0.418260 0.196170 0.000000
ECO03728 -0.156700 0.228860 0.130780
ECO06654 -0.385570 0.163480 0.000000
ECO12518 -0.516350 0.163480 0.130780
ECO09687 -0.483650 0.196170 0.000000
ECO04848 0.170250 0.065390 0.261560
ECO12334 -0.222090 0.163470 0.000000
ECO02433 -0.385570 0.163480 0.130780
ECO03319 -0.058620 0.130780 0.000000
ECO10976 -0.058620 0.098090 0.261560
ECO11479 -0.287480 0.261560 0.000000
ECO08617 -0.385570 0.196170 0.098080
ECO09803 0.235640 0.000000 0.000000
ECO08424 -0.254790 0.163480 0.130780
ECO10675 0.072160 0.032700 0.000000
ECO08024 -0.222090 0.228860 0.130780
ECO04073 -0.189400 0.261560 0.000000
ECO04966 -0.156700 0.163470 0.130780
ECO05759 -0.025920 0.098080 0.000000
ECO02801 -0.385570 0.163480 0.098080
ECO08410 -0.091310 0.130780 0.000000
ECO09217 -0.156700 0.196170 0.130780
ECO02394 -0.320180 0.130780 0.000000
ECO02355 -0.124010 0.163480 0.163470
ECO02287 -0.287480 0.163470 0.000000
ECO02138 0.137550 0.065390 0.326950
ECO09575 -0.287480 0.163470 0.000000
ECO02840 -0.549040 0.228860 0.098090
ECO02406 -0.156700 0.130780 0.000000
ECO01938 -0.549040 0.228860 0.130780
ECO05417 -0.581740 0.294260 0.000000
ECO02843 -0.156700 0.163470 0.163480
ECO12510 -0.483650 0.196170 0.000000
ECO08168 -0.091310 0.098080 0.098090
ECO00980 -0.320180 0.163480 0.000000
ECO03545 -0.124010 0.196170 0.130780
ECO07189 -0.222090 0.163470 0.000000
ECO02745 -0.156700 0.163470 0.130780
ECO02459 0.006770 0.098090 0.000000
ECO11897 0.104860 0.065390 0.261560
ECO12467 0.104860 0.032690 0.000000
ECO02391 -0.156700 0.130780 0.098090
ECO05769 -0.385570 0.163480 0.000000
ECO03361 -0.450960 0.261560 0.098080
ECO06012 0.072160 0.098090 0.000000
ECO00655 -0.712520 0.261560 0.098080
ECO05910 -0.025920 0.098080 0.000000
ECO12535 -0.287480 0.163470 0.130780
ECO03102 -0.025920 0.098080 0.000000
ECO09050 0.301030 inf 0.326950
ECO12292 -0.450960 0.228870 0.000000
ECO06846 0.202940 0.000000 0.425030
ECO02409 -0.287480 0.261560 0.000000
ECO09495 0.235640 0.000000 0.392340
ECO03179 -0.156700 0.065390 0.000000
ECO04981 -0.156700 0.130780 0.130780
ECO08401 -0.156700 0.196170 0.000000
ECO04964 0.235640 0.032690 0.228870
ECO12668 -0.189400 0.196170 0.000000
ECO00420 -0.418260 0.163470 0.130780
ECO05818 -0.156700 0.065390 0.000000
ECO02167 -0.483650 0.228860 0.098090
ECO12475 -0.222090 0.098080 0.000000
ECO12300 -0.418260 0.130780 0.130780
ECO05468 0.202940 0.000000 0.000000
ECO11714 -0.287480 0.163470 0.098090
ECO02135 -0.483650 0.228860 0.000000
ECO03353 0.268330 0.000000 0.359640
ECO02485 -0.124010 0.294260 0.000000
ECO12632 -0.156700 0.163470 0.163480
ECO12582 -0.320180 0.163480 0.000000
ECO04621 -0.124010 0.163480 0.130780
ECO02467 -0.549040 0.228860 0.000000
ECO12651 -0.287480 0.196170 0.130780
ECO05762 -0.156700 0.130780 0.000000
ECO06695 -0.124010 0.196170 0.130780
ECO09394 0.006770 0.163480 0.000000
ECO04021 0.137550 0.098090 0.261560
ECO11563 -0.287480 0.228860 0.000000
ECO09725 -0.450960 0.196170 0.098080
ECO05481 -0.516350 0.294260 0.000000
ECO06762 -0.450960 0.228870 0.098080
ECO09929 -0.287480 0.196170 0.000000
ECO04713 -0.091310 0.228860 0.163480
ECO04990 0.039470 0.065390 0.000000
ECO04784 -0.156700 0.130780 0.163480
ECO08813 -0.352870 0.196170 0.000000
ECO06706 0.039470 0.065390 0.294260
ECO12063 0.039470 0.098080 0.000000
ECO06392 -0.025920 0.098080 0.294260
ECO01861 -0.549040 0.261560 0.000000
ECO09064 -0.254790 0.163480 0.130780
ECO03347 -0.025920 0.098080 0.000000
ECO12513 -0.156700 0.130780 0.163480
ECO08863 -0.352870 0.098080 0.000000
ECO10586 0.202940 0.032700 0.326950
ECO09250 -0.025920 0.163470 0.000000
ECO05420 -0.320180 0.196170 0.130780
ECO11812 0.104860 0.098080 0.000000
ECO10500 0.268330 0.000000 0.326950
ECO02662 -0.058620 0.065390 0.000000
ECO03969 0.006770 0.098090 0.098080
ECO04484 0.137550 0.065390 0.000000
ECO11762 0.006770 0.065390 0.326950
ECO08963 -0.320180 0.130780 0.000000
ECO11776 -0.156700 0.098080 0.163480
ECO10400 -0.483650 0.228860 0.000000
ECO10550 0.170250 0.032690 0.326950
ECO02398 -0.385570 0.196170 0.000000
ECO02698 -0.156700 0.163470 0.163480
ECO04133 0.235640 0.000000 0.000000
ECO07977 -0.777910 0.326950 0.065390
ECO08264 -0.483650 0.196170 0.000000
ECO00526 -0.581740 0.326950 0.098080
ECO05755 -0.156700 0.196170 0.000000
ECO12612 -0.320180 0.163480 0.130780
ECO05506 0.072160 0.065390 0.000000
ECO05470 0.202940 0.065390 0.196170
ECO02514 -0.450960 0.326950 0.000000
ECO10015 0.104860 0.032690 0.261560
ECO02328 -0.156700 0.098080 0.000000
ECO12561 -0.450960 0.261560 0.098080
ECO11491 0.235640 0.032690 0.000000
ECO00776 -0.549040 0.196170 0.130780
ECO10435 0.006770 0.065390 0.000000
ECO05605 -0.156700 0.130780 0.130780
ECO03098 -0.156700 0.130780 0.000000
ECO02361 -0.647130 0.294260 0.098080
ECO02348 -0.483650 0.294250 0.000000
ECO09976 -0.156700 0.130780 0.130780
ECO07802 -0.156700 0.065390 0.000000
ECO05879 -0.091310 0.098080 0.163480
ECO11753 -0.287480 0.196170 0.000000
ECO04349 0.137550 0.065390 0.326950
ECO11599 -0.450960 0.196170 0.000000
ECO08623 -0.385570 0.196170 0.130780
ECO11247 -0.156700 0.130780 0.000000
ECO11751 -0.287480 0.163470 0.130780
ECO08653 -0.287480 0.163470 0.000000
ECO05385 -0.025920 0.130780 0.130780
ECO00069 -0.516350 0.196170 0.000000
ECO05426 0.006770 0.065390 0.228860
ECO08357 0.104860 0.065390 0.000000
ECO03847 0.006770 0.130780 0.130780
ECO03809 0.301030 inf 0.000000
ECO04309 -0.058620 0.098090 0.098080
ECO00210 -0.320180 0.130780 0.000000
ECO02718 0.006770 0.098090 0.098080
ECO03518 0.202940 0.000000 0.000000
ECO03118 -0.156700 0.196170 0.130780
ECO11552 -0.156700 0.065390 0.000000
ECO05681 -0.287480 0.228860 0.163480
ECO10576 0.137550 0.065390 0.000000
ECO05381 -0.516350 0.228870 0.098080
ECO12402 -0.320180 0.065390 0.000000
ECO06964 -0.058620 0.163480 0.228860
ECO09963 -0.679820 0.261560 0.000000
ECO08493 -0.156700 0.163470 0.098090
ECO05785 -0.549040 0.261560 0.000000
ECO04930 -0.352870 0.163470 0.098090
ECO03258 0.006770 0.098090 0.000000
ECO04560 -0.189400 0.032700 0.065390
ECO05819 -0.287480 0.228860 0.000000
ECO06062 -0.679820 0.294250 0.098090
ECO03987 -0.058620 0.098090 0.000000
ECO02887 0.072160 0.065390 0.294250
ECO11196 -0.679820 0.294250 0.000000
ECO06902 -0.156700 0.130780 0.163480
ECO05826 0.235640 0.032690 0.000000
ECO08198 -0.058620 0.130780 0.130780
ECO06728 -0.418260 0.228860 0.000000
ECO02318 0.137550 0.065390 0.163470
ECO10606 -0.124010 0.294260 0.000000
ECO05832 0.006770 0.098090 0.196170
ECO05926 -0.189400 0.196170 0.000000
ECO01439 -0.614430 0.261560 0.098090
ECO08064 -0.483650 0.196170 0.000000
ECO04556 0.104860 0.065390 0.326950
ECO11450 -0.025920 0.098080 0.000000
ECO03058 -0.124010 0.130780 0.065390
ECO10506 0.006770 0.196170 0.000000
ECO11648 -0.156700 0.196170 0.163480
ECO06519 -0.549040 0.326950 0.000000
ECO02182 -0.091310 0.098080 0.359650
ECO06085 -0.385570 0.098090 0.000000
ECO09776 -0.516350 0.261560 0.098080
ECO11902 -0.156700 0.065390 0.000000
ECO04409 -0.156700 0.163470 0.098090
ECO06462 0.039470 0.065390 0.000000
ECO06221 -0.156700 0.196170 0.130780
ECO09876 -0.058620 0.098090 0.000000
ECO05060 -0.320180 0.163480 0.098080
ECO05530 -0.222090 0.196170 0.000000
ECO05526 -0.549040 0.359640 0.065390
ECO04460 0.039470 0.098080 0.000000
ECO05579 -0.091310 0.294250 0.130780
ECO08491 -0.189400 0.065390 0.000000
ECO02375 0.268330 0.000000 0.392340
ECO06651 -0.385570 0.196170 0.000000
ECO06281 -0.418260 0.261560 0.098090
ECO08102 -0.091310 0.196170 0.000000
ECO07162 -0.483650 0.359640 0.065390
ECO03309 -0.025920 0.098080 0.000000
ECO02237 -0.516350 0.196170 0.098080
ECO04749 -0.483650 0.261560 0.000000
ECO02341 -0.091310 0.098080 0.065390
ECO02650 -0.581740 0.228870 0.000000
ECO06494 -0.025920 0.098080 0.228870
ECO12615 0.006770 0.065390 0.000000
ECO02352 -0.483650 0.261560 0.098090
ECO05015 -0.025920 0.065390 0.000000
ECO02653 -0.287480 0.163470 0.130780
ECO07865 -0.352870 0.163470 0.000000
ECO06619 -0.025920 0.098080 0.228870
ECO09236 -0.516350 0.294260 0.000000
ECO03418 0.006770 0.130780 0.130780
ECO09672 -0.156700 0.130780 0.000000
ECO05290 -0.156700 0.098080 0.196170
ECO00639 -0.614430 0.261560 0.000000
ECO02984 -0.156700 0.098080 0.163480
ECO02684 -0.385570 0.163480 0.000000
ECO07855 0.072160 0.032700 0.425030
ECO06862 -0.385570 0.196170 0.000000
ECO12540 0.268330 0.000000 0.392340
ECO06585 0.072160 0.065390 0.000000
ECO01641 -0.385570 0.163480 0.130780
ECO03654 -0.156700 0.163470 0.000000
ECO05419 -0.091310 0.130780 0.261560
ECO05392 0.072160 0.130780 0.000000
ECO08091 -0.156700 0.098080 0.032700
ECO05283 -0.156700 0.130780 0.000000
ECO08057 0.006770 0.098090 0.261560
ECO10366 -0.058620 0.196170 0.000000
ECO03882 -0.287480 0.196170 0.130780
ECO01913 -0.516350 0.196170 0.000000
ECO03282 0.235640 0.032690 0.228870
ECO09447 -0.287480 0.228860 0.000000
ECO03985 -0.058620 0.098090 0.261560
ECO03950 -0.025920 0.065390 0.000000
ECO08715 -0.189400 0.196170 0.163470
ECO03682 -0.091310 0.196170 0.000000
ECO06240 0.006770 0.098090 0.163470
ECO02035 -0.516350 0.196170 0.000000
ECO07202 -0.516350 0.196170 0.130780
ECO11792 -0.156700 0.261560 0.000000
ECO11702 -0.025920 0.098080 0.326950
ECO04109 -0.124010 0.098090 0.000000
ECO08004 -0.385570 0.228870 0.098080
ECO04568 -0.287480 0.163470 0.000000
ECO11996 -0.418260 0.228860 0.130780
ECO04317 0.235640 0.000000 0.000000
ECO08698 -0.287480 0.163470 0.130780
ECO07094 -0.091310 0.098080 0.000000
ECO03096 -0.025920 0.098080 0.196170
ECO10401 -0.025920 0.098080 0.000000
ECO03960 0.072160 0.032700 0.425030
ECO12353 -0.156700 0.163470 0.000000
ECO12653 -0.222090 0.196170 0.163480
ECO12372 0.137550 0.065390 0.000000
ECO10395 0.235640 0.032690 0.359650
ECO08912 -0.091310 0.196170 0.000000
ECO00824 -0.647130 0.261560 0.098080
ECO04985 -0.156700 0.098080 0.000000
ECO11929 -0.320180 0.196170 0.098080
ECO10452 0.235640 0.032690 0.000000
ECO06626 -0.385570 0.196170 0.098080
ECO05503 0.039470 0.098080 0.000000
ECO08904 -0.647130 0.294260 0.065390
ECO05430 -0.352870 0.228860 0.000000
ECO07751 -0.516350 0.196170 0.098080
ECO08261 -0.352870 0.163470 0.000000
ECO09898 -0.385570 0.228870 0.098080
ECO11591 -0.025920 0.098080 0.000000
ECO05754 0.039470 0.130780 0.163480
ECO05554 0.268330 0.000000 0.000000
ECO04768 0.104860 0.065390 0.326950
ECO10001 -0.156700 0.163470 0.000000
ECO09298 -0.483650 0.196170 0.098090
ECO01713 -0.320180 0.228870 0.000000
ECO08312 -0.287480 0.196170 0.098090
ECO04971 -0.025920 0.130780 0.000000
ECO07729 -0.189400 0.130780 0.163470
ECO02631 0.039470 0.065390 0.000000
ECO07712 -0.254790 0.196170 0.130780
ECO05189 -0.352870 0.196170 0.000000
ECO02882 -0.222090 0.130780 0.163480
ECO07175 -0.287480 0.130780 0.000000
ECO08909 -0.614430 0.294250 0.098090
ECO05492 -0.614430 0.261560 0.000000
ECO12206 -0.418260 0.163470 0.130780
ECO09027 -0.385570 0.163480 0.000000
ECO09134 -0.549040 0.196170 0.098090
ECO09427 -0.352870 0.163470 0.000000
ECO05892 -0.156700 0.098080 0.065390
ECO02977 0.039470 0.098080 0.000000
ECO07007 -0.091310 0.130780 0.261560
ECO01242 -0.712520 0.294260 0.000000
ECO03681 0.072160 0.098090 0.196170
ECO04118 0.006770 0.065390 0.000000
ECO12011 -0.287480 0.163470 0.098090
ECO06743 -0.156700 0.098080 0.000000
ECO12212 -0.614430 0.294250 0.098090
ECO11626 0.170250 0.032690 0.000000
ECO07091 0.235640 0.000000 0.392340
ECO02162 -0.254790 0.163480 0.000000
ECO07878 -0.418260 0.196170 0.130780
ECO11375 -0.418260 0.196170 0.000000
ECO04019 -0.156700 0.130780 0.065390
ECO06272 -0.124010 0.196170 0.000000
ECO03399 -0.025920 0.130780 0.098090
ECO04068 0.006770 0.130780 0.000000
ECO06225 -0.483650 0.228860 0.098090
ECO03307 -0.254790 0.196170 0.000000
ECO07553 -0.124010 0.130780 0.196170
ECO05130 -0.189400 0.196170 0.000000
ECO06551 -0.483650 0.261560 0.098090
ECO10025 -0.320180 0.228870 0.000000
ECO02788 -0.483650 0.228860 0.098090
ECO03188 0.006770 0.065390 0.000000
ECO02707 0.072160 0.098090 0.261560
ECO12002 -0.124010 0.130780 0.000000
ECO09548 -0.320180 0.130780 0.098080
ECO05336 -0.222090 0.130780 0.000000
ECO01988 -0.549040 0.228860 0.098090
ECO12453 0.039470 0.065390 0.000000
ECO06130 -0.352870 0.163470 0.130780
ECO04358 0.006770 0.065390 0.000000
ECO08280 0.006770 0.163480 0.196170
ECO05990 -0.189400 0.065390 0.000000
ECO00473 -0.418260 0.196170 0.130780
ECO02714 -0.287480 0.196170 0.000000
ECO08212 -0.091310 0.098080 0.098090
ECO05522 -0.156700 0.130780 0.000000
ECO02481 -0.156700 0.163470 0.065390
ECO05386 0.268330 0.000000 0.000000
ECO02578 -0.320180 0.163480 0.098080
ECO02395 -0.058620 0.098090 0.000000
ECO00141 -0.418260 0.196170 0.098090
ECO11474 -0.418260 0.163470 0.000000
ECO00073 -0.516350 0.196170 0.098080
ECO11893 -0.124010 0.163480 0.000000
ECO05553 -0.025920 0.098080 0.163480
ECO08147 -0.483650 0.228860 0.000000
ECO02246 -0.483650 0.163470 0.098090
ECO05689 0.104860 0.032690 0.000000
ECO05757 -0.516350 0.196170 0.098080
ECO03132 0.235640 0.000000 0.000000
ECO03213 -0.025920 0.065390 0.098090
ECO02664 -0.287480 0.196170 0.000000
ECO05054 -0.124010 0.065390 0.065390
ECO06489 0.235640 0.032690 0.000000
ECO05671 -0.352870 0.163470 0.098090
ECO09882 -0.124010 0.098090 0.000000
ECO12545 -0.549040 0.196170 0.130780
ECO08331 -0.156700 0.163470 0.000000
ECO07310 -0.124010 0.326950 0.130780
ECO11507 -0.320180 0.163480 0.000000
ECO11493 -0.156700 0.130780 0.163480
ECO03280 -0.156700 0.196170 0.000000
ECO02815 -0.124010 0.098090 0.130780
ECO02929 -0.320180 0.228870 0.000000
ECO02429 0.006770 0.098090 0.261560
ECO08596 -0.222090 0.163470 0.000000
ECO12194 -0.156700 0.098080 0.032700
ECO04752 0.170250 0.032690 0.000000
ECO02680 -0.124010 0.196170 0.163470
ECO04501 -0.254790 0.163480 0.000000
ECO06273 -0.222090 0.032690 0.065390
ECO05673 -0.124010 0.163480 0.000000
ECO12145 -0.418260 0.130780 0.130780
ECO00257 -0.385570 0.196170 0.000000
ECO05538 -0.156700 0.196170 0.098090
ECO04186 -0.254790 0.261560 0.000000
ECO12578 -0.385570 0.196170 0.130780
ECO06089 -0.156700 0.130780 0.000000
ECO01343 -0.581740 0.196170 0.130780
ECO11104 -0.516350 0.196170 0.000000
ECO07210 -0.025920 0.098080 0.065390
ECO08479 -0.254790 0.130780 0.000000
ECO05271 -0.222090 0.130780 0.098090
ECO08245 -0.025920 0.098080 0.000000
ECO04838 0.235640 0.032690 0.359650
ECO04452 0.202940 0.032700 0.000000
ECO07124 -0.058620 0.098090 0.228860
ECO12029 0.235640 0.032690 0.000000
ECO04217 -0.091310 0.130780 0.098090
ECO06008 0.268330 0.000000 0.000000
ECO07862 -0.385570 0.196170 0.130780
ECO00322 -0.647130 0.294260 0.000000
ECO02580 -0.189400 0.065390 0.065390
ECO06473 -0.418260 0.163470 0.000000
ECO02881 -0.483650 0.326950 0.065390
ECO02128 -0.581740 0.261560 0.000000
ECO08011 -0.156700 0.065390 0.163480
ECO09331 -0.418260 0.228860 0.000000
ECO02996 -0.058620 0.228870 0.163470
ECO04601 -0.025920 0.098080 0.000000
ECO12580 -0.450960 0.163480 0.130780
ECO04652 -0.091310 0.098080 0.000000
ECO04587 -0.156700 0.098080 0.163480
ECO07910 -0.156700 0.163470 0.000000
ECO05038 -0.222090 0.196170 0.130780
ECO07024 -0.058620 0.065390 0.000000
ECO03107 0.202940 0.032700 0.326950
ECO11652 -0.156700 0.196170 0.000000
ECO04610 0.235640 0.000000 0.457730
ECO02206 -0.418260 0.261560 0.000000
ECO04933 -0.156700 0.196170 0.163480
ECO12626 0.202940 0.032700 0.000000
ECO00705 -0.516350 0.261560 0.098080
ECO00103 -0.843300 0.261560 0.000000
ECO05517 0.137550 0.065390 0.261560
ECO08968 -0.025920 0.130780 0.000000
ECO00354 -0.647130 0.261560 0.098080
ECO10017 -0.418260 0.228860 0.000000
ECO03458 0.006770 0.098090 0.261560
ECO02337 -0.287480 0.130780 0.000000
ECO10476 -0.058620 0.130780 0.228860
ECO05930 0.039470 0.130780 0.000000
ECO06532 -0.124010 0.098090 0.065390
ECO06275 -0.189400 0.261560 0.000000
ECO04803 -0.156700 0.294250 0.130780
ECO02949 0.006770 0.065390 0.000000
ECO06526 -0.156700 0.130780 0.163480
ECO12646 -0.254790 0.196170 0.000000
ECO04654 -0.124010 0.228870 0.130780
ECO07794 -0.385570 0.163480 0.000000
ECO00860 -0.418260 0.163470 0.098090
ECO06957 0.006770 0.163480 0.000000
ECO07143 0.006770 0.130780 0.130780
ECO11309 -0.222090 0.228860 0.000000
ECO05603 -0.320180 0.196170 0.196170
ECO12497 -0.549040 0.294250 0.000000
ECO06714 0.006770 0.065390 0.196170
ECO05365 -0.320180 0.196170 0.000000
ECO09920 -0.352870 0.196170 0.098090
ECO06335 -0.549040 0.326950 0.000000
ECO02993 -0.025920 0.098080 0.163480
ECO10013 -0.287480 0.196170 0.000000
ECO04563 0.006770 0.163480 0.196170
ECO04772 0.137550 0.065390 0.000000
ECO01064 0.072160 0.065390 0.326950
ECO12097 -0.483650 0.228860 0.000000
ECO09143 -0.614430 0.359640 0.065390
ECO12131 -0.516350 0.294260 0.000000
ECO08607 -0.287480 0.163470 0.130780
ECO08675 -0.156700 0.065390 0.000000
ECO03731 0.104860 0.098080 0.261560
ECO11758 -0.156700 0.098080 0.000000
ECO10090 -0.222090 0.098080 0.098090
ECO04363 -0.222090 0.228860 0.000000
ECO07548 -0.156700 0.130780 0.130780
ECO07779 -0.516350 0.294260 0.000000
ECO06958 -0.124010 0.163480 0.098080
ECO05490 -0.156700 0.228860 0.000000
ECO02693 -0.287480 0.163470 0.130780
ECO02834 0.104860 0.065390 0.000000
ECO06510 -0.450960 0.261560 0.098080
ECO12492 -0.418260 0.261560 0.000000
ECO09020 -0.156700 0.098080 0.163480
ECO06042 -0.025920 0.065390 0.000000
ECO11663 -0.516350 0.228870 0.098080
ECO04565 0.006770 0.065390 0.000000
ECO11990 -0.156700 0.098080 0.294260
ECO07875 -0.156700 0.098080 0.000000
ECO05901 -0.516350 0.196170 0.098080
ECO09854 -0.450960 0.163480 0.000000
ECO10756 -0.745210 0.294250 0.098090
ECO10547 -0.581740 0.294260 0.000000
ECO06544 -0.222090 0.196170 0.130780
ECO05399 -0.124010 0.196170 0.000000
ECO10288 -0.156700 0.098080 0.163480
ECO09956 -0.124010 0.098090 0.000000
ECO06978 -0.647130 0.294260 0.098080
ECO10683 -0.516350 0.228870 0.000000
ECO02332 -0.025920 0.098080 0.163480
ECO03629 -0.124010 0.163480 0.000000
ECO05867 -0.254790 0.163480 0.130780
ECO03229 0.006770 0.130780 0.000000
ECO02298 -0.254790 0.196170 0.130780
ECO03404 0.235640 0.000000 0.000000
ECO12633 -0.124010 0.196170 0.163470
ECO03263 0.006770 0.065390 0.000000
ECO06844 -0.385570 0.228870 0.098080
ECO10120 -0.124010 0.261560 0.000000
ECO08044 -0.352870 0.196170 0.130780
ECO00253 -0.810600 0.326950 0.000000
ECO02525 -0.516350 0.196170 0.098080
ECO08986 -0.025920 0.130780 0.000000
ECO01723 -0.516350 0.196170 0.098080
ECO02157 0.006770 0.130780 0.000000
ECO11665 -0.156700 0.163470 0.130780
ECO09086 -0.450960 0.196170 0.000000
ECO04674 0.235640 0.032690 0.261560
ECO02223 -0.222090 0.163470 0.000000
ECO06444 -0.156700 0.196170 0.098090
ECO07907 -0.352870 0.196170 0.000000
ECO08920 -0.156700 0.228860 0.130780
ECO10881 -0.483650 0.228860 0.000000
ECO09486 -0.516350 0.228870 0.098080
ECO01321 -0.287480 0.130780 0.000000
ECO11387 -0.156700 0.163470 0.130780
ECO10613 -0.287480 0.163470 0.000000
ECO10413 0.235640 0.000000 0.326950
ECO07707 -0.156700 0.163470 0.000000
ECO10320 -0.450960 0.228870 0.130780
ECO11455 -0.025920 0.098080 0.000000
ECO11489 0.072160 0.098090 0.294250
ECO11865 -0.320180 0.130780 0.000000
ECO02402 -0.385570 0.228870 0.098080
ECO06376 -0.189400 0.065390 0.000000
ECO11797 -0.287480 0.130780 0.130780
ECO02691 -0.549040 0.163470 0.000000
ECO02125 -0.418260 0.163470 0.130780
ECO07839 -0.058620 0.130780 0.000000
ECO03997 0.104860 0.098080 0.163480
ECO11690 -0.156700 0.098080 0.000000
ECO12567 -0.549040 0.228860 0.098090
ECO04572 0.235640 0.000000 0.000000
ECO05967 0.202940 0.000000 0.392340
ECO06069 -0.091310 0.065390 0.000000
ECO12260 0.137550 0.065390 0.294250
ECO09183 -0.156700 0.163470 0.000000
ECO10069 0.268330 0.000000 0.425030
ECO08444 -0.156700 0.065390 0.000000
ECO06793 -0.156700 0.163470 0.163480
ECO11928 -0.124010 0.196170 0.000000
ECO12414 -0.025920 0.098080 0.130780
ECO08979 -0.091310 0.098080 0.000000
ECO02346 -0.418260 0.228860 0.098090
ECO05704 -0.287480 0.228860 0.000000
ECO08562 -0.320180 0.228870 0.130780
ECO05504 -0.222090 0.163470 0.000000
ECO08916 -0.124010 0.294260 0.130780
ECO12379 -0.352870 0.196170 0.000000
ECO03367 -0.091310 0.130780 0.098090
ECO11942 0.104860 0.065390 0.000000
ECO10537 -0.287480 0.196170 0.130780
ECO03618 -0.091310 0.098080 0.000000
ECO05104 -0.156700 0.065390 0.163480
ECO10451 -0.320180 0.196170 0.000000
ECO09516 0.235640 0.032690 0.196170
ECO06439 -0.647130 0.392340 0.000000
ECO05321 -0.320180 0.196170 0.130780
ECO06325 -0.189400 0.163480 0.000000
ECO00023 -0.418260 0.196170 0.098090
ECO05304 -0.450960 0.163480 0.000000
ECO10316 0.202940 0.065390 0.261560
ECO05086 -0.320180 0.196170 0.000000
ECO10302 -0.156700 0.228860 0.130780
ECO03649 0.006770 0.098090 0.000000
ECO04635 0.104860 0.098080 0.196170
ECO00105 -0.450960 0.163480 0.000000
ECO01709 -0.483650 0.163470 0.098090
ECO03032 0.006770 0.130780 0.000000
ECO02695 -0.287480 0.163470 0.098090
ECO02763 -0.385570 0.130780 0.000000
ECO00691 -0.549040 0.261560 0.098090
ECO05904 0.301030 inf 0.000000
ECO02228 -0.549040 0.228860 0.098090
ECO06725 -0.352870 0.163470 0.000000
ECO03181 -0.091310 0.130780 0.261560
ECO05035 0.202940 0.032700 0.000000
ECO00942 -0.418260 0.261560 0.098090
ECO06090 -0.091310 0.098080 0.000000
ECO07793 -0.679820 0.261560 0.098090
ECO05690 -0.320180 0.196170 0.000000
ECO02495 0.006770 0.098090 0.294250
ECO12528 -0.156700 0.196170 0.000000
ECO06976 -0.418260 0.163470 0.130780
ECO12460 -0.647130 0.261560 0.000000
ECO11510 -0.025920 0.098080 0.261560
ECO08630 -0.124010 0.098090 0.000000
ECO12111 -0.549040 0.261560 0.098090
ECO04904 0.006770 0.065390 0.000000
ECO11728 -0.254790 0.163480 0.130780
ECO04197 -0.091310 0.228860 0.000000
ECO08141 -0.549040 0.228860 0.098090
ECO03095 -0.025920 0.065390 0.000000
ECO08686 -0.549040 0.228860 0.130780
ECO08107 -0.058620 0.196170 0.000000
ECO12558 0.006770 0.065390 0.261560
ECO02300 -0.189400 0.163480 0.000000
ECO05674 0.006770 0.065390 0.196170
ECO05742 -0.450960 0.228870 0.000000
ECO03270 -0.124010 0.228870 0.130780
ECO12665 -0.222090 0.228860 0.000000
ECO03695 0.006770 0.065390 0.196170
ECO00721 -0.581740 0.228870 0.000000
ECO05235 0.137550 0.032700 0.326950
ECO12367 -0.156700 0.065390 0.000000
ECO10758 -0.581740 0.228870 0.130780
ECO10690 -0.647130 0.294260 0.000000
ECO06635 -0.418260 0.261560 0.098090
ECO07146 -0.025920 0.065390 0.000000
ECO07648 0.235640 0.032690 0.359650
ECO11660 -0.156700 0.130780 0.000000
ECO06707 -0.156700 0.163470 0.163480
ECO12193 -0.254790 0.196170 0.000000
ECO02946 0.235640 0.032690 0.294260
ECO02814 -0.418260 0.163470 0.000000
ECO11189 -0.516350 0.228870 0.098080
ECO02781 -0.222090 0.163470 0.000000
ECO09851 -0.352870 0.163470 0.098090
ECO09916 -0.320180 0.228870 0.000000
ECO12447 -0.450960 0.294260 0.065390
ECO12010 0.072160 0.065390 0.000000
ECO08580 0.137550 0.065390 0.228860
ECO03099 -0.124010 0.130780 0.000000
ECO12596 -0.091310 0.196170 0.163480
ECO06581 -0.352870 0.196170 0.000000
ECO02488 -0.091310 0.098080 0.098090
ECO08430 -0.156700 0.163470 0.000000
ECO02177 0.006770 0.098090 0.130780
ECO05985 -0.189400 0.196170 0.000000
ECO08557 -0.189400 0.098090 0.130780
ECO12542 -0.189400 0.130780 0.000000
ECO11749 0.006770 0.098090 0.163470
ECO08900 -0.581740 0.228870 0.000000
ECO06385 -0.320180 0.196170 0.130780
ECO09436 -0.320180 0.163480 0.000000
ECO10563 -0.058620 0.098090 0.261560
ECO02884 -0.156700 0.098080 0.000000
ECO05783 -0.222090 0.196170 0.130780
ECO06928 0.235640 0.032690 0.000000
ECO11612 -0.189400 0.228870 0.130780
ECO12440 -0.516350 0.261560 0.000000
ECO11783 -0.320180 0.163480 0.130780
ECO06664 0.235640 0.000000 0.000000
ECO07964 -0.320180 0.196170 0.098080
ECO04947 -0.189400 0.163480 0.000000
ECO12476 0.202940 0.032700 0.261560
ECO12340 -0.549040 0.196170 0.000000
ECO10406 -0.156700 0.261560 0.098090
ECO05519 -0.287480 0.196170 0.000000
ECO04892 0.301030 inf 0.294260
ECO04549 -0.222090 0.196170 0.000000
ECO09470 -0.058620 0.130780 0.294250
ECO09370 -0.124010 0.163480 0.000000
ECO02918 -0.418260 0.261560 0.098090
ECO09836 -0.647130 0.326950 0.000000
ECO10306 -0.091310 0.098080 0.326950
ECO01339 -0.254790 0.130780 0.000000
ECO03354 -0.156700 0.196170 0.098090
ECO03284 -0.025920 0.098080 0.000000
ECO03177 0.006770 0.163480 0.228860
ECO11202 -0.058620 0.228870 0.000000
ECO02484 -0.025920 0.065390 0.098090
ECO02293 -0.287480 0.130780 0.000000
ECO08309 -0.156700 0.065390 0.130780
ECO08343 -0.516350 0.228870 0.000000
ECO08348 -0.418260 0.196170 0.130780
ECO06246 -0.581740 0.261560 0.000000
ECO00855 -0.450960 0.196170 0.130780
ECO03527 0.202940 0.000000 0.000000
ECO09386 -0.418260 0.163470 0.130780
ECO04272 -0.156700 0.163470 0.000000
ECO01464 -0.712520 0.261560 0.098080
ECO04531 0.039470 0.098080 0.000000
ECO02659 -0.058620 0.098090 0.261560
ECO04429 -0.320180 0.163480 0.000000
ECO07739 -0.385570 0.228870 0.098080
ECO12599 -0.156700 0.130780 0.000000
ECO04808 -0.287480 0.196170 0.130780
ECO06437 0.072160 0.098090 0.000000
ECO09245 0.039470 0.032690 0.359650
ECO11922 -0.320180 0.196170 0.000000
ECO05642 -0.385570 0.261560 0.130780
ECO09577 0.039470 0.065390 0.000000
ECO09211 -0.320180 0.228870 0.130780
ECO09922 -0.418260 0.163470 0.000000
ECO07039 -0.124010 0.228870 0.163470
ECO00321 -0.385570 0.130780 0.000000
ECO05937 0.235640 0.000000 0.392340
ECO11052 -0.712520 0.294260 0.000000
ECO04474 -0.156700 0.228860 0.130780
ECO01232 -0.222090 0.261560 0.000000
ECO02602 0.104860 0.065390 0.261560
ECO04942 -0.058620 0.294260 0.000000
ECO10379 -0.124010 0.196170 0.130780
ECO02198 -0.418260 0.196170 0.000000
ECO06737 0.072160 0.065390 0.261560
ECO06505 -0.156700 0.163470 0.000000
