ID	SDSS	zspec	gmag	g_r	Ag
1	J054248.74+004019.2	0.0518	17.49	0.98	1.14
2	J074345.47+480813.5	0.0181	16.24	0.74	0.22
3	J080807.13+563832.4	0.099	18.93	0.55	0.18
4	J080833.38+540521.2	0.2848	19.4	0.92	0.16
5	J080910.72+110619.1	0.0526	17.65	0.71	0.11
6	J081718.57+520147.7	0.0386	17.68	0.68	0.19
7	J081933.38+231704.7	0.094	18.33	0.6	0.16
8	J082502.99+111021.4	0.1077	17.95	0.86	0.17
9	J082654.32+233537.8	0.1369	19.16	0.64	0.16
10	J082741.35+175751.0	0.1072	18.6	0.88	0.15
11	J082833.31+112643.3	0.0722	17.57	0.75	0.08
12	J083020.30+160226.6	0.1203	17.91	0.74	0.1
13	J083021.81+183031.2	0.0972	18.19	0.56	0.15
14	J083842.42+235448.2	0.1188	17.94	0.55	0.18
15	J083916.92+174327.5	0.1051	18.32	1.05	0.1
16	J084744.52+163023.4	0.1813	18.34	0.54	0.07
17	J084948.56+150636.7	0.0707	18.09	0.8	0.1
18	J085129.29+204448.1	0.1434	19.21	0.66	0.11
19	J090032.80+255650.8	0.0507	17.4	0.37	0.13
20	J090355.74+283900.7	0.1482	18.91	0.63	0.11
21	J090426.65+630124.4	0.1153	17.99	0.77	0.2
22	J091023.11+302729.2	0.0476	17.59	0.71	0.08
23	J091228.66+254707.2	0.1429	18.05	0.88	0.12
24	J091424.76+115625.6	0.0312	17.12	0.78	0.11
25	J091738.08+333939.0	0.1728	20.83	0.59	0.06
26	J092027.85+304858.2	0.1012	17.94	0.71	0.08
27	J092115.45+254911.5	0.2493	19.19	0.48	0.09
28	J092355.85+282637.5	0.0819	18.32	0.84	0.08
29	J092522.39+130538.7	0.0795	17.17	0.43	0.14
30	J092537.83+640921.7	0.0525	18.14	0.6	0.17
31	J092740.77+262701.1	0.0485	16.27	0.58	0.09
32	J093401.24+245342.5	0.0334	16.05	0.55	0.08
33	J093408.60+175644.0	0.0271	16.22	0.58	0.15
34	J093506.81+145844.7	0.0831	19.01	0.33	0.15
35	J093728.77+291021.0	0.124	18.77	0.95	0.07
36	J093946.86+143606.7	0.1904	19.87	0.61	0.16
37	J094057.20+032401.2	0.0607	17.15	0.7	0.17
38	J094534.42+205731.3	0.161	18.01	0.63	0.08
39	J095220.10+322826.8	0.043	16.26	0.77	0.05
40	J095804.71+195613.5	0.1275	17.69	0.58	0.1
41	J095807.52+303037.9	0.2086	19.7	0.64	0.08
42	J100056.29+132815.0	0.1339	18.94	0.76	0.11
43	J100207.03+163048.6	0.1329	17.69	0.57	0.12
44	J100719.99+352327.9	0.2048	18.9	0.71	0.04
45	J100807.09+334101.1	0.1789	19.3	0.61	0.05
46	J100910.12+295414.3	0.1472	19.71	0.56	0.08
47	J101039.99+210643.8	0.0659	15.93	0.69	0.11
48	J101639.87+194048.4	0.1049	19.71	0.64	0.11
49	J102031.55+203115.4	0.1069	17.72	0.59	0.09
50	J102124.07+185750.6	0.1118	18.57	0.5	0.1
51	J102303.60+293541.6	0.1204	19.47	0.55	0.1
52	J102333.55+144541.4	0.0445	18.22	0.78	0.2
53	J102924.06+143228.2	0.1281	18.14	0.66	0.15
54	J103535.01+261530.5	0.0498	15.98	0.45	0.09
55	J103856.00+224820.6	0.0554	16.74	0.54	0.09
56	J104132.48+172358.1	0.1236	17.88	0.7	0.1
57	J104213.88+334801.3	0.0828	18.4	0.82	0.07
58	J104530.10+092408.0	0.1013	17.92	0.7	0.09
59	J104706.24+375225.8	0.1018	17.51	0.6	0.07
60	J104913.65+230821.9	0.0457	17.75	0.65	0.12
61	J105030.48+232931.4	0.0603	17.14	0.86	0.13
62	J105158.89+164537.2	0.1537	18.65	0.74	0.1
63	J105425.08+293517.5	0.2212	19.25	0.55	0.07
64	J105449.84+090220.5	0.0742	18.5	0.79	0.14
65	J105541.21+135425.5	0.0987	18.09	0.47	0.08
66	J105600.23+370646.1	0.1118	17.29	0.42	0.06
67	J110243.20+385152.6	0.1185	18.94	0.51	0.07
68	J110431.67+634524.3	0.2186	19.02	0.62	0.04
69	J110528.88+250658.7	0.0947	18.79	0.36	0.05
70	J110807.48+270602.8	0.0442	16.29	0.57	0.1
71	J111001.81+342730.2	0.0799	17.65	0.68	0.08
72	J111228.47+274324.9	0.1029	18	0.59	0.07
73	J111505.27+291509.7	0.0804	17.57	0.79	0.07
74	J111527.50+315403.2	0.1197	17.56	0.66	0.07
75	J112103.69+342709.8	0.0346	17.38	0.72	0.09
76	J112112.17+293544.0	0.1386	18.31	0.62	0.06
77	J113047.52+265737.1	0.1199	19.92	0.57	0.07
78	J113639.07+144812.6	0.0731	18.94	0.51	0.12
79	J114120.50+144527.9	0.1088	18.63	0.92	0.14
80	J115049.83+340506.1	0.0647	17.09	0.48	0.07
81	J115146.22+070911.8	0.1532	19.15	0.58	0.05
82	J115205.83+333512.0	0.1262	18.67	0.64	0.08
83	J115439.37+261515.2	0.0857	17.8	0.67	0.08
84	J115635.01+365033.0	0.1617	18.21	0.5	0.08
85	J115648.78+064752.7	0.152	17.64	0.55	0.05
86	J120208.36+174124.9	0.0219	15.47	0.67	0.09
87	J120713.50+272149.6	0.2151	19.57	0.51	0.08
88	J121001.85+061321.7	0.0798	18.14	0.52	0.06
89	J121236.74+071708.4	0.1532	17.92	0.79	0.07
90	J121336.28+210223.9	0.2247	19.58	0.67	0.1
91	J121424.18+214844.5	0.1218	17.6	0.53	0.11
92	J121540.59+082240.6	0.1364	18.95	0.72	0.07
93	J121830.14+402914.1	0.0656	18.11	0.75	0.11
94	J121859.81+153518.8	0.2156	18.28	0.41	0.1
95	J122412.51+160012.1	0.0962	18.4	0.76	0.1
96	J122708.86+312343.7	0.0577	17.28	0.5	0.06
97	J122753.29+365412.2	0.1002	18.39	0.73	0.05
98	J123015.01+221055.7	0.2633	19.07	0.73	0.07
99	J123259.58+071427.0	0.1642	19.09	0.56	0.08
100	J123436.51+163152.4	0.0736	17.48	0.47	0.11
101	J123826.67+204842.8	0.1076	18.33	0.76	0.12
102	J123832.65+341126.7	0.1574	18.55	0.65	0.06
103	J124018.21+362932.5	0.1933	19.89	0.35	0.05
104	J124206.57+245223.1	0.2185	19.25	0.41	0.06
105	J124240.45+092851.8	0.024	16.94	0.7	0.07
106	J124345.79+193846.5	0.0535	17.02	0.58	0.08
107	J124356.50+120247.1	0.1126	18.07	0.56	0.09
108	J124429.16+071917.2	0.1088	18.06	0.58	0.09
109	J125105.91+170255.0	0.0816	17.98	0.69	0.1
110	J125658.76+215345.9	0.1867	18.66	0.8	0.14
111	J125741.29+354711.3	0.1461	18.18	0.68	0.05
112	J130033.23+232018.2	0.2726	19.69	0.62	0.09
113	J130141.56+100100.1	0.0272	15.85	0.49	0.1
114	J130342.83+324824.5	0.0367	17.82	0.6	0.04
115	J130427.11+141226.1	0.0829	17.46	0.59	0.11
116	J130449.95+203843.9	0.0644	17.39	0.71	0.1
117	J130456.96+395529.7	0.0274	15.2	0.66	0.09
118	J130544.58+361208.0	0.1461	19.61	0.64	0.05
119	J131347.14+513530.8	0.1003	18.88	0.62	0.06
120	J131715.66+092602.2	0.052	17	0.51	0.1
121	J131718.58+324035.6	0.0612	17.95	0.58	0.03
122	J131918.20+310720.7	0.1135	17.79	0.7	0.04
123	J131957.07+523533.8	0.0919	17.77	0.35	0.06
124	J132041.00+283820.7	0.1357	17.59	0.39	0.06
125	J132118.98+300423.8	0.0916	18.7	0.29	0.04
126	J132438.73+291012.1	0.0727	17.81	0.58	0.06
127	J132443.09+103529.8	0.0909	17.96	0.5	0.1
128	J132507.32+082026.4	0.0533	16.77	0.81	0.08
129	J132516.69+241937.9	0.1451	19.2	0.59	0.05
130	J132908.83+295024.2	0.0478	17.07	0.59	0.05
131	J133014.92+242153.9	0.0715	18.26	0.79	0.05
132	J133750.51+383643.6	0.2118	18.09	0.49	0.03
133	J133938.23+585843.2	0.2003	19.18	0.5	0.05
134	J133954.09+084542.3	0.1555	19.29	0.56	0.08
135	J134235.66+261534.0	0.0639	17.11	0.72	0.05
136	J134245.70+243524.1	0.0267	15.89	0.72	0.05
137	J134806.39+175936.1	0.0668	18.52	0.83	0.07
138	J135056.80+074234.4	0.0794	17	0.61	0.11
139	J135357.53+332745.1	0.0767	16.75	0.58	0.08
140	J135500.36+055501.2	0.0831	18.18	0.74	0.1
141	J140026.11+131807.5	0.0795	18.73	0.64	0.1
142	J140158.80+232254.6	0.1751	19.02	0.79	0.11
143	J140231.07+254108.5	0.0579	17.97	0.85	0.06
144	J140314.64+494006.7	0.1605	19.18	0.64	0.05
145	J140659.58+231738.7	0.0603	18.12	0.74	0.08
146	J141056.55+171745.7	0.18	18.11	0.66	0.08
147	J141305.99+110918.5	0.1084	18.64	0.56	0.08
148	J141405.02+263336.8	0.0357	17.47	0.62	0.07
149	J141507.93+193653.9	0.11	18.85	1.01	0.16
150	J141516.84+130604.5	0.1386	19.09	0.56	0.09
151	J142235.60+074954.5	0.0565	17.23	0.71	0.11
152	J142940.72+200739.6	0.1023	18.81	0.92	0.16
153	J143047.17+141649.8	0.0942	18.04	0.56	0.1
154	J143141.73+195448.0	0.0592	17.35	0.56	0.13
155	J143143.58+330133.8	0.1413	18.36	0.33	0.03
156	J143222.98+062059.9	0.0872	17.66	0.49	0.11
157	J143411.54+165056.4	0.0936	18.44	0.63	0.09
158	J143432.90+323946.8	0.12	17.25	0.56	0.05
159	J143630.49+324539.3	0.195	18.62	0.51	0.05
160	J143658.69+164513.7	0.0718	18.1	0.73	0.09
161	J143902.84+184743.4	0.1021	17.16	0.59	0.19
162	J144516.71+155016.5	0.0334	15.85	0.61	0.09
163	J144850.09+160803.2	0.0382	17.91	0.72	0.09
164	J145116.58+302825.9	0.1626	18.38	0.58	0.08
165	J145248.85+121309.2	0.1925	18.66	0.54	0.12
166	J145426.95+181942.6	0.059	17.44	0.62	0.1
167	J145505.97+211121.1	0.0677	17.53	0.84	0.15
168	J145518.41+163253.7	0.0441	15.46	0.48	0.11
169	J145532.52+201150.2	0.0568	18.05	0.58	0.11
170	J145725.26+323300.7	0.0702	17.48	0.7	0.07
171	J145841.79+274316.1	0.082	17.31	0.71	0.11
172	J150435.58+242215.4	0.0629	18.07	0.72	0.17
173	J150502.41+130201.6	0.2045	19.32	0.19	0.15
174	J150937.88+260352.8	0.1172	18.69	1.01	0.21
175	J151147.27+222559.7	0.1764	18.59	0.77	0.14
176	J151150.23+263257.3	0.0776	17.26	0.69	0.21
177	J151634.45+205837.9	0.0399	17.39	0.72	0.19
178	J152251.91+234107.5	0.1266	18.91	0.66	0.19
179	J152628.69+281726.9	0.117	19.58	0.37	0.11
180	J152637.37+065941.7	0.0383	18.04	0.52	0.18
181	J152740.72+550711.0	0.2055	19.92	0.7	0.04
182	J153552.51+143103.8	0.0195	14.72	0.57	0.21
183	J153652.13+112350.1	0.1102	18.6	0.3	0.16
184	J154437.57+153955.2	0.1346	19.42	0.68	0.13
185	J154719.90+144401.6	0.0922	19.05	0.49	0.16
186	J155224.88+041726.2	0.0459	17.9	0.59	0.28
187	J155748.58+194013.9	0.0652	17.81	0.72	0.15
188	J155807.98+120413.0	0.0156	13.97	0.59	0.19
189	J160526.67+184149.2	0.1794	18.83	0.63	0.16
190	J160531.85+174826.2	0.0314	18.62	0.71	0.19
191	J160726.51+234027.2	0.0871	18.2	0.92	0.28
192	J160844.10+340754.9	0.1187	18.33	0.82	0.07
193	J160952.36+222319.7	0.2655	19.55	0.68	0.41
194	J161806.96+502343.1	0.0556	18.82	0.6	0.1
195	J161930.05+121729.5	0.1325	18.13	0.78	0.24
196	J162703.95+093748.4	0.1053	19.27	0.62	0.27
197	J163006.60+251356.0	0.2701	19.01	0.57	0.13
198	J163257.50+115040.2	0.0465	16.62	0.62	0.26
199	J163501.46+305412.1	0.0543	16.35	0.58	0.09
200	J163504.96+273809.2	0.0737	18.14	0.63	0.23
201	J163739.22+301012.7	0.1561	19.31	1.01	0.09
202	J171004.93+362605.2	0.1879	19.62	0.6	0.13
203	J171928.54+334138.8	0.0891	18.4	0.67	0.15
204	J233912.48-002010.1	0.167	20.47	0.86	0.12
