rf0001 8.243650 0.130780 0.000000
rf0003 8.439820 0.359650 0.098080
rf0006 8.341740 0.130780 0.000000
rf0007 8.537910 0.196170 0.098080
rf0008 9.028330 inf 0.000000
rf0010 8.276350 0.098080 0.098090
rf0011 8.374430 0.130780 0.000000
rf0014 8.243650 0.163480 0.065390
rf0015 8.962940 0.000000 0.000000
rf0017 8.276350 0.130780 0.098080
rf0019 8.145570 0.196170 0.000000
rf0020 8.407130 0.163470 0.098090
rf0023 8.210960 0.163470 0.000000
rf0024 8.439820 0.261560 0.098080
rf0028 8.243650 0.163480 0.000000
rf0029 8.341740 0.065390 0.098080
rf0030 8.407130 0.196170 0.000000
rf0031 8.897550 0.032700 0.457730
rf0032 8.407130 0.228860 0.000000
rf0033 8.210960 0.163470 0.098090
rf0034 8.145570 0.196170 0.000000
rf0040 8.930250 0.000000 0.098090
rf0042 8.145570 0.196170 0.000000
rf0043 8.930250 0.000000 0.098090
rf0045 8.145570 0.196170 0.000000
rf0048 8.276350 0.098080 0.065390
rf0049 8.178260 0.163480 0.000000
rf0051 8.080180 0.196170 0.065390
rf0053 8.243650 0.130780 0.000000
rf0058 8.341740 0.130780 0.098080
rf0059 8.374430 0.130780 0.000000
rf0060 8.276350 0.130780 0.130780
rf0061 8.374430 0.228870 0.000000
rf0062 8.505210 0.130780 0.098090
rf0064 8.112870 0.196170 0.000000
rf0065 8.341740 0.065390 0.425030
rf0068 8.112870 0.163480 0.000000
rf0071 8.897550 0.032700 0.065390
rf0072 8.047480 0.196170 0.000000
rf0073 8.276350 0.098080 0.098090
rf0074 8.537910 0.196170 0.000000
rf0076 8.243650 0.163480 0.065390
rf0077 8.243650 0.130780 0.000000
rf0079 8.276350 0.130780 0.490430
rf0083 8.210960 0.196170 0.000000
rf0084 8.276350 0.196170 0.065390
rf0092 8.962940 0.032700 0.000000
rf0098 8.439820 0.359650 0.425040
rf0099 8.276350 0.130780 0.000000
rf0102 8.178260 0.196170 0.065390
rf0104 8.112870 0.163480 0.000000
rf0106 8.374430 0.163480 0.098090
rf0107 8.210960 0.163470 0.000000
rf0108 8.145570 0.163470 0.065390
rf0109 8.341740 0.163470 0.000000
rf0110 8.080180 0.196170 0.098090
rf0111 8.309040 0.196170 0.000000
rf0117 8.374430 0.098090 0.098080
rf0118 8.145570 0.163470 0.000000
rf0119 8.210960 0.163470 0.098090
rf0120 8.047480 0.098090 0.000000
rf0122 8.145570 0.196170 0.098080
rf0125 8.472520 0.326950 0.000000
rf0126 8.995640 0.032690 0.098090
rf0128 8.374430 0.163480 0.000000
rf0129 8.341740 0.130780 0.065390
rf0132 8.472520 0.130780 0.000000
rf0134 8.276350 0.261560 0.065390
rf0141 8.112870 0.196170 0.000000
rf0143 8.309040 0.130780 0.065390
rf0145 8.472520 0.163470 0.000000
rf0147 8.570600 0.261560 0.163480
rf0150 8.897550 0.000000 0.000000
rf0154 8.145570 0.163470 0.098080
rf0155 8.439820 0.261560 0.000000
rf0156 8.407130 0.359640 0.359640
rf0157 8.080180 0.163470 0.000000
rf0160 8.309040 0.326950 0.065390
rf0164 8.439820 0.457730 0.000000
rf0165 8.276350 0.326950 0.098090
rf0167 8.962940 -0.032690 0.000000
rf0169 8.243650 0.130780 0.098090
rf0170 8.537910 0.261560 0.000000
rf0171 9.061030 inf 0.098080
rf0172 8.407130 0.228860 0.000000
rf0173 8.439820 0.425040 0.098080
rf0175 8.276350 0.163470 0.000000
rf0176 8.243650 0.294260 0.098090
rf0177 8.374430 0.098090 0.000000
rf0179 8.276350 0.098080 0.065390
rf0180 8.276350 0.163470 0.000000
rf0181 8.243650 0.261560 0.065390
rf0191 8.472520 0.359640 0.000000
rf0192 8.341740 0.098080 0.359640
rf0193 8.505210 0.326950 0.000000
rf0195 8.407130 0.228860 0.065390
rf0197 8.341740 0.065390 0.000000
rf0199 8.178260 0.196170 0.098090
rf0201 8.145570 0.196170 0.000000
rf0204 8.210960 0.163470 0.065390
rf0205 8.439820 0.392340 0.000000
rf0206 8.537910 0.261560 0.098080
rf0207 8.243650 0.163480 0.000000
rf0209 9.028330 0.000000 0.065390
rf0210 8.341740 0.098080 0.000000
rf0216 8.407130 0.425030 0.098090
rf0217 8.243650 0.653900 0.000000
rf0218 8.472520 0.228860 0.065390
rf0223 8.439820 0.392340 0.000000
rf0226 8.243650 0.196170 0.065390
rf0227 8.276350 0.163470 0.000000
rf0229 8.276350 0.359640 0.098090
rf0234 8.439820 0.326950 0.000000
rf0236 8.276350 0.098080 0.098080
rf0237 8.505210 0.261560 0.000000
rf0238 8.309040 0.098090 0.065390
rf0241 8.047480 0.196170 0.000000
rf0242 8.505210 0.163480 0.098090
rf0245 8.505210 0.294260 0.000000
rf0246 8.047480 0.228870 0.098090
rf0247 8.210960 0.163470 0.000000
rf0249 8.962940 0.032700 0.163470
rf0250 8.145570 0.163470 0.000000
rf0251 8.309040 0.163480 0.098090
rf0252 8.178260 0.196170 0.000000
rf0256 8.472520 0.294250 0.065390
rf0257 8.145570 0.196170 0.000000
rf0258 8.407130 0.163470 0.457730
rf0259 8.341740 0.130780 0.000000
rf0262 8.080180 0.196170 0.098080
rf0263 8.243650 0.163480 0.000000
rf0264 8.407130 0.261560 0.098090
rf0265 8.178260 0.163480 0.000000
rf0266 8.080180 0.163470 0.065390
rf0267 8.276350 0.163470 0.000000
rf0268 8.243650 0.163480 0.032700
rf0269 8.243650 0.196170 0.000000
rf0272 8.276350 0.098080 0.098080
rf0273 8.112870 0.196170 0.000000
rf0280 8.276350 0.098080 0.098080
rf0283 8.897550 0.000000 0.000000
rf0284 8.178260 0.163480 0.065390
rf0292 8.439820 0.359650 0.000000
rf0294 8.930250 0.000000 0.065390
rf0296 8.341740 0.196170 0.000000
rf0297 8.178260 0.196170 0.457730
rf0298 8.309040 0.130780 0.000000
rf0299 8.276350 0.130780 0.098090
rf0300 8.341740 0.098080 0.000000
rf0302 8.537910 0.326950 0.098080
rf0303 8.276350 0.130780 0.000000
rf0305 8.341740 0.098080 0.098090
rf0306 8.243650 0.130780 0.000000
rf0314 8.145570 0.163470 0.098090
rf0316 8.407130 0.261560 0.000000
rf0318 8.112870 0.228870 0.032690
rf0320 8.243650 0.130780 0.000000
rf0322 8.309040 0.163480 0.065390
rf0323 8.341740 0.163470 0.000000
rf0326 8.178260 0.196170 0.065390
rf0328 8.439820 0.196170 0.000000
rf0331 8.374430 0.163480 0.653900
rf0332 8.178260 0.163480 0.000000
rf0333 8.407130 0.294250 0.098080
rf0335 8.112870 0.196170 0.000000
rf0338 8.341740 0.065390 0.065390
rf0339 8.439820 0.326950 0.000000
rf0340 8.243650 0.130780 0.751990
rf0341 8.570600 0.294260 0.000000
rf0342 8.374430 0.163480 0.098090
rf0343 8.505210 0.196170 0.000000
rf0348 8.995640 0.032690 0.098080
rf0351 8.309040 0.098090 0.000000
rf0354 8.243650 0.228870 0.098090
rf0358 8.178260 0.163480 0.000000
rf0360 8.276350 0.196170 0.032690
rf0363 8.145570 0.196170 0.000000
rf0364 8.276350 0.228860 0.098080
rf0365 8.374430 0.065390 0.000000
rf0366 8.341740 0.065390 0.098090
rf0367 8.341740 0.065390 0.000000
rf0368 8.243650 0.130780 0.065390
rf0370 8.341740 0.065390 0.000000
rf0374 8.210960 0.163470 0.065390
rf0376 8.374430 0.130780 0.000000
rf0378 8.407130 0.261560 0.065390
rf0381 8.210960 0.196170 0.000000
rf0383 8.407130 0.425030 0.130780
rf0385 8.341740 0.098080 0.000000
rf0386 8.407130 0.261560 0.032690
rf0387 8.374430 0.261560 0.000000
rf0388 8.962940 0.000000 0.130780
rf0391 8.276350 0.163470 0.000000
rf0392 8.112870 0.196170 0.130780
rf0393 8.276350 0.098080 0.000000
rf0395 8.962940 0.000000 0.065390
rf0396 8.603300 0.196170 0.000000
rf0398 8.439820 0.261560 0.065390
rf0399 8.374430 0.098090 0.000000
rf0400 9.028330 inf 0.065390
rf0401 8.047480 0.163480 0.000000
rf0403 8.243650 0.163480 0.065390
rf0412 8.276350 0.163470 0.000000
rf0413 8.243650 0.163480 0.065390
rf0415 8.407130 0.163470 0.000000
rf0417 8.930250 0.000000 0.098080
rf0418 8.505210 0.196170 0.000000
rf0419 8.112870 0.196170 0.588510
rf0425 8.309040 0.196170 0.000000
rf0426 8.014790 0.098080 0.065390
rf0427 8.407130 0.196170 0.000000
rf0428 8.210960 0.163470 0.098090
rf0430 8.210960 0.196170 0.000000
rf0431 8.112870 0.196170 0.032690
rf0432 8.341740 0.098080 0.000000
rf0433 8.276350 0.196170 0.098090
rf0434 8.145570 0.196170 0.000000
rf0436 8.145570 0.196170 0.065390
rf0439 8.047480 0.098090 0.000000
rf0441 8.112870 0.196170 0.065390
rf0443 8.276350 0.130780 0.000000
rf0448 8.341740 0.130780 0.065390
rf0450 8.766770 0.065390 0.000000
rf0452 8.439820 0.294260 0.065390
rf0453 8.341740 0.130780 0.000000
rf0454 8.341740 0.130780 0.098080
rf0455 8.962940 0.000000 0.000000
rf0456 8.341740 0.163470 0.130780
rf0459 8.145570 0.196170 0.000000
rf0460 8.505210 0.294260 0.065390
rf0461 8.178260 0.163480 0.000000
rf0462 8.145570 0.163470 0.130780
rf0463 8.505210 0.326950 0.000000
rf0464 8.080180 0.163470 0.065390
rf0465 8.210960 0.163470 0.000000
rf0466 8.309040 0.163480 0.065390
rf0467 8.374430 0.163480 0.000000
rf0471 8.243650 0.196170 0.065390
rf0473 8.407130 0.228860 0.000000
rf0474 8.243650 0.130780 0.065390
rf0476 8.243650 0.163480 0.000000
rf0477 8.341740 0.065390 0.065390
rf0478 8.276350 0.294250 0.000000
rf0479 8.210960 0.130780 0.326950
rf0480 8.309040 0.130780 0.000000
rf0482 8.374430 0.196170 0.098090
rf0485 7.949400 0.163470 0.000000
rf0487 8.243650 0.130780 0.065390
rf0488 8.309040 0.163480 0.000000
rf0496 8.178260 0.163480 0.065390
rf0497 8.112870 0.228870 0.000000
rf0498 8.014790 0.130780 0.065390
rf0499 8.276350 0.098080 0.000000
rf0500 8.276350 0.359640 0.065390
rf0503 8.374430 0.065390 0.000000
rf0505 8.210960 0.163470 0.098090
rf0507 8.276350 0.196170 0.000000
rf0510 8.537910 0.294250 0.098090
rf0511 8.341740 0.130780 0.000000
rf0513 8.439820 0.359650 0.065390
rf0518 8.243650 0.163480 0.000000
rf0524 8.178260 0.163480 0.065390
rf0545 8.210960 0.196170 0.000000
rf0583 8.080180 0.196170 0.098090
rf0591 8.341740 0.228860 0.000000
rf0607 8.341740 0.065390 0.098080
rf0622 8.112870 0.196170 0.000000
rf0630 8.047480 0.130780 0.098090
rf0632 8.047480 0.163480 0.000000
rf0642 8.080180 0.196170 0.065390
rf0644 7.949400 0.196170 0.000000
rf0663 8.080180 0.163470 0.098080
rf0684 8.407130 0.425030 0.000000
rf0693 8.080180 0.163470 0.098080
rf0695 8.309040 0.098090 0.000000
rf0701 8.178260 0.196170 0.130780
rf0707 8.276350 0.163470 0.000000
rf0713 8.145570 0.163470 0.098080
rf0730 8.407130 0.196170 0.000000
rf0739 8.309040 0.163480 0.130780
rf0745 8.014790 0.163470 0.000000
rf0783 8.210960 0.163470 0.425030
rf0795 8.210960 0.163470 0.000000
rs0001 8.210960 0.130780 0.098080
rs0002 8.309040 0.130780 0.000000
rs0003 8.243650 0.163480 0.065390
rs0010 8.341740 0.098080 0.000000
rs0011 8.276350 0.130780 0.555820
rs0012 8.210960 0.196170 0.000000
rs0013 8.243650 0.130780 0.130780
rs0017 8.701380 0.130780 0.000000
rs0019 8.472520 0.425030 0.065390
rs0020 8.276350 0.130780 0.000000
rs0023 8.210960 0.392340 0.098080
rs0030 8.309040 0.163480 0.000000
rs0035 8.080180 0.196170 0.098090
rs0038 8.439820 0.326950 0.000000
rs0039 8.276350 0.098080 0.098090
rs0041 8.341740 0.261560 0.000000
rs0042 8.210960 0.326950 0.065390
rs0045 8.341740 0.163470 0.000000
rs0046 8.505210 0.359650 0.098090
rs0047 8.080180 0.196170 0.000000
rs0048 8.407130 0.261560 0.130780
rs0050 8.472520 0.294250 0.000000
rs0051 8.472520 0.196170 0.130780
rs0052 8.276350 0.228860 0.000000
rs0054 8.210960 0.130780 0.065390
rs0062 8.276350 0.098080 0.000000
rs0063 8.472520 0.163470 0.098090
rs0064 8.472520 0.294250 0.000000
rs0065 8.341740 0.130780 0.098080
rs0068 8.276350 0.130780 0.000000
rs0070 8.243650 0.130780 0.130780
rs0077 8.995640 0.032690 0.000000
rs0081 8.309040 0.065390 0.098080
rs0082 8.210960 0.196170 0.000000
rs0083 8.178260 0.196170 0.065390
rs0084 8.341740 0.130780 0.000000
rs0085 8.341740 0.163470 0.065390
rs0087 8.210960 0.261560 0.000000
rs0088 8.210960 0.163470 0.098080
rs0089 8.472520 0.392340 0.000000
rs0090 8.276350 0.098080 0.098080
rs0092 8.243650 0.130780 0.000000
rs0093 8.439820 0.457730 0.065390
rs0094 8.276350 0.163470 0.000000
rs0095 8.145570 0.196170 0.098090
rs0096 8.472520 0.326950 0.000000
rs0097 8.210960 0.130780 0.065390
rs0098 8.407130 0.228860 0.000000
rs0099 8.178260 0.163480 0.130780
rs0103 8.505210 0.261560 0.000000
rs0104 8.407130 0.326950 0.098080
rs0105 8.341740 0.098080 0.000000
rs0106 8.112870 0.196170 0.098080
rs0111 8.210960 0.163470 0.000000
rs0113 8.897550 0.032700 0.098080
rs0118 8.309040 0.130780 0.000000
rs0120 8.374430 0.163480 0.065390
rs0121 8.407130 0.359640 0.000000
rs0122 8.178260 0.163480 0.065390
rs0123 8.864860 0.032690 0.000000
rs0124 8.341740 0.065390 0.326950
rs0126 8.407130 0.228860 0.000000
rs0127 8.276350 0.163470 0.130780
rs0128 8.505210 0.294260 0.000000
rs0129 9.028330 inf 0.065390
rs0130 8.309040 0.130780 0.000000
rs0132 8.047480 0.130780 0.098080
rs0133 8.537910 0.294250 0.000000
rs0134 8.570600 0.261560 0.098090
rs0135 8.407130 0.228860 0.000000
rs0137 8.374430 0.098090 0.065390
rs0138 8.243650 0.130780 0.000000
rs0140 8.080180 0.261560 0.065390
rs0141 8.341740 0.065390 0.000000
rs0143 8.505210 0.392340 0.065390
rs0145 8.276350 0.425030 0.000000
rs0146 8.210960 0.163470 0.130780
rs0147 8.374430 0.130780 0.000000
rs0148 8.897550 0.032700 0.163480
rs0149 8.276350 0.163470 0.000000
rs0150 8.341740 0.065390 0.098080
rs0153 8.505210 0.326950 0.000000
rs0154 8.112870 0.196170 0.130780
rs0156 8.210960 0.163470 0.000000
rs0158 8.145570 0.163470 0.065390
rs0163 8.439820 0.196170 0.000000
rs0165 8.276350 0.130780 0.032690
rs0166 8.472520 0.196170 0.000000
rs0167 8.210960 0.130780 0.098090
rs0168 8.145570 0.196170 0.000000
rs0170 8.309040 0.098090 0.065390
rs0171 8.243650 0.163480 0.000000
rs0172 8.374430 0.130780 0.098090
rs0174 8.309040 0.098090 0.000000
rs0175 8.374430 0.163480 0.098090
rs0178 8.178260 0.163480 0.000000
rs0179 8.341740 0.196170 0.130780
rs0180 8.374430 0.130780 0.000000
rs0182 8.407130 0.326950 0.098080
rs0183 8.537910 0.294250 0.000000
rs0184 8.243650 0.163480 0.523120
rs0185 8.472520 0.228860 0.000000
rs0188 8.930250 0.032690 0.098090
rs0189 8.537910 0.294250 0.000000
rs0192 8.439820 0.163480 0.065390
rs0193 8.309040 0.261560 0.000000
rs0195 8.439820 0.359650 0.163480
rs0200 8.374430 0.065390 0.000000
rs0201 8.995640 0.032690 0.523120
rs0203 8.962940 0.032700 0.000000
rs0206 8.897550 0.032700 0.098090
rs0209 8.505210 0.261560 0.000000
rs0210 8.243650 0.196170 0.065390
rs0211 8.962940 0.032700 0.000000
rs0212 8.243650 0.163480 0.065390
rs0215 8.309040 0.098090 0.000000
rs0218 8.276350 0.130780 0.196170
rs0220 8.210960 0.163470 0.000000
rs0221 8.439820 0.261560 0.098080
rs0224 8.439820 0.294260 0.000000
rs0225 8.309040 0.294260 0.065390
rs0226 8.276350 0.130780 0.000000
rs0227 8.439820 0.392340 0.065390
rs0228 8.309040 0.098090 0.000000
rs0231 8.309040 0.130780 0.065390
rs0236 8.178260 0.163480 0.000000
rs0237 8.897550 0.032700 0.065390
rs0240 9.028330 inf 0.000000
rs0241 8.309040 0.098090 0.457730
rs0242 8.309040 0.163480 0.000000
rs0243 8.439820 0.326950 0.098080
rs0246 8.145570 0.163470 0.000000
rs0247 8.080180 0.228860 0.065390
rs0250 8.439820 0.359650 0.000000
rs0251 8.243650 0.196170 0.065390
rs0255 8.210960 0.163470 0.000000
rs0256 8.210960 0.163470 0.130780
rs0257 8.276350 0.130780 0.000000
rs0259 8.472520 0.130780 0.130780
rs0260 8.962940 0.000000 0.000000
rs0262 8.309040 0.065390 0.065390
rs0263 8.537910 0.261560 0.000000
rs0264 8.341740 0.032690 0.098090
rs0267 8.505210 0.261560 0.000000
rs0268 8.505210 0.261560 0.065390
rs0269 8.178260 0.163480 0.000000
rs0270 8.472520 0.326950 0.130780
rs0273 8.341740 0.065390 0.000000
rs0274 8.374430 0.163480 0.065390
rs0275 8.309040 0.098090 0.000000
rs0276 8.276350 0.130780 0.065390
rs0277 8.276350 0.130780 0.000000
rs0280 8.505210 0.326950 0.065390
rs0282 8.505210 0.163480 0.000000
rs0283 8.374430 0.098090 0.130780
rs0284 8.341740 0.130780 0.000000
rs0288 8.995640 -0.032700 0.098080
rs0289 8.341740 0.163470 0.000000
rs0290 8.210960 0.196170 0.098090
rs0297 8.243650 0.130780 0.000000
rs0303 8.080180 0.163470 0.065390
rs0306 8.407130 0.196170 0.000000
rs0308 8.276350 0.457730 0.326950
rs0313 8.439820 0.392340 0.000000
rs0314 8.243650 0.196170 0.065390
rs0316 8.505210 0.261560 0.000000
rs0318 8.047480 0.196170 0.098090
rs0320 8.505210 0.228870 0.000000
rs0323 8.374430 0.098090 0.130780
rs0325 8.407130 0.163470 0.000000
rs0328 8.341740 0.130780 0.555810
rs0330 8.145570 0.196170 0.000000
rs0331 8.374430 0.130780 0.065390
rs0334 8.341740 0.163470 0.000000
rs0336 8.243650 0.228870 0.065390
rs0337 8.341740 0.163470 0.000000
rs0339 8.930250 0.000000 0.065390
rs0340 8.374430 0.163480 0.000000
rs0341 8.309040 0.098090 0.065390
rs0343 8.178260 0.261560 0.000000
rs0344 8.243650 0.130780 0.065390
rs0345 8.178260 0.163480 0.000000
rs0349 8.112870 0.196170 0.065390
rs0350 8.407130 0.163470 0.000000
rs0354 8.178260 0.196170 0.098090
rs0358 8.407130 0.228860 0.000000
rs0363 8.210960 0.196170 0.065390
rs0364 8.309040 0.065390 0.000000
rs0365 8.210960 0.163470 0.098080
rs0367 8.341740 0.098080 0.000000
rs0371 8.537910 0.261560 0.098080
rs0372 8.112870 0.196170 0.000000
rs0373 8.309040 0.163480 0.065390
rs0374 8.145570 0.163470 0.000000
rs0376 8.309040 0.228870 0.098090
rs0377 8.243650 0.163480 0.000000
rs0380 8.210960 0.196170 0.130780
rs0384 8.276350 0.130780 0.000000
rs0386 8.178260 0.196170 0.065390
rs0389 8.145570 0.196170 0.000000
rs0391 8.407130 0.196170 0.130780
rs0392 8.145570 0.196170 0.000000
rs0393 8.341740 0.098080 0.098090
rs0394 8.145570 0.196170 0.000000
rs0401 8.472520 0.294250 0.098090
rs0408 8.178260 0.196170 0.000000
rs0409 8.407130 0.196170 0.130780
rs0410 8.178260 0.196170 0.000000
rs0411 8.243650 0.130780 0.065390
rs0416 8.210960 0.130780 0.000000
rs0417 8.341740 0.032690 0.130780
rs0418 8.309040 0.130780 0.000000
rs0419 8.243650 0.228870 0.098080
rs0420 8.505210 0.196170 0.000000
rs0421 8.341740 0.032690 0.065390
rs0422 8.178260 0.163480 0.000000
rs0423 8.178260 0.196170 0.098080
rs0424 8.243650 0.130780 0.000000
rs0425 8.341740 0.163470 0.130780
rs0427 8.309040 0.098090 0.000000
rs0428 8.309040 0.196170 0.130780
rs0429 8.309040 0.065390 0.000000
rs0430 8.341740 0.032690 0.098090
rs0432 8.047480 0.196170 0.000000
rs0433 8.276350 0.261560 0.032700
rs0435 8.243650 0.163480 0.000000
rs0437 8.210960 0.163470 0.065390
rs0442 8.178260 0.163480 0.000000
rs0444 8.309040 0.065390 0.065390
rs0449 8.537910 0.196170 0.000000
rs0452 8.407130 0.228860 0.065390
rs0453 9.028330 0.000000 0.000000
rs0454 8.374430 0.196170 0.065390
rs0456 8.309040 0.163480 0.000000
rs0458 8.276350 0.326950 0.098090
rs0460 8.210960 0.130780 0.000000
rs0463 8.145570 0.392340 0.065390
rs0467 8.210960 0.163470 0.000000
rs0468 8.243650 0.196170 0.130780
rs0469 8.210960 0.163470 0.000000
rs0470 8.112870 0.196170 0.065390
rs0472 8.341740 0.032690 0.000000
rs0473 8.112870 0.196170 0.065390
rs0476 8.439820 0.326950 0.000000
rs0477 8.145570 0.196170 0.098090
rs0480 8.309040 0.130780 0.000000
rs0485 8.309040 0.065390 0.098090
rs0492 8.145570 0.196170 0.000000
rs0493 8.178260 0.163480 0.130780
rs0494 8.472520 0.228860 0.000000
rs0495 8.276350 0.098080 0.065390
rs0496 8.439820 0.228870 0.000000
rs0505 8.930250 0.000000 0.098080
rs0508 8.243650 0.130780 0.000000
rs0512 8.407130 0.294250 0.130780
rs0516 8.210960 0.163470 0.000000
rs0517 8.995640 0.000000 0.065390
rs0519 8.243650 0.163480 0.000000
rs0520 8.341740 0.065390 0.098090
rs0521 8.309040 0.163480 0.000000
rs0522 8.407130 0.196170 0.065390
rs0524 8.210960 0.163470 0.000000
rs0526 8.309040 0.098090 0.065390
rs0528 8.962940 0.032700 0.000000
rs0529 8.276350 0.130780 0.098090
rs0531 8.995640 0.032690 0.000000
rs0532 8.309040 0.163480 0.130780
rs0534 8.276350 0.163470 0.000000
rs0536 8.210960 0.163470 0.098080
rs0538 8.374430 0.163480 0.000000
rs0541 8.930250 0.000000 0.065390
rs0542 8.112870 0.163480 0.000000
rs0543 8.178260 0.196170 0.065390
rs0545 8.276350 0.098080 0.000000
rs0546 8.439820 0.163480 0.130780
rs0548 8.145570 0.196170 0.000000
rs0549 8.341740 0.098080 0.130780
rs0553 8.276350 0.130780 0.000000
rs0554 8.930250 0.000000 0.130780
rs0555 8.439820 0.196170 0.000000
rs0556 8.047480 0.163480 0.098090
rs0559 8.210960 0.163470 0.000000
rs0560 8.472520 0.228860 0.065390
rs0562 8.178260 0.163480 0.000000
rs0564 8.341740 0.163470 0.098090
rs0566 8.210960 0.163470 0.000000
rs0568 8.309040 0.098090 0.098080
rs0571 8.112870 0.196170 0.000000
rs0572 8.472520 0.326950 0.065390
rs0573 8.341740 0.065390 0.000000
rs0574 8.897550 0.000000 0.065390
rs0578 8.472520 0.294250 0.000000
rs0579 8.439820 0.425040 0.098090
rs0585 8.341740 0.163470 0.000000
rs0586 8.178260 0.163480 0.065390
rs0588 8.210960 0.228860 0.000000
rs0591 8.930250 0.000000 0.065390
rs0598 8.472520 0.228860 0.000000
rs0599 8.505210 0.261560 0.163470
rs0602 8.243650 0.196170 0.000000
rs0609 8.374430 0.163480 0.032700
rs0615 8.309040 0.294260 0.000000
rs0616 8.505210 0.261560 0.130780
rs0617 9.061030 inf 0.000000
rs0618 8.276350 0.196170 0.032700
rs0620 8.309040 0.163480 0.000000
rs0623 8.243650 0.130780 0.065390
rs0626 8.374430 0.130780 0.000000
rs0627 8.439820 0.261560 0.065390
rs0630 8.309040 0.196170 0.000000
rs0637 8.407130 0.261560 0.065390
rs0638 8.407130 0.392340 0.000000
rs0640 8.276350 0.261560 0.130780
rs0641 8.439820 0.196170 0.000000
rs0644 8.309040 0.163480 0.130780
rs0645 8.407130 0.196170 0.000000
rs0656 8.439820 0.098090 0.032700
rs0660 8.962940 0.000000 0.000000
rs0667 8.505210 0.196170 0.098090
rs0670 8.995640 0.000000 0.000000
rs0671 8.341740 0.098080 0.065390
rs0677 8.341740 0.261560 0.000000
rs0679 8.243650 0.228870 0.098090
rs0691 8.439820 0.457730 0.000000
rs0696 8.603300 0.359640 0.130780
rs0703 8.309040 0.523120 0.000000
rs0708 8.537910 0.326950 0.065390
rs0710 8.210960 0.163470 0.000000
rs0713 8.243650 0.130780 0.098090
rs0720 8.439820 0.196170 0.000000
rs0722 8.309040 0.130780 0.065390
rs0724 8.505210 0.359650 0.000000
rs0726 8.243650 0.130780 0.098090
rs0727 8.145570 0.261560 0.000000
rs0731 8.276350 0.163470 0.098090
rs0733 8.472520 0.326950 0.000000
rs0734 8.309040 0.196170 0.065390
rs0738 8.276350 0.196170 0.000000
rs0740 8.210960 0.130780 0.065390
rs0741 8.472520 0.359640 0.000000
rs0743 8.145570 0.163470 0.098090
rs0744 8.472520 0.196170 0.000000
rs0746 8.407130 0.228860 0.098090
rs0747 8.472520 0.326950 0.000000
rs0751 8.995640 0.000000 0.098080
rs0752 8.243650 0.228870 0.000000
rs0754 8.309040 0.261560 0.523120
rs0756 8.341740 0.098080 0.000000
rs0758 8.439820 0.261560 0.130780
rs0763 8.309040 0.228870 0.000000
rs0766 8.472520 0.261560 0.065390
rs0767 8.243650 0.196170 0.000000
rs0768 8.309040 0.163480 0.065390
rs0769 8.341740 0.228860 0.000000
rs0774 8.210960 0.163470 0.098090
rs0775 8.341740 0.065390 0.000000
rs0777 8.080180 0.196170 0.098090
rs0778 8.341740 0.065390 0.000000
rs0779 8.537910 0.228860 0.065390
rs0781 8.537910 0.261560 0.000000
rs0782 8.210960 0.130780 0.065390
rs0786 8.243650 0.163480 0.000000
rs0788 8.243650 0.130780 0.032700
rs0790 8.145570 0.163470 0.000000
rs0793 8.374430 0.163480 0.130780
rs0794 8.341740 0.261560 0.000000
rs0797 8.505210 0.261560 0.098080
rs0799 8.243650 0.130780 0.000000
rs0800 8.374430 0.196170 0.098080
rs0802 8.276350 0.130780 0.000000
rs0804 8.145570 0.196170 0.065390
rs0805 8.080180 0.196170 0.000000
rs0806 8.439820 0.228870 0.065390
rs0809 8.930250 0.000000 0.000000
rs0810 8.210960 0.163470 0.065390
rs0811 8.505210 0.261560 0.000000
rs0812 8.962940 -0.032690 0.098090
rs0815 8.309040 0.065390 0.000000
rs0818 8.276350 0.098080 0.098090
rs0823 8.930250 0.032690 0.000000
rs0828 8.243650 0.163480 0.130780
rs0831 8.439820 0.457730 0.000000
rs0832 8.112870 0.196170 0.065390
rs0833 8.439820 0.294260 0.000000
rs0834 8.439820 0.163480 0.098090
rs0836 8.537910 0.294250 0.000000
rs0838 8.505210 0.261560 0.130780
rs0839 8.962940 0.000000 0.000000
rs0840 8.243650 0.130780 0.098080
rs0842 8.309040 0.065390 0.000000
rs0843 8.407130 0.163470 0.098090
rs0845 8.407130 0.294250 0.000000
rs0846 8.309040 0.228870 0.425030
rs0847 8.407130 0.261560 0.000000
rs0850 8.407130 0.523120 0.098080
rs0853 8.243650 0.228870 0.000000
rs0854 8.439820 0.196170 0.098080
rs0855 8.276350 0.457730 0.000000
rs0856 9.028330 inf 0.098090
rs0860 8.276350 0.490420 0.000000
rs0865 8.995640 0.000000 0.065390
rs0866 8.505210 0.196170 0.000000
rs0868 8.407130 0.196170 0.392340
rs0869 8.243650 0.163480 0.000000
rs0871 8.178260 0.163480 0.163480
rs0872 8.374430 0.196170 0.000000
rs0880 8.439820 0.163480 0.098090
rs0887 8.505210 0.163480 0.000000
rs0891 8.505210 0.359650 0.098090
rs0892 8.701380 0.065390 0.000000
rs0893 8.276350 0.098080 0.065390
rs0897 8.374430 0.130780 0.000000
rs0899 8.341740 0.163470 0.261560
rs0900 8.243650 0.130780 0.000000
rs0901 8.047480 0.163480 0.130780
rs0906 8.276350 0.098080 0.000000
rs0907 8.309040 0.163480 0.130780
rs0909 8.341740 0.098080 0.000000
rs0916 8.341740 0.098080 0.065390
rs0919 8.243650 0.163480 0.000000
rs0920 8.309040 0.130780 0.065390
rs0921 8.505210 0.294260 0.000000
rs0922 8.309040 0.196170 0.065390
rs0923 8.178260 0.163480 0.000000
rs0927 8.374430 0.228870 0.098080
rs0930 8.341740 0.065390 0.000000
rs0932 8.309040 0.098090 0.098080
rs0933 8.276350 0.098080 0.000000
rs0934 8.341740 0.130780 0.032700
rs0935 8.243650 0.163480 0.000000
rs0944 8.276350 0.130780 0.130780
rs0945 8.407130 0.196170 0.000000
rs0946 8.439820 0.228870 0.065390
rs0948 8.407130 0.261560 0.000000
rs0950 8.178260 0.163480 0.032700
rs0953 8.832160 0.065390 0.000000
rs0957 8.080180 0.196170 0.065390
rs0958 8.407130 0.294250 0.000000
rs0959 8.112870 0.163480 0.098080
rs0960 8.145570 0.196170 0.000000
rs0962 8.276350 0.196170 0.294250
rs0967 8.309040 0.130780 0.000000
rs0968 8.112870 0.196170 0.065390
rs0970 8.407130 0.261560 0.000000
rs0976 8.145570 0.196170 0.130780
rs0977 8.341740 0.065390 0.000000
rs0979 8.112870 0.163480 0.065390
rs0980 8.439820 0.228870 0.000000
rs0981 8.341740 0.065390 0.065390
rs0982 8.080180 0.196170 0.000000
rs0983 8.243650 0.130780 0.065390
rs0984 8.309040 0.130780 0.000000
rs0985 8.210960 0.163470 0.098090
rs0986 8.178260 0.196170 0.000000
rs0989 8.407130 0.196170 0.098080
rs0991 8.472520 0.359640 0.000000
rs0995 8.472520 0.196170 0.065390
rs0996 8.243650 0.163480 0.000000
rs0997 8.439820 0.196170 0.065390
rs0999 8.309040 0.196170 0.000000
rs1001 8.210960 0.163470 0.098090
rs1002 8.243650 0.228870 0.000000
rs1003 8.374430 0.261560 0.065390
rs1010 9.028330 0.000000 0.000000
rs1014 8.080180 0.228860 0.130780
rs1016 8.962940 0.000000 0.000000
rs1017 8.145570 0.163470 0.065390
rs1020 8.243650 0.163480 0.000000
rs1021 8.341740 0.065390 0.098080
rs1028 8.374430 0.163480 0.000000
rs1029 8.341740 0.065390 0.098080
rs1030 8.341740 0.065390 0.000000
rs1031 8.276350 0.228860 0.065390
rs1032 8.210960 0.163470 0.000000
rs1034 8.243650 0.163480 0.065390
rs1035 8.210960 0.163470 0.000000
rs1038 8.374430 0.032700 0.098090
rs1040 8.210960 0.163470 0.000000
rs1041 8.341740 0.065390 0.098080
rs1043 8.080180 0.196170 0.000000
rs1045 8.407130 0.196170 0.065390
rs1047 8.341740 0.065390 0.000000
rs1048 8.439820 0.425040 0.065390
rs1049 8.537910 0.196170 0.000000
rs1050 8.309040 0.065390 0.098080
rs1052 8.276350 0.130780 0.000000
rs1053 8.112870 0.196170 0.098090
rs1054 8.014790 0.130780 0.000000
rs1055 8.309040 0.098090 0.425040
rs1057 8.962940 0.032700 0.000000
rs1058 8.309040 0.261560 0.065390
rs1059 8.472520 0.196170 0.000000
rs1060 8.080180 0.228860 0.065390
rs1062 8.505210 0.359650 0.000000
rs1065 8.309040 0.130780 0.065390
rs1068 8.309040 0.294260 0.000000
rs1070 8.178260 0.163480 0.098080
rs1072 8.341740 0.098080 0.000000
rs1073 8.341740 0.130780 0.032690
rs1074 8.243650 0.130780 0.000000
rs1076 8.439820 0.294260 0.261560
rs1077 8.374430 0.196170 0.000000
rs1078 8.341740 0.196170 0.490420
rs1079 8.472520 0.294250 0.000000
rs1080 8.309040 0.261560 0.425030
rs1081 8.374430 0.130780 0.000000
rs1082 8.537910 0.228860 0.065390
rs1083 8.210960 0.196170 0.000000
rs1084 8.309040 0.130780 0.065390
rs1087 8.341740 0.196170 0.000000
rs1091 8.439820 0.294260 0.490420
rs1098 8.309040 0.098090 0.000000
rs1100 8.309040 0.228870 0.098080
rs1102 9.028330 0.000000 0.000000
rs1103 8.112870 0.196170 0.130780
rs1104 8.341740 0.163470 0.000000
rs1105 8.341740 0.065390 0.098090
rs1108 8.178260 0.163480 0.000000
rs1109 8.505210 0.359650 0.098090
rs1110 8.309040 0.228870 0.000000
rs1113 8.047480 0.098090 0.098080
rs1114 8.407130 0.326950 0.000000
rs1117 8.276350 0.130780 0.065390
rs1118 8.537910 0.163470 0.000000
rs1119 8.145570 0.228860 0.032690
rs1120 8.995640 0.000000 0.000000
rs1121 8.962940 0.000000 0.098090
rs1122 8.472520 0.392340 0.000000
rs1124 8.309040 0.163480 0.065390
rs1125 8.374430 0.163480 0.000000
rs1126 8.276350 0.130780 0.098080
rs1128 8.178260 0.163480 0.000000
rs1131 8.962940 0.032700 0.098080
rs1132 8.178260 0.196170 0.000000
rs1135 8.210960 0.196170 0.098080
rs1137 8.309040 0.196170 0.000000
rs1142 8.243650 0.163480 0.294250
rs1143 8.341740 0.065390 0.000000
rs1145 8.439820 0.228870 0.130780
rs1146 8.995640 -0.032700 0.000000
rs1147 8.178260 0.196170 0.098080
rs1149 8.080180 0.163470 0.000000
rs1151 8.276350 0.196170 0.065390
rs1154 8.309040 0.163480 0.000000
rs1156 8.276350 0.130780 0.065390
rs1157 8.309040 0.098090 0.000000
rs1159 8.276350 0.098080 0.098090
rs1163 8.178260 0.196170 0.000000
rs1164 8.047480 0.196170 0.032700
rs1165 8.341740 0.163470 0.000000
rs1166 8.341740 0.098080 0.065390
rs1169 8.407130 0.163470 0.000000
rs1170 8.276350 0.163470 0.098080
rs1171 8.243650 0.228870 0.000000
rs1172 8.243650 0.130780 0.098090
rs1174 8.407130 0.294250 0.000000
rs1176 8.374430 0.163480 0.065390
rs1178 8.341740 0.163470 0.000000
rs1179 8.243650 0.163480 0.098090
rs1182 8.374430 0.196170 0.000000
rs1183 8.439820 0.228870 0.065390
rs1184 8.178260 0.196170 0.000000
rs1185 8.276350 0.294250 0.555810
rs1187 8.276350 0.130780 0.000000
rs1188 8.210960 0.130780 0.130780
rs1191 8.439820 0.196170 0.000000
rs1192 8.178260 0.163480 0.098090
rs1193 8.374430 0.163480 0.000000
rs1195 8.407130 0.098080 0.196170
rs1198 8.178260 0.163480 0.000000
rs1200 8.276350 0.098080 0.065390
rs1202 8.309040 0.098090 0.000000
rs1205 8.505210 0.228870 0.065390
rs1206 8.799470 0.065390 0.000000
rs1207 8.472520 0.228860 0.065390
rs1208 8.145570 0.163470 0.000000
rs1209 8.210960 0.196170 0.065390
rs1210 8.407130 0.294250 0.000000
rs1211 8.537910 0.228860 0.130780
rs1212 8.341740 0.098080 0.000000
rs1213 8.472520 0.425030 0.098080
rs1217 8.962940 0.032700 0.000000
rs1220 8.439820 0.228870 0.098080
rs1229 8.995640 0.000000 0.000000
rs1236 8.341740 0.098080 0.098090
rs1238 8.439820 0.196170 0.000000
rs1245 8.243650 0.130780 0.098090
rs1248 8.439820 0.326950 0.000000
rs1257 8.178260 0.163480 0.065390
rs1258 8.341740 0.228860 0.000000
rs1259 8.210960 0.163470 0.098080
rs1260 8.178260 0.163480 0.000000
rs1261 8.145570 0.196170 0.098080
rs1262 8.210960 0.163470 0.000000
rs1263 8.341740 0.098080 0.098090
rs1264 8.210960 0.130780 0.000000
rs1265 8.243650 0.228870 0.686600
rs1266 8.210960 0.228860 0.000000
rs1267 8.995640 0.032690 0.098090
rs1269 8.014790 0.098080 0.000000
rs1270 8.178260 0.196170 0.065390
rs1276 8.276350 0.098080 0.000000
rs1278 8.439820 0.261560 0.098080
rs1280 8.341740 0.130780 0.000000
rs1281 8.210960 0.163470 0.098090
rs1283 8.178260 0.163480 0.000000
rs1284 8.145570 0.196170 0.130780
rs1285 8.243650 0.228870 0.000000
rs1286 8.309040 0.261560 0.032700
rs1289 8.341740 0.065390 0.000000
rs1290 8.080180 0.196170 0.098080
rs1291 8.276350 0.130780 0.000000
rs1292 8.374430 0.228870 0.065390
rs1293 8.309040 0.196170 0.000000
rs1294 8.570600 0.163480 0.065390
rs1295 8.080180 0.196170 0.000000
rs1296 8.080180 0.228860 0.065390
rs1297 8.145570 0.163470 0.000000
rs1298 8.309040 0.065390 0.065390
rs1299 8.210960 0.163470 0.000000
rs1301 8.537910 0.392340 0.098080
rs1302 8.178260 0.163480 0.000000
rs1303 8.112870 0.130780 0.065390
rs1304 8.145570 0.196170 0.000000
rs1310 8.276350 0.130780 0.098090
rs1337 8.439820 0.261560 0.000000
rs1359 8.243650 0.130780 0.098090
rs1368 8.145570 0.523120 0.000000
rs1437 8.864860 0.032690 0.098080
rs1518 8.930250 0.032690 0.000000
