rf0001 8.263300 0.098890 0.000000
rf0003 8.355600 0.382380 0.065930
rf0006 8.329220 0.125270 0.000000
rf0007 8.606120 0.098900 0.013190
rf0008 8.777540 0.046150 0.000000
rf0010 8.296260 0.079110 0.065920
rf0011 8.368780 0.151640 0.000000
rf0014 8.296260 0.072520 0.131850
rf0015 8.705020 0.072520 0.000000
rf0017 8.309450 0.065920 0.210970
rf0019 8.243520 0.138450 0.000000
rf0020 8.368780 0.230750 0.085710
rf0023 8.263300 0.105480 0.000000
rf0024 8.381970 0.309860 0.059330
rf0028 8.296260 0.072520 0.000000
rf0029 8.322630 0.085710 0.085710
rf0030 8.355600 0.296670 0.000000
rf0031 8.705020 0.072520 0.171420
rf0032 8.388560 0.210970 0.000000
rf0033 8.263300 0.105480 0.085710
rf0034 8.236930 0.138440 0.000000
rf0040 8.678650 0.085700 0.065930
rf0042 8.243520 0.178000 0.000000
rf0043 8.718200 0.059340 0.052740
rf0045 8.236930 0.112070 0.000000
rf0048 8.296260 0.072520 0.065930
rf0049 8.243520 0.118670 0.000000
rf0051 8.236930 0.138440 0.013190
rf0053 8.243520 0.112080 0.000000
rf0058 8.335820 0.092300 0.085710
rf0059 8.381970 0.112080 0.000000
rf0060 8.302850 0.065930 0.065930
rf0061 8.375370 0.197790 0.000000
rf0062 8.566570 0.059330 0.032970
rf0064 8.236930 0.105480 0.000000
rf0065 8.309450 0.065920 0.158230
rf0068 8.217150 0.125260 0.000000
rf0071 8.718200 0.065930 0.032960
rf0072 8.236930 0.112070 0.000000
rf0073 8.316040 0.098890 0.065930
rf0074 8.606120 0.092300 0.000000
rf0076 8.296260 0.079110 0.059340
rf0077 8.289670 0.072520 0.000000
rf0079 8.316040 0.065930 0.250530
rf0083 8.289670 0.085700 0.000000
rf0084 8.316040 0.085710 0.059340
rf0092 8.737980 0.059340 0.000000
rf0098 8.368780 0.375790 0.158230
rf0099 8.302850 0.065930 0.000000
rf0102 8.263300 0.105480 0.065930
rf0104 8.236930 0.098890 0.000000
rf0106 8.381970 0.138450 0.085710
rf0107 8.243520 0.118670 0.000000
rf0108 8.236930 0.105480 0.059340
rf0109 8.335820 0.204380 0.000000
rf0110 8.236930 0.118670 0.085710
rf0111 8.322630 0.224160 0.000000
rf0117 8.441300 0.046150 0.052740
rf0118 8.236930 0.105480 0.000000
rf0119 8.263300 0.092300 0.065930
rf0120 8.210550 0.112080 0.000000
rf0122 8.236930 0.125260 0.072520
rf0125 8.612720 0.131850 0.000000
rf0126 8.718200 0.065930 0.079110
rf0128 8.368780 0.151640 0.000000
rf0129 8.335820 0.112080 0.052740
rf0132 8.421520 0.164830 0.000000
rf0134 8.329220 0.263720 0.145050
rf0141 8.236930 0.118670 0.000000
rf0143 8.322630 0.072520 0.079120
rf0145 8.395150 0.237350 0.000000
rf0147 8.639090 0.112080 0.085710
rf0150 8.678650 0.092300 0.000000
rf0154 8.217150 0.151630 0.072520
rf0155 8.381970 0.270300 0.000000
rf0156 8.342410 0.375790 0.125260
rf0157 8.236930 0.164820 0.000000
rf0160 8.335820 0.316450 0.105490
rf0164 8.355600 0.388970 0.000000
rf0165 8.316040 0.276900 0.085710
rf0167 8.335820 0.388980 0.000000
rf0169 8.296260 0.072520 0.158220
rf0170 8.639090 0.112080 0.000000
rf0171 8.672050 0.059340 0.079110
rf0172 8.368780 0.283490 0.000000
rf0173 8.355600 0.349420 0.085710
rf0175 8.316040 0.059330 0.000000
rf0176 8.316040 0.283490 0.079110
rf0177 8.375370 0.105490 0.000000
rf0179 8.296260 0.065930 0.079120
rf0180 8.316040 0.065930 0.000000
rf0181 8.316040 0.217560 0.065930
rf0191 8.606120 0.145050 0.000000
rf0192 8.329220 0.092300 0.145040
rf0193 8.672050 0.085710 0.000000
rf0195 8.342410 0.323050 0.013180
rf0197 8.322630 0.072520 0.000000
rf0199 8.263300 0.092300 0.079110
rf0201 8.243520 0.118670 0.000000
rf0204 8.269890 0.105480 0.072520
rf0205 8.606120 0.145050 0.000000
rf0206 8.612720 0.125260 0.085710
rf0207 8.296260 0.085710 0.000000
rf0209 8.678650 0.079110 0.059340
rf0210 8.375370 0.079120 0.000000
rf0216 8.342410 0.375790 0.052740
rf0217 8.309450 0.421940 0.000000
rf0218 8.395150 0.257120 0.072530
rf0223 8.606120 0.145050 0.000000
rf0226 8.302850 0.072520 0.046150
rf0227 8.316040 0.065930 0.000000
rf0229 8.316040 0.323050 0.085710
rf0234 8.355600 0.362600 0.000000
rf0236 8.296260 0.072520 0.059330
rf0237 8.612720 0.131850 0.000000
rf0238 8.316040 0.079110 0.079110
rf0241 8.236930 0.138440 0.000000
rf0242 8.599530 0.059340 0.072530
rf0245 8.606120 0.125270 0.000000
rf0246 8.243520 0.158230 0.065930
rf0247 8.263300 0.098890 0.000000
rf0249 8.744570 0.059340 0.112070
rf0250 8.236930 0.125260 0.000000
rf0251 8.322630 0.079120 0.065930
rf0252 8.263300 0.105480 0.000000
rf0256 8.606120 0.125270 0.217570
rf0257 8.236930 0.118670 0.000000
rf0258 8.349000 0.263720 0.171410
rf0259 8.335820 0.098890 0.000000
rf0262 8.236930 0.092290 0.065930
rf0263 8.302850 0.072520 0.000000
rf0264 8.349000 0.342830 0.059340
rf0265 8.236930 0.125260 0.000000
rf0266 8.236930 0.125260 0.013180
rf0267 8.316040 0.065930 0.000000
rf0268 8.302850 0.072520 0.052740
rf0269 8.309450 0.125260 0.000000
rf0272 8.309450 0.085700 0.079120
rf0273 8.236930 0.118670 0.000000
rf0280 8.243520 0.125260 0.065930
rf0283 8.705020 0.065930 0.000000
rf0284 8.236930 0.112070 0.006590
rf0292 8.606120 0.138450 0.000000
rf0294 8.355600 0.382380 0.092300
rf0296 8.335820 0.197780 0.000000
rf0297 8.263300 0.131850 0.210980
rf0298 8.322630 0.065930 0.000000
rf0299 8.309450 0.072520 0.052750
rf0300 8.329220 0.065930 0.000000
rf0302 8.612720 0.145040 0.026370
rf0303 8.309450 0.065920 0.000000
rf0305 8.322630 0.092300 0.026370
rf0306 8.243520 0.112080 0.000000
rf0314 8.236930 0.125260 0.085710
rf0316 8.349000 0.329650 0.000000
rf0318 8.296260 0.151640 0.039560
rf0320 8.243520 0.125260 0.000000
rf0322 8.322630 0.118670 0.013190
rf0323 8.342410 0.164820 0.000000
rf0326 8.263300 0.118670 0.052740
rf0328 8.375370 0.276900 0.000000
rf0331 8.368780 0.145040 0.026370
rf0332 8.263300 0.112070 0.000000
rf0333 8.349000 0.342830 0.085710
rf0335 8.236930 0.105480 0.000000
rf0338 8.329220 0.085710 0.098890
rf0339 8.355600 0.382380 0.000000
rf0340 8.263300 0.092300 0.349420
rf0341 8.639090 0.112080 0.000000
rf0342 8.395150 0.125270 0.052740
rf0343 8.606120 0.098900 0.000000
rf0348 8.718200 0.072520 0.013190
rf0351 8.309450 0.065920 0.000000
rf0354 8.309450 0.230750 0.079110
rf0358 8.236930 0.125260 0.000000
rf0360 8.316040 0.158230 0.059340
rf0363 8.236930 0.118670 0.000000
rf0364 8.316040 0.184600 0.059330
rf0365 8.381970 0.092300 0.000000
rf0366 8.316040 0.065930 0.085710
rf0367 8.322630 0.098890 0.000000
rf0368 8.263300 0.098890 0.065930
rf0370 8.322630 0.085710 0.000000
rf0374 8.296260 0.065930 0.072520
rf0376 8.434710 0.065930 0.000000
rf0378 8.355600 0.329640 0.224150
rf0381 8.296260 0.112080 0.000000
rf0383 8.349000 0.382390 0.072520
rf0385 8.335820 0.079110 0.000000
rf0386 8.342410 0.342830 0.158230
rf0387 8.342410 0.290090 0.000000
rf0388 8.672050 0.092300 0.039560
rf0391 8.316040 0.079110 0.000000
rf0392 8.236930 0.112070 0.079110
rf0393 8.316040 0.079110 0.000000
rf0395 8.705020 0.059330 0.072520
rf0396 8.672050 0.079120 0.000000
rf0398 8.368780 0.342830 0.065930
rf0399 8.375370 0.112080 0.000000
rf0400 8.751170 0.059330 0.065930
rf0401 8.217150 0.131850 0.000000
rf0403 8.302850 0.085710 0.237340
rf0412 8.309450 0.065920 0.000000
rf0413 8.309450 0.059330 0.112080
rf0415 8.368780 0.237340 0.000000
rf0417 8.718200 0.059340 0.085710
rf0418 8.428120 0.224150 0.000000
rf0419 8.236930 0.118670 0.323050
rf0425 8.329220 0.191200 0.000000
rf0426 8.210550 0.098900 0.079110
rf0427 8.342410 0.296680 0.000000
rf0428 8.269890 0.098890 0.026370
rf0430 8.296260 0.171410 0.000000
rf0431 8.236930 0.118670 0.046150
rf0432 8.329220 0.085710 0.000000
rf0433 8.322630 0.105490 0.006590
rf0434 8.243520 0.138450 0.000000
rf0436 8.243520 0.131850 0.237340
rf0439 8.210550 0.105490 0.000000
rf0441 8.236930 0.105480 0.072520
rf0443 8.316040 0.085710 0.000000
rf0448 8.342410 0.112080 0.072520
rf0450 8.678650 0.085700 0.000000
rf0452 8.395150 0.217570 0.046150
rf0453 8.335820 0.105480 0.000000
rf0454 8.329220 0.112080 0.026380
rf0455 8.678650 0.079110 0.000000
rf0456 8.349000 0.145050 0.085710
rf0459 8.236930 0.112070 0.000000
rf0460 8.639090 0.112080 0.151640
rf0461 8.263300 0.145040 0.000000
rf0462 8.236930 0.105480 0.079110
rf0463 8.619310 0.131860 0.000000
rf0464 8.236930 0.131850 0.079120
rf0465 8.289670 0.085700 0.000000
rf0466 8.322630 0.112080 0.151630
rf0467 8.368780 0.171420 0.000000
rf0471 8.309450 0.079110 0.184600
rf0473 8.349000 0.303270 0.000000
rf0474 8.243520 0.118670 0.079120
rf0476 8.302850 0.072520 0.000000
rf0477 8.322630 0.085710 0.059340
rf0478 8.316040 0.237340 0.000000
rf0479 8.236930 0.112070 0.138450
rf0480 8.316040 0.098890 0.000000
rf0482 8.388560 0.151640 0.065930
rf0485 8.236930 0.217560 0.000000
rf0487 8.289670 0.079110 0.059330
rf0488 8.322630 0.105490 0.000000
rf0496 8.236930 0.131850 0.065930
rf0497 8.243520 0.250530 0.000000
rf0498 8.210550 0.118670 0.210970
rf0499 8.296260 0.065930 0.000000
rf0500 8.329220 0.329650 0.059340
rf0503 8.421520 0.052750 0.000000
rf0505 8.263300 0.105480 0.039550
rf0507 8.316040 0.079110 0.000000
rf0510 8.672050 0.092300 0.065930
rf0511 8.335820 0.112080 0.000000
rf0513 8.355600 0.382380 0.092300
rf0518 8.302850 0.125270 0.000000
rf0524 8.243520 0.105480 0.079110
rf0545 8.296260 0.079110 0.000000
rf0583 8.236930 0.105480 0.026370
rf0591 8.342410 0.217560 0.000000
rf0607 8.329220 0.098900 0.059340
rf0622 8.236930 0.105480 0.000000
rf0630 8.210550 0.112080 0.092300
rf0632 8.210550 0.118670 0.000000
rf0642 8.236930 0.105480 0.065930
rf0644 8.210550 0.263720 0.000000
rf0663 8.217150 0.112070 0.085700
rf0684 8.349000 0.382390 0.000000
rf0693 8.236930 0.131850 0.085710
rf0695 8.316040 0.072520 0.000000
rf0701 8.243520 0.118670 0.092300
rf0707 8.316040 0.065930 0.000000
rf0713 8.236930 0.105480 0.072530
rf0730 8.349000 0.283500 0.000000
rf0739 8.322630 0.145040 0.046150
rf0745 8.236930 0.197780 0.000000
rf0783 8.263300 0.125260 0.191200
rf0795 8.263300 0.105480 0.000000
rs0001 8.263300 0.105480 0.059340
rs0002 8.322630 0.072520 0.000000
rs0003 8.309450 0.079110 0.243930
rs0010 8.368780 0.085710 0.000000
rs0011 8.309450 0.085700 0.019780
rs0012 8.296260 0.085710 0.000000
rs0013 8.289670 0.065930 0.072520
rs0017 8.678650 0.085700 0.000000
rs0019 8.672050 0.092300 0.065930
rs0020 8.309450 0.092300 0.000000
rs0023 8.296260 0.349420 0.072520
rs0030 8.322630 0.112080 0.000000
rs0035 8.236930 0.118670 0.085710
rs0038 8.381970 0.329640 0.000000
rs0039 8.263300 0.105480 0.065920
rs0041 8.329220 0.263720 0.000000
rs0042 8.296260 0.276900 0.098900
rs0045 8.335820 0.151630 0.000000
rs0046 8.678650 0.085700 0.085710
rs0047 8.236930 0.112070 0.000000
rs0048 8.335820 0.342830 0.065930
rs0050 8.606120 0.131860 0.000000
rs0051 8.606120 0.085710 0.052740
rs0052 8.322630 0.184600 0.000000
rs0054 8.243520 0.105480 0.072530
rs0062 8.269890 0.092300 0.000000
rs0063 8.454490 0.065930 0.032960
rs0064 8.606120 0.125270 0.000000
rs0065 8.335820 0.131850 0.112080
rs0068 8.309450 0.072520 0.000000
rs0070 8.296260 0.072520 0.052740
rs0077 8.705020 0.065930 0.000000
rs0081 8.296260 0.072520 0.065930
rs0082 8.296260 0.131860 0.000000
rs0083 8.263300 0.138450 0.052740
rs0084 8.335820 0.112080 0.000000
rs0085 8.335820 0.125260 0.065930
rs0087 8.296260 0.263710 0.000000
rs0088 8.263300 0.092300 0.032960
rs0089 8.672050 0.085710 0.000000
rs0090 8.243520 0.118670 0.065930
rs0092 8.289670 0.072520 0.000000
rs0093 8.349000 0.388980 0.072520
rs0094 8.316040 0.059330 0.000000
rs0095 8.236930 0.112070 0.032960
rs0096 8.612720 0.131850 0.000000
rs0097 8.236930 0.118670 0.079120
rs0098 8.355600 0.290080 0.000000
rs0099 8.263300 0.098890 0.079110
rs0103 8.606120 0.112080 0.000000
rs0104 8.349000 0.375800 0.013190
rs0105 8.335820 0.105480 0.000000
rs0106 8.236930 0.112070 0.065930
rs0111 8.263300 0.118670 0.000000
rs0113 8.711610 0.065930 0.098890
rs0118 8.322630 0.065930 0.000000
rs0120 8.349000 0.230750 0.032960
rs0121 8.349000 0.369200 0.000000
rs0122 8.243520 0.112080 0.151630
rs0123 8.718200 0.052750 0.000000
rs0124 8.316040 0.098890 0.138450
rs0126 8.349000 0.309870 0.000000
rs0127 8.309450 0.085700 0.079120
rs0128 8.612720 0.131850 0.000000
rs0129 8.744570 0.059340 0.065930
rs0130 8.316040 0.112080 0.000000
rs0132 8.210550 0.118670 0.059340
rs0133 8.678650 0.085700 0.000000
rs0134 8.678650 0.085700 0.085710
rs0135 8.368780 0.270310 0.000000
rs0137 8.355600 0.112070 0.065930
rs0138 8.269890 0.098890 0.000000
rs0140 8.236930 0.112070 0.059340
rs0141 8.316040 0.072520 0.000000
rs0143 8.678650 0.092300 0.052750
rs0145 8.322630 0.369200 0.000000
rs0146 8.289670 0.092300 0.085710
rs0147 8.368780 0.125270 0.000000
rs0148 8.737980 0.059340 0.079110
rs0149 8.316040 0.065930 0.000000
rs0150 8.329220 0.085710 0.065930
rs0153 8.606120 0.125270 0.000000
rs0154 8.236930 0.138440 0.072520
rs0156 8.289670 0.079110 0.000000
rs0158 8.236930 0.112070 0.085710
rs0163 8.362190 0.309860 0.000000
rs0165 8.316040 0.065930 0.059340
rs0166 8.606120 0.065930 0.000000
rs0167 8.243520 0.112080 0.026380
rs0168 8.236930 0.118670 0.000000
rs0170 8.309450 0.065920 0.085710
rs0171 8.302850 0.065930 0.000000
rs0172 8.349000 0.151640 0.019780
rs0174 8.316040 0.072520 0.000000
rs0175 8.355600 0.191190 0.059340
rs0178 8.243520 0.118670 0.000000
rs0179 8.335820 0.191190 0.032960
rs0180 8.349000 0.158230 0.000000
rs0182 8.355600 0.349420 0.046150
rs0183 8.678650 0.085700 0.000000
rs0184 8.296260 0.098890 0.257120
rs0185 8.388560 0.290090 0.000000
rs0188 8.737980 0.052740 0.085710
rs0189 8.672050 0.085710 0.000000
rs0192 8.421520 0.138450 0.079120
rs0193 8.335820 0.270300 0.000000
rs0195 8.355600 0.369200 0.105490
rs0200 8.461080 0.006590 0.000000
rs0201 8.744570 0.059340 0.296680
rs0203 8.718200 0.059340 0.000000
rs0206 8.705020 0.072520 0.112080
rs0209 8.612720 0.118670 0.000000
rs0210 8.302850 0.105490 0.019780
rs0211 8.718200 0.052750 0.000000
rs0212 8.296260 0.072520 0.052740
rs0215 8.309450 0.072520 0.000000
rs0218 8.309450 0.065920 0.131860
rs0220 8.263300 0.105480 0.000000
rs0221 8.368780 0.329640 0.092300
rs0224 8.375370 0.336240 0.000000
rs0225 8.335820 0.316450 0.079110
rs0226 8.309450 0.079110 0.000000
rs0227 8.606120 0.138450 0.072520
rs0228 8.316040 0.072520 0.000000
rs0231 8.316040 0.079110 0.079120
rs0236 8.236930 0.112070 0.000000
rs0237 8.744570 0.052750 0.039560
rs0240 8.751170 0.059330 0.000000
rs0241 8.316040 0.065930 0.178000
rs0242 8.322630 0.079120 0.000000
rs0243 8.639090 0.098890 0.019780
rs0246 8.236930 0.125260 0.000000
rs0247 8.236930 0.105480 0.072530
rs0250 8.355600 0.382380 0.000000
rs0251 8.309450 0.085700 0.059330
rs0255 8.263300 0.112070 0.000000
rs0256 8.296260 0.079110 0.118670
rs0257 8.309450 0.065920 0.000000
rs0259 8.388560 0.250530 0.039560
rs0260 8.639090 0.112080 0.000000
rs0262 8.302850 0.072520 0.065930
rs0263 8.612720 0.131850 0.000000
rs0264 8.236930 0.125260 0.092300
rs0267 8.619310 0.125260 0.000000
rs0268 8.619310 0.125260 0.072530
rs0269 8.263300 0.092300 0.000000
rs0270 8.606120 0.118680 0.065920
rs0273 8.316040 0.065930 0.000000
rs0274 8.355600 0.178000 0.065930
rs0275 8.316040 0.065930 0.000000
rs0276 8.309450 0.065920 0.059340
rs0277 8.302850 0.072520 0.000000
rs0280 8.639090 0.112080 0.059340
rs0282 8.606120 0.079120 0.000000
rs0283 8.375370 0.112080 0.125260
rs0284 8.335820 0.131850 0.000000
rs0288 8.335820 0.388980 0.079120
rs0289 8.342410 0.118670 0.000000
rs0290 8.263300 0.138450 0.092300
rs0297 8.302850 0.079120 0.000000
rs0303 8.210550 0.118670 0.052740
rs0306 8.342410 0.316460 0.000000
rs0308 8.329220 0.356020 0.210980
rs0313 8.349000 0.388980 0.000000
rs0314 8.309450 0.085700 0.019780
rs0316 8.606120 0.131860 0.000000
rs0318 8.236930 0.112070 0.059340
rs0320 8.606120 0.125270 0.000000
rs0323 8.368780 0.098890 0.065920
rs0325 8.454490 0.059330 0.000000
rs0328 8.335820 0.125260 0.316460
rs0330 8.250110 0.105490 0.000000
rs0331 8.349000 0.131860 0.059330
rs0334 8.335820 0.118670 0.000000
rs0336 8.309450 0.118670 0.065930
rs0337 8.335820 0.158230 0.000000
rs0339 8.705020 0.065930 0.118670
rs0340 8.342410 0.224160 0.000000
rs0341 8.309450 0.065920 0.072520
rs0343 8.296260 0.204380 0.000000
rs0344 8.296260 0.085710 0.065930
rs0345 8.236930 0.112070 0.000000
rs0349 8.236930 0.112070 0.138450
rs0350 8.335820 0.296680 0.000000
rs0354 8.263300 0.125260 0.085710
rs0358 8.355600 0.303270 0.000000
rs0363 8.289670 0.131850 0.079120
rs0364 8.302850 0.085710 0.000000
rs0365 8.269890 0.098890 0.059330
rs0367 8.335820 0.112080 0.000000
rs0371 8.639090 0.112080 0.059330
rs0372 8.236930 0.138440 0.000000
rs0373 8.329220 0.171420 0.079120
rs0374 8.236930 0.098890 0.000000
rs0376 8.329220 0.204380 0.039550
rs0377 8.302850 0.065930 0.000000
rs0380 8.296260 0.184600 0.052740
rs0384 8.316040 0.072520 0.000000
rs0386 8.269890 0.145040 0.079110
rs0389 8.243520 0.151630 0.000000
rs0391 8.342410 0.296680 0.072520
rs0392 8.296260 0.098890 0.000000
rs0393 8.342410 0.085710 0.079110
rs0394 8.236930 0.112070 0.000000
rs0401 8.606120 0.118680 0.052750
rs0408 8.302850 0.158230 0.000000
rs0409 8.349000 0.296680 0.072520
rs0410 8.243520 0.138450 0.000000
rs0411 8.289670 0.079110 0.046150
rs0416 8.236930 0.118670 0.000000
rs0417 8.322630 0.092300 0.112080
rs0418 8.316040 0.112080 0.000000
rs0419 8.309450 0.191190 0.085710
rs0420 8.606120 0.098900 0.000000
rs0421 8.309450 0.079110 0.059330
rs0422 8.236930 0.118670 0.000000
rs0423 8.243520 0.125260 0.052750
rs0424 8.296260 0.085710 0.000000
rs0425 8.335820 0.105480 0.065930
rs0427 8.316040 0.092300 0.000000
rs0428 8.322630 0.158230 0.112070
rs0429 8.302850 0.072520 0.000000
rs0430 8.302850 0.072520 0.085710
rs0432 8.236930 0.085700 0.000000
rs0433 8.316040 0.230750 0.046150
rs0435 8.289670 0.079110 0.000000
rs0437 8.309450 0.118670 0.072520
rs0442 8.243520 0.118670 0.000000
rs0444 8.302850 0.065930 0.059340
rs0449 8.606120 0.112080 0.000000
rs0452 8.349000 0.316460 0.072520
rs0453 8.751170 0.065920 0.000000
rs0454 8.375370 0.197790 0.131850
rs0456 8.329220 0.098900 0.000000
rs0458 8.322630 0.290090 0.072520
rs0460 8.243520 0.112080 0.000000
rs0463 8.513820 0.118680 0.006600
rs0467 8.263300 0.098890 0.000000
rs0468 8.309450 0.098890 0.092300
rs0469 8.296260 0.105490 0.000000
rs0470 8.236930 0.092290 0.059340
rs0472 8.296260 0.079110 0.000000
rs0473 8.236930 0.112070 0.092300
rs0476 8.368780 0.349420 0.000000
rs0477 8.309450 0.131850 0.092300
rs0480 8.329220 0.072530 0.000000
rs0485 8.296260 0.072520 0.052740
rs0492 8.263300 0.105480 0.000000
rs0493 8.243520 0.105480 0.072520
rs0494 8.606120 0.085710 0.000000
rs0495 8.296260 0.072520 0.079120
rs0496 8.368780 0.296680 0.000000
rs0505 8.349000 0.388980 0.105480
rs0508 8.289670 0.072520 0.000000
rs0512 8.375370 0.316460 0.085700
rs0516 8.289670 0.092300 0.000000
rs0517 8.678650 0.079110 0.092300
rs0519 8.302850 0.072520 0.000000
rs0520 8.329220 0.079120 0.098890
rs0521 8.322630 0.085710 0.000000
rs0522 8.355600 0.276900 0.092300
rs0524 8.263300 0.092300 0.000000
rs0526 8.316040 0.065930 0.019780
rs0528 8.705020 0.072520 0.000000
rs0529 8.316040 0.092300 0.092300
rs0531 8.718200 0.065930 0.000000
rs0532 8.329220 0.151640 0.085710
rs0534 8.316040 0.092300 0.000000
rs0536 8.263300 0.098890 0.059340
rs0538 8.349000 0.197790 0.000000
rs0541 8.718200 0.059340 0.065930
rs0542 8.236930 0.125260 0.000000
rs0543 8.243520 0.158230 0.065930
rs0545 8.309450 0.098890 0.000000
rs0546 8.421520 0.131860 0.039550
rs0548 8.243520 0.158230 0.000000
rs0549 8.322630 0.072520 0.079110
rs0553 8.316040 0.072520 0.000000
rs0554 8.737980 0.052740 0.092300
rs0555 8.368780 0.290090 0.000000
rs0556 8.236930 0.118670 0.065930
rs0559 8.289670 0.079110 0.000000
rs0560 8.606120 0.105490 0.065930
rs0562 8.243520 0.105480 0.000000
rs0564 8.342410 0.158230 0.065930
rs0566 8.269890 0.112080 0.000000
rs0568 8.316040 0.065930 0.065930
rs0571 8.236930 0.105480 0.000000
rs0572 8.606120 0.131860 0.079120
rs0573 8.316040 0.085710 0.000000
rs0574 8.718200 0.052750 0.072520
rs0578 8.606120 0.118680 0.000000
rs0579 8.368780 0.375790 0.079120
rs0585 8.335820 0.145040 0.000000
rs0586 8.236930 0.112070 0.079110
rs0588 8.296260 0.105490 0.000000
rs0591 8.606120 0.151640 0.072520
rs0598 8.606120 0.098900 0.000000
rs0599 8.606120 0.118680 0.112080
rs0602 8.302850 0.072520 0.000000
rs0609 8.349000 0.184600 0.263710
rs0615 8.335820 0.296680 0.000000
rs0616 8.606120 0.098900 0.085710
rs0617 8.757760 0.052740 0.000000
rs0618 8.316040 0.131860 0.065930
rs0620 8.322630 0.092300 0.000000
rs0623 8.296260 0.072520 0.059330
rs0626 8.421520 0.079120 0.000000
rs0627 8.355600 0.342820 0.079120
rs0630 8.335820 0.164820 0.000000
rs0637 8.349000 0.316460 0.019780
rs0638 8.349000 0.369200 0.000000
rs0640 8.316040 0.217560 0.059340
rs0641 8.375370 0.263720 0.000000
rs0644 8.322630 0.145040 0.052740
rs0645 8.349000 0.270310 0.000000
rs0656 8.395150 0.164820 0.072520
rs0660 8.612720 0.138450 0.000000
rs0667 8.606120 0.098900 0.059340
rs0670 8.342410 0.388980 0.000000
rs0671 8.335820 0.079110 0.171420
rs0677 8.335820 0.263710 0.000000
rs0679 8.309450 0.131850 0.085710
rs0691 8.342410 0.362610 0.000000
rs0696 8.678650 0.085700 0.032970
rs0703 8.335820 0.349420 0.000000
rs0708 8.678650 0.092300 0.217560
rs0710 8.263300 0.092300 0.000000
rs0713 8.316040 0.092300 0.237340
rs0720 8.441300 0.112080 0.000000
rs0722 8.316040 0.112080 0.059330
rs0724 8.678650 0.085700 0.000000
rs0726 8.296260 0.085710 0.052740
rs0727 8.263300 0.296670 0.000000
rs0731 8.309450 0.072520 0.065930
rs0733 8.606120 0.138450 0.000000
rs0734 8.335820 0.158230 0.039560
rs0738 8.316040 0.079110 0.000000
rs0740 8.250110 0.092300 0.204370
rs0741 8.612720 0.145040 0.000000
rs0743 8.236930 0.105480 0.065930
rs0744 8.599530 0.065930 0.000000
rs0746 8.375370 0.243940 0.079120
rs0747 8.612720 0.131850 0.000000
rs0751 8.639090 0.112080 0.092300
rs0752 8.296260 0.131860 0.000000
rs0754 8.335820 0.263710 0.316460
rs0756 8.335820 0.092300 0.000000
rs0758 8.368780 0.342830 0.085710
rs0763 8.335820 0.210970 0.000000
rs0766 8.401750 0.257120 0.085710
rs0767 8.309450 0.085700 0.000000
rs0768 8.329220 0.085710 0.072520
rs0769 8.349000 0.217570 0.000000
rs0774 8.289670 0.072520 0.052750
rs0775 8.329220 0.092300 0.000000
rs0777 8.236930 0.118670 0.059340
rs0778 8.316040 0.065930 0.000000
rs0779 8.619310 0.125260 0.072520
rs0781 8.645680 0.105490 0.000000
rs0782 8.236930 0.125260 0.065930
rs0786 8.296260 0.079110 0.000000
rs0788 8.296260 0.072520 0.257120
rs0790 8.236930 0.125260 0.000000
rs0793 8.349000 0.197790 0.052740
rs0794 8.335820 0.290080 0.000000
rs0797 8.619310 0.125260 0.079120
rs0799 8.302850 0.085710 0.000000
rs0800 8.368780 0.204380 0.019780
rs0802 8.302850 0.065930 0.000000
rs0804 8.236930 0.125260 0.072520
rs0805 8.236930 0.112070 0.000000
rs0806 8.375370 0.316460 0.072530
rs0809 8.705020 0.072520 0.000000
rs0810 8.250110 0.112080 0.230750
rs0811 8.606120 0.125270 0.000000
rs0812 8.705020 0.052740 0.052750
rs0815 8.302850 0.065930 0.000000
rs0818 8.296260 0.079110 0.032970
rs0823 8.737980 0.059340 0.000000
rs0828 8.296260 0.079110 0.079120
rs0831 8.349000 0.395570 0.000000
rs0832 8.236930 0.158220 0.184600
rs0833 8.335820 0.388980 0.000000
rs0834 8.395150 0.197790 0.026370
rs0836 8.612720 0.138450 0.000000
rs0838 8.606120 0.138450 0.072520
rs0839 8.355600 0.388970 0.000000
rs0840 8.296260 0.072520 0.072530
rs0842 8.263300 0.105480 0.000000
rs0843 8.349000 0.250530 0.065930
rs0845 8.349000 0.342830 0.000000
rs0846 8.329220 0.224160 0.158230
rs0847 8.342410 0.349420 0.000000
rs0850 8.342410 0.375790 0.065930
rs0853 8.309450 0.105480 0.000000
rs0854 8.395150 0.204380 0.039550
rs0855 8.322630 0.329640 0.000000
rs0856 8.757760 0.059330 0.032960
rs0860 8.316040 0.342830 0.000000
rs0865 8.705020 0.065930 0.059340
rs0866 8.606120 0.072530 0.000000
rs0868 8.349000 0.303270 0.197780
rs0869 8.309450 0.092300 0.000000
rs0871 8.263300 0.112070 0.085710
rs0872 8.375370 0.164830 0.000000
rs0880 8.381970 0.243930 0.039550
rs0887 8.592940 0.059330 0.000000
rs0891 8.606120 0.158230 0.072520
rs0892 8.672050 0.052750 0.000000
rs0893 8.302850 0.072520 0.164820
rs0897 8.349000 0.125270 0.000000
rs0899 8.342410 0.151640 0.145040
rs0900 8.296260 0.079110 0.000000
rs0901 8.210550 0.112080 0.072520
rs0906 8.289670 0.079110 0.000000
rs0907 8.322630 0.092300 0.105480
rs0909 8.349000 0.085710 0.000000
rs0916 8.322630 0.079120 0.158230
rs0919 8.302850 0.098900 0.000000
rs0920 8.316040 0.079110 0.118680
rs0921 8.612720 0.131850 0.000000
rs0922 8.322630 0.145040 0.032960
rs0923 8.236930 0.112070 0.000000
rs0927 8.349000 0.263720 0.052750
rs0930 8.335820 0.092300 0.000000
rs0932 8.309450 0.079110 0.065930
rs0933 8.263300 0.098890 0.000000
rs0934 8.329220 0.092300 0.072530
rs0935 8.296260 0.079110 0.000000
rs0944 8.302850 0.065930 0.072520
rs0945 8.368780 0.243940 0.000000
rs0946 8.381970 0.257120 0.178010
rs0948 8.368780 0.283490 0.000000
rs0950 8.263300 0.145040 0.039560
rs0953 8.718200 0.065930 0.000000
rs0957 8.236930 0.112070 0.085710
rs0958 8.342410 0.356010 0.000000
rs0959 8.236930 0.092290 0.059330
rs0960 8.236930 0.118670 0.000000
rs0962 8.316040 0.085710 0.131860
rs0967 8.322630 0.072520 0.000000
rs0968 8.236930 0.131850 0.072520
rs0970 8.349000 0.336240 0.000000
rs0976 8.236930 0.118670 0.079110
rs0977 8.322630 0.118670 0.000000
rs0979 8.236930 0.105480 0.164820
rs0980 8.355600 0.336230 0.000000
rs0981 8.309450 0.072520 0.072530
rs0982 8.236930 0.098890 0.000000
rs0983 8.296260 0.092300 0.079120
rs0984 8.329220 0.085710 0.000000
rs0985 8.263300 0.105480 0.072530
rs0986 8.263300 0.098890 0.000000
rs0989 8.368780 0.263720 0.032970
rs0991 8.639090 0.118670 0.000000
rs0995 8.606120 0.092300 0.079110
rs0996 8.296260 0.079110 0.000000
rs0997 8.375370 0.270310 0.210970
rs0999 8.322630 0.138450 0.000000
rs1001 8.289670 0.085700 0.059340
rs1002 8.309450 0.092300 0.000000
rs1003 8.349000 0.243940 0.065930
rs1010 8.744570 0.052750 0.000000
rs1014 8.236930 0.112070 0.079120
rs1016 8.705020 0.072520 0.000000
rs1017 8.236930 0.125260 0.079110
rs1020 8.302850 0.105490 0.000000
rs1021 8.322630 0.072520 0.052740
rs1028 8.349000 0.191200 0.000000
rs1029 8.322630 0.065930 0.079110
rs1030 8.322630 0.092300 0.000000
rs1031 8.316040 0.151630 0.046150
rs1032 8.263300 0.118670 0.000000
rs1034 8.296260 0.085710 0.059340
rs1035 8.296260 0.105490 0.000000
rs1038 8.395150 0.065930 0.059340
rs1040 8.263300 0.098890 0.000000
rs1041 8.329220 0.105490 0.052740
rs1043 8.236930 0.131850 0.000000
rs1045 8.381970 0.204380 0.026380
rs1047 8.335820 0.085700 0.000000
rs1048 8.606120 0.145050 0.131860
rs1049 8.579750 0.092300 0.000000
rs1050 8.263300 0.098890 0.085710
rs1052 8.309450 0.059330 0.000000
rs1053 8.236930 0.112070 0.013190
rs1054 8.210550 0.131860 0.000000
rs1055 8.316040 0.065930 0.191190
rs1057 8.737980 0.052740 0.000000
rs1058 8.335820 0.217560 0.145040
rs1059 8.395150 0.243940 0.000000
rs1060 8.236930 0.112070 0.032960
rs1062 8.678650 0.092300 0.000000
rs1065 8.316040 0.065930 0.046150
rs1068 8.335820 0.263710 0.000000
rs1070 8.263300 0.118670 0.013190
rs1072 8.329220 0.072530 0.000000
rs1073 8.335820 0.138450 0.019780
rs1074 8.296260 0.079110 0.000000
rs1076 8.375370 0.329650 0.138450
rs1077 8.375370 0.171420 0.000000
rs1078 8.335820 0.197780 0.237340
rs1079 8.606120 0.131860 0.000000
rs1080 8.335820 0.257120 0.178010
rs1081 8.349000 0.145050 0.000000
rs1082 8.639090 0.112080 0.125270
rs1083 8.289670 0.151630 0.000000
rs1084 8.322630 0.059340 0.085700
rs1087 8.335820 0.243930 0.000000
rs1091 8.672050 0.059340 0.290080
rs1098 8.316040 0.065930 0.000000
rs1100 8.335820 0.257120 0.079110
rs1102 8.744570 0.059340 0.000000
rs1103 8.302850 0.131860 0.092300
rs1104 8.342410 0.145040 0.000000
rs1105 8.381970 0.072520 0.085710
rs1108 8.236930 0.105480 0.000000
rs1109 8.672050 0.085710 0.065930
rs1110 8.335820 0.250530 0.000000
rs1113 8.210550 0.138450 0.026370
rs1114 8.342410 0.362610 0.000000
rs1117 8.296260 0.072520 0.013180
rs1118 8.606120 0.098900 0.000000
rs1119 8.236930 0.151630 0.039560
rs1120 8.718200 0.065930 0.000000
rs1121 8.705020 0.072520 0.085710
rs1122 8.672050 0.092300 0.000000
rs1124 8.316040 0.105480 0.243930
rs1125 8.349000 0.184600 0.000000
rs1126 8.309450 0.065920 0.079110
rs1128 8.263300 0.112070 0.000000
rs1131 8.737980 0.059340 0.065930
rs1132 8.243520 0.131850 0.000000
rs1135 8.296260 0.112080 0.059340
rs1137 8.335820 0.164820 0.000000
rs1142 8.302850 0.072520 0.138450
rs1143 8.309450 0.072520 0.000000
rs1145 8.375370 0.283500 0.118670
rs1146 8.705020 0.065930 0.000000
rs1147 8.243520 0.125260 0.065930
rs1149 8.210550 0.138450 0.000000
rs1151 8.316040 0.118670 0.059330
rs1154 8.329220 0.125270 0.000000
rs1156 8.302850 0.072520 0.283490
rs1157 8.309450 0.072520 0.000000
rs1159 8.302850 0.072520 0.065930
rs1163 8.289670 0.158230 0.000000
rs1164 8.236930 0.098890 0.085710
rs1165 8.342410 0.151640 0.000000
rs1166 8.342410 0.131860 0.013190
rs1169 8.368780 0.237340 0.000000
rs1170 8.309450 0.065920 0.085710
rs1171 8.309450 0.112070 0.000000
rs1172 8.243520 0.118670 0.065930
rs1174 8.342410 0.323050 0.000000
rs1176 8.454490 0.059330 0.085710
rs1178 8.342410 0.197790 0.000000
rs1179 8.296260 0.079110 0.079120
rs1182 8.349000 0.243940 0.000000
rs1183 8.368780 0.323050 0.000000
rs1184 8.263300 0.098890 0.000000
rs1185 8.322630 0.296680 0.283490
rs1187 8.309450 0.079110 0.000000
rs1188 8.236930 0.118670 0.085700
rs1191 8.375370 0.283500 0.000000
rs1192 8.243520 0.105480 0.112080
rs1193 8.421520 0.098900 0.000000
rs1195 8.461080 0.032970 0.046150
rs1198 8.263300 0.118670 0.000000
rs1200 8.296260 0.079110 0.105490
rs1202 8.316040 0.079110 0.000000
rs1205 8.606120 0.118680 0.105490
rs1206 8.316040 0.454910 0.000000
rs1207 8.606120 0.105490 0.072520
rs1208 8.236930 0.098890 0.000000
rs1209 8.302850 0.125270 0.230750
rs1210 8.342410 0.349420 0.000000
rs1211 8.612720 0.125260 0.072520
rs1212 8.335820 0.065930 0.000000
rs1213 8.612720 0.138450 0.046150
rs1217 8.718200 0.065930 0.000000
rs1220 8.349000 0.349420 0.072520
rs1229 8.718200 0.052750 0.000000
rs1236 8.368780 0.085710 0.072520
rs1238 8.368780 0.283490 0.000000
rs1245 8.296260 0.065930 0.085700
rs1248 8.606120 0.131860 0.000000
rs1257 8.236930 0.112070 0.191190
rs1258 8.342410 0.263710 0.000000
rs1259 8.296260 0.105490 0.184600
rs1260 8.243520 0.112080 0.000000
rs1261 8.263300 0.184600 0.065920
rs1262 8.243520 0.105480 0.000000
rs1263 8.329220 0.112080 0.065930
rs1264 8.243520 0.105480 0.000000
rs1265 8.302850 0.178010 0.026370
rs1266 8.309450 0.230750 0.000000
rs1267 8.678650 0.092300 0.059340
rs1269 8.184180 0.098890 0.000000
rs1270 8.269890 0.145040 0.059340
rs1276 8.296260 0.072520 0.000000
rs1278 8.355600 0.356010 0.085700
rs1280 8.335820 0.131850 0.000000
rs1281 8.296260 0.092300 0.072520
rs1283 8.263300 0.105480 0.000000
rs1284 8.236930 0.118670 0.039560
rs1285 8.316040 0.171410 0.000000
rs1286 8.335820 0.276900 0.039550
rs1289 8.316040 0.085710 0.000000
rs1290 8.236930 0.112070 0.019780
rs1291 8.309450 0.065920 0.000000
rs1292 8.368780 0.224160 0.072520
rs1293 8.329220 0.118680 0.000000
rs1294 8.606120 0.092300 0.164820
rs1295 8.236930 0.158220 0.000000
rs1296 8.236930 0.112070 0.105490
rs1297 8.236930 0.105480 0.000000
rs1298 8.309450 0.072520 0.098890
rs1299 8.263300 0.131850 0.000000
rs1301 8.678650 0.092300 0.059330
rs1302 8.236930 0.118670 0.000000
rs1303 8.210550 0.125270 0.052740
rs1304 8.243520 0.151630 0.000000
rs1310 8.309450 0.065920 0.059340
rs1337 8.368780 0.336240 0.000000
rs1359 8.263300 0.098890 0.072520
rs1368 8.296260 0.382390 0.000000
rs1437 8.718200 0.065930 0.052740
rs1518 8.718200 0.065930 0.000000
