rf0001 8.355600 0.032960 0.000000
rf0003 8.843470 0.039550 0.131860
rf0006 8.467670 0.191200 0.000000
rf0007 8.784130 0.065930 0.224160
rf0008 9.054440 0.000000 0.000000
rf0010 8.362190 0.039560 0.052740
rf0011 8.527010 0.125260 0.000000
rf0014 8.355600 0.138450 0.131860
rf0015 8.929170 0.026370 0.000000
rf0017 8.368780 0.105490 0.065930
rf0019 8.276480 0.316460 0.000000
rf0020 8.579750 0.164820 0.098890
rf0023 8.349000 0.105490 0.000000
rf0024 8.691830 0.085710 0.059340
rf0028 8.381970 0.204380 0.000000
rf0029 8.408340 0.098890 0.092300
rf0030 8.619310 0.131860 0.000000
rf0031 8.889620 0.032960 0.131850
rf0032 8.612720 0.118670 0.000000
rf0033 8.355600 0.131850 0.065930
rf0034 8.269890 0.151630 0.000000
rf0040 8.896210 0.032960 0.079110
rf0042 8.316040 0.230750 0.000000
rf0043 8.902800 0.039560 0.072520
rf0045 8.283070 0.098900 0.000000
rf0048 8.362190 0.072520 0.098890
rf0049 8.322630 0.145040 0.000000
rf0051 8.197370 0.191190 0.118670
rf0053 8.355600 0.032960 0.000000
rf0058 8.487450 0.184600 0.079120
rf0059 8.441300 0.145050 0.000000
rf0060 8.362190 0.085710 0.052740
rf0061 8.559970 0.164830 0.000000
rf0062 8.639090 0.072520 0.092300
rf0064 8.236930 0.112070 0.000000
rf0065 8.362190 0.052740 0.145050
rf0068 8.210550 0.204380 0.000000
rf0071 8.896210 0.039560 0.098900
rf0072 8.091880 0.197790 0.000000
rf0073 8.395150 0.079120 0.098900
rf0074 8.790720 0.079120 0.000000
rf0076 8.362190 0.138450 0.079110
rf0077 8.395150 0.112080 0.000000
rf0079 8.414930 0.191190 0.184600
rf0083 8.362190 0.164820 0.000000
rf0084 8.480860 0.204380 0.065930
rf0092 8.948950 0.026370 0.000000
rf0098 8.817090 0.039560 0.131850
rf0099 8.375370 0.112080 0.000000
rf0102 8.335820 0.270300 0.085700
rf0104 8.230330 0.138450 0.000000
rf0106 8.527010 0.171410 0.092300
rf0107 8.342410 0.059340 0.000000
rf0108 8.256700 0.105490 0.085700
rf0109 8.540200 0.151630 0.000000
rf0110 8.210550 0.191200 0.065930
rf0111 8.533600 0.184600 0.000000
rf0117 8.421520 0.125270 0.125270
rf0118 8.236930 0.171410 0.000000
rf0119 8.349000 0.118670 0.052740
rf0120 8.065510 0.131860 0.000000
rf0122 8.236930 0.151630 0.052740
rf0125 8.810500 0.046150 0.000000
rf0126 8.962140 0.032960 0.072520
rf0128 8.494050 0.171410 0.000000
rf0129 8.487450 0.145050 0.092300
rf0132 8.612720 0.072520 0.000000
rf0134 8.573160 0.197790 0.065930
rf0141 8.197370 0.191190 0.000000
rf0143 8.454490 0.131860 0.085710
rf0145 8.645680 0.112080 0.000000
rf0147 8.856650 0.072520 0.092300
rf0150 8.876430 0.039560 0.000000
rf0154 8.296260 0.210970 0.052740
rf0155 8.685240 0.125260 0.000000
rf0156 8.850060 0.046150 0.112080
rf0157 8.203960 0.184600 0.000000
rf0160 8.599530 0.204380 0.046150
rf0164 8.889620 0.032960 0.000000
rf0165 8.586350 0.316450 0.079110
rf0167 8.922580 0.026370 0.000000
rf0169 8.362190 0.085710 0.138450
rf0170 8.817090 0.046150 0.000000
rf0171 9.034660 0.006590 0.072520
rf0172 8.632500 0.151630 0.000000
rf0173 8.909390 0.026380 0.085700
rf0175 8.434710 0.164820 0.000000
rf0176 8.586350 0.230740 0.065930
rf0177 8.480860 0.118670 0.000000
rf0179 8.362190 0.065930 0.092300
rf0180 8.480860 0.164820 0.000000
rf0181 8.480860 0.210970 0.059340
rf0191 8.830280 0.046150 0.000000
rf0192 8.362190 0.125260 0.112080
rf0193 8.830280 0.052740 0.000000
rf0195 8.658870 0.164820 0.184590
rf0197 8.362190 0.072520 0.000000
rf0199 8.381970 0.204380 0.065920
rf0201 8.316040 0.112080 0.000000
rf0204 8.362190 0.065930 0.065930
rf0205 8.856650 0.039560 0.000000
rf0206 8.823690 0.052740 0.065930
rf0207 8.362190 0.138450 0.000000
rf0209 8.988510 0.032960 0.065930
rf0210 8.381970 0.105480 0.000000
rf0216 8.876430 0.032960 0.112080
rf0217 8.935770 0.019770 0.000000
rf0218 8.672050 0.098900 0.079110
rf0223 8.843470 0.032960 0.000000
rf0226 8.461080 0.210970 0.065930
rf0227 8.447900 0.164820 0.000000
rf0229 8.843470 0.039550 0.072520
rf0234 8.797320 0.046150 0.000000
rf0236 8.362190 0.065930 0.072520
rf0237 8.810500 0.046150 0.000000
rf0238 8.362190 0.105480 0.046150
rf0241 8.157810 0.171410 0.000000
rf0242 8.672050 0.072520 0.059340
rf0245 8.777540 0.085700 0.000000
rf0246 8.197370 0.158230 0.092300
rf0247 8.362190 0.092300 0.000000
rf0249 8.935770 0.026370 0.098890
rf0250 8.302850 0.065930 0.000000
rf0251 8.500640 0.145040 0.072530
rf0252 8.381970 0.191190 0.000000
rf0256 8.797320 0.046150 0.178000
rf0257 8.276480 0.131860 0.000000
rf0258 8.586350 0.131850 0.125270
rf0259 8.454490 0.191190 0.000000
rf0262 8.197370 0.151630 0.059340
rf0263 8.441300 0.151640 0.000000
rf0264 8.685240 0.131850 0.059330
rf0265 8.309450 0.098890 0.000000
rf0266 8.203960 0.145040 0.065930
rf0267 8.454490 0.145040 0.000000
rf0268 8.381970 0.178000 0.079110
rf0269 8.401750 0.230750 0.000000
rf0272 8.362190 0.105480 0.059340
rf0273 8.243520 0.158230 0.000000
rf0280 8.355600 0.019770 0.052740
rf0283 8.869840 0.032960 0.000000
rf0284 8.302850 0.079120 0.079110
rf0292 8.830280 0.039560 0.000000
rf0294 8.902800 0.026370 0.125260
rf0296 8.461080 0.224160 0.000000
rf0297 8.441300 0.164820 0.164820
rf0298 8.421520 0.125270 0.000000
rf0299 8.368780 0.145040 0.059330
rf0300 8.428120 0.105480 0.000000
rf0302 8.889620 0.046150 0.131860
rf0303 8.395150 0.164820 0.000000
rf0305 8.421520 0.171420 0.250530
rf0306 8.349000 0.032970 0.000000
rf0314 8.296260 0.316460 0.065930
rf0316 8.698420 0.098900 0.000000
rf0318 8.269890 0.171410 0.092300
rf0320 8.335820 0.046150 0.000000
rf0322 8.447900 0.217560 0.210970
rf0323 8.527010 0.164820 0.000000
rf0326 8.342410 0.184600 0.072530
rf0328 8.625900 0.125270 0.000000
rf0331 8.474270 0.164820 0.230750
rf0332 8.355600 0.059330 0.000000
rf0333 8.685240 0.131850 0.092300
rf0335 8.230330 0.145040 0.000000
rf0338 8.362190 0.046150 0.138440
rf0339 8.830280 0.039560 0.000000
rf0340 8.362190 0.046150 0.178010
rf0341 8.863240 0.092300 0.000000
rf0342 8.513820 0.112080 0.112080
rf0343 8.711610 0.065930 0.000000
rf0348 8.968730 0.019780 0.250520
rf0351 8.381970 0.098890 0.000000
rf0354 8.546790 0.237340 0.059340
rf0358 8.329220 0.052750 0.000000
rf0360 8.434710 0.243940 0.085710
rf0363 8.302850 0.059340 0.000000
rf0364 8.540200 0.204370 0.052740
rf0365 8.447900 0.072520 0.000000
rf0366 8.362190 0.072520 0.079120
rf0367 8.362190 0.032960 0.000000
rf0368 8.362190 0.046150 0.059340
rf0370 8.388560 0.105490 0.000000
rf0374 8.375370 0.151640 0.105490
rf0376 8.513820 0.098900 0.000000
rf0378 8.665460 0.145040 0.178010
rf0381 8.428120 0.210970 0.000000
rf0383 8.850060 0.039560 0.052740
rf0385 8.447900 0.118670 0.000000
rf0386 8.678650 0.138440 0.138450
rf0387 8.599530 0.191190 0.000000
rf0388 8.929170 0.026370 0.118670
rf0391 8.362190 0.171410 0.000000
rf0392 8.250110 0.118670 0.059340
rf0393 8.362190 0.052740 0.000000
rf0395 8.922580 0.032960 0.098900
rf0396 8.803910 0.039560 0.000000
rf0398 8.784130 0.059340 0.085710
rf0399 8.480860 0.092300 0.000000
rf0400 9.034660 0.006590 0.098890
rf0401 8.105070 0.178000 0.000000
rf0403 8.441300 0.131860 0.204380
rf0412 8.454490 0.158230 0.000000
rf0413 8.447900 0.171410 0.145040
rf0415 8.579750 0.112080 0.000000
rf0417 8.915990 0.039550 0.085710
rf0418 8.718200 0.079120 0.000000
rf0419 8.243520 0.112080 0.151640
rf0425 8.533600 0.210970 0.000000
rf0426 8.078700 0.131850 0.032970
rf0427 8.612720 0.151630 0.000000
rf0428 8.368780 0.098890 0.250530
rf0430 8.388560 0.204380 0.000000
rf0431 8.230330 0.131860 0.283500
rf0432 8.414930 0.138450 0.000000
rf0433 8.494050 0.237340 0.125260
rf0434 8.316040 0.171410 0.000000
rf0436 8.309450 0.250520 0.191200
rf0439 8.058920 0.138450 0.000000
rf0441 8.230330 0.125270 0.059330
rf0443 8.362190 0.145040 0.000000
rf0448 8.480860 0.131860 0.059340
rf0450 8.856650 0.046150 0.000000
rf0452 9.034660 -0.026370 0.309870
rf0453 8.461080 0.184600 0.000000
rf0454 8.421520 0.178010 0.197790
rf0455 8.942360 0.032960 0.000000
rf0456 8.494050 0.184600 0.105490
rf0459 8.283070 0.079120 0.000000
rf0460 8.817090 0.046150 0.164820
rf0461 8.395150 0.112080 0.000000
rf0462 8.276480 0.125270 0.072520
rf0463 8.836870 0.065930 0.000000
rf0464 8.190780 0.151630 0.079110
rf0465 8.388560 0.151640 0.000000
rf0466 8.500640 0.178010 0.072520
rf0467 8.520420 0.178000 0.000000
rf0471 8.428120 0.243930 0.151640
rf0473 8.606120 0.171420 0.000000
rf0474 8.362190 0.013180 0.098890
rf0476 8.368780 0.145040 0.000000
rf0477 8.362190 0.065930 0.085710
rf0478 8.474270 0.290080 0.000000
rf0479 8.309450 0.072520 0.092300
rf0480 8.362190 0.164820 0.000000
rf0482 8.540200 0.138450 0.118670
rf0485 8.078700 0.217560 0.000000
rf0487 8.362190 0.092300 0.059340
rf0488 8.513820 0.151640 0.000000
rf0496 8.289670 0.085700 0.092300
rf0497 8.236930 0.342820 0.000000
rf0498 8.091880 0.151640 0.178010
rf0499 8.362190 0.059330 0.000000
rf0500 8.810500 0.032970 0.079110
rf0503 8.414930 0.065930 0.000000
rf0505 8.349000 0.125270 0.079120
rf0507 8.461080 0.217570 0.000000
rf0510 8.843470 0.039550 0.059340
rf0511 8.447900 0.197780 0.000000
rf0513 8.823690 0.046150 0.065930
rf0518 8.362190 0.131860 0.000000
rf0524 8.296260 0.151640 0.065930
rf0545 8.289670 0.151630 0.000000
rf0583 8.164400 0.178010 0.125270
rf0591 8.540200 0.210970 0.000000
rf0607 8.362190 0.085710 0.092300
rf0622 8.256700 0.145050 0.000000
rf0630 8.085290 0.164820 0.072520
rf0632 8.164400 0.197790 0.000000
rf0642 8.171000 0.151630 0.059340
rf0644 8.131440 0.369200 0.000000
rf0663 8.124850 0.171410 0.079120
rf0684 8.856650 0.039560 0.000000
rf0693 8.171000 0.178000 0.092300
rf0695 8.362190 0.098890 0.000000
rf0701 8.276480 0.171420 0.079120
rf0707 8.487450 0.151640 0.000000
rf0713 8.283070 0.151640 0.072520
rf0730 8.606120 0.145050 0.000000
rf0739 8.408340 0.224160 0.138450
rf0745 8.105070 0.224150 0.000000
rf0783 8.283070 0.105490 0.151640
rf0795 8.414930 0.151640 0.000000
rs0001 8.362190 0.079110 0.098890
rs0002 8.461080 0.145040 0.000000
rs0003 8.441300 0.125270 0.204380
rs0010 8.395150 0.105490 0.000000
rs0011 8.368780 0.158230 0.204380
rs0012 8.434710 0.158230 0.000000
rs0013 8.401750 0.138450 0.105480
rs0017 8.830280 0.065930 0.000000
rs0019 8.902800 0.039560 0.112080
rs0020 8.362190 0.118670 0.000000
rs0023 8.869840 0.013180 0.059330
rs0030 8.487450 0.145050 0.000000
rs0035 8.230330 0.125270 0.065930
rs0038 8.764350 0.092300 0.000000
rs0039 8.362190 0.026370 0.052750
rs0041 8.540200 0.164820 0.000000
rs0042 8.757760 0.046150 0.145050
rs0045 8.507230 0.191190 0.000000
rs0046 8.856650 0.039560 0.065930
rs0047 8.184180 0.191190 0.000000
rs0048 8.797320 0.052740 0.059330
rs0050 8.803910 0.059330 0.000000
rs0051 8.678650 0.098890 0.125260
rs0052 8.533600 0.191200 0.000000
rs0054 8.355600 0.065920 0.052740
rs0062 8.362190 0.046150 0.000000
rs0063 8.619310 0.098890 0.151630
rs0064 8.790720 0.052750 0.000000
rs0065 8.454490 0.191190 0.118670
rs0068 8.408340 0.204380 0.000000
rs0070 8.362190 0.065930 0.125270
rs0077 8.968730 0.032960 0.000000
rs0081 8.362190 0.039560 0.065930
rs0082 8.368780 0.217570 0.000000
rs0083 8.335820 0.204380 0.059340
rs0084 8.494050 0.145040 0.000000
rs0085 8.494050 0.178000 0.092300
rs0087 8.553380 0.210970 0.000000
rs0088 8.362190 0.079110 0.085700
rs0089 8.836870 0.046150 0.000000
rs0090 8.355600 0.013180 0.072520
rs0092 8.388560 0.118670 0.000000
rs0093 8.896210 0.026370 0.118670
rs0094 8.461080 0.138450 0.000000
rs0095 8.184180 0.151640 0.138450
rs0096 8.830280 0.039560 0.000000
rs0097 8.342410 0.039560 0.065930
rs0098 8.619310 0.125260 0.000000
rs0099 8.296260 0.237340 0.079120
rs0103 8.784130 0.092300 0.000000
rs0104 8.823690 0.039550 0.217560
rs0105 8.362190 0.138450 0.000000
rs0106 8.236930 0.184590 0.112080
rs0111 8.316040 0.098890 0.000000
rs0113 8.889620 0.032960 0.138440
rs0118 8.461080 0.171420 0.000000
rs0120 8.559970 0.145050 0.059330
rs0121 8.830280 0.039560 0.000000
rs0122 8.329220 0.098900 0.098890
rs0123 8.856650 0.039560 0.000000
rs0124 8.362190 0.026370 0.098890
rs0126 8.665460 0.131860 0.000000
rs0127 8.461080 0.145040 0.059340
rs0128 8.823690 0.059330 0.000000
rs0129 9.021470 0.013190 0.072520
rs0130 8.381970 0.184600 0.000000
rs0132 8.138030 0.184600 0.118670
rs0133 8.810500 0.046150 0.000000
rs0134 8.817090 0.046150 0.085710
rs0135 8.625900 0.151640 0.000000
rs0137 8.487450 0.098900 0.125260
rs0138 8.362190 0.072520 0.000000
rs0140 8.223740 0.118670 0.072530
rs0141 8.368780 0.105490 0.000000
rs0143 8.869840 0.039550 0.046150
rs0145 8.790720 0.039560 0.000000
rs0146 8.381970 0.092300 0.059340
rs0147 8.507230 0.105490 0.000000
rs0148 8.909390 0.039560 0.112080
rs0149 8.441300 0.171420 0.000000
rs0150 8.362190 0.065930 0.112080
rs0153 8.850060 0.065930 0.000000
rs0154 8.256700 0.270310 0.052740
rs0156 8.447900 0.191190 0.000000
rs0158 8.250110 0.230750 0.085700
rs0163 8.645680 0.118670 0.000000
rs0165 8.421520 0.131860 0.059330
rs0166 8.665460 0.085710 0.000000
rs0167 8.349000 0.059340 0.112080
rs0168 8.283070 0.092300 0.000000
rs0170 8.362190 0.098890 0.085710
rs0171 8.395150 0.131860 0.000000
rs0172 8.494050 0.131850 0.217560
rs0174 8.362190 0.112080 0.000000
rs0175 8.540200 0.112070 0.052750
rs0178 8.355600 0.039550 0.000000
rs0179 8.520420 0.210970 0.125270
rs0180 8.527010 0.171410 0.000000
rs0182 8.797320 0.065920 0.092300
rs0183 8.836870 0.039560 0.000000
rs0184 8.362190 0.204380 0.151630
rs0185 8.705020 0.145040 0.000000
rs0188 8.935770 0.032960 0.059340
rs0189 8.817090 0.052750 0.000000
rs0192 8.599530 0.131860 0.079110
rs0193 8.573160 0.191190 0.000000
rs0195 8.836870 0.046150 0.145040
rs0200 8.408340 0.039560 0.000000
rs0201 8.975320 0.026370 0.184600
rs0203 8.935770 0.026370 0.000000
rs0206 8.889620 0.032960 0.118670
rs0209 8.797320 0.046150 0.000000
rs0210 8.381970 0.184600 0.197780
rs0211 8.948950 0.032970 0.000000
rs0212 8.375370 0.171420 0.052740
rs0215 8.362190 0.052740 0.000000
rs0218 8.362190 0.112080 0.085710
rs0220 8.362190 0.032960 0.000000
rs0221 8.685240 0.118670 0.065930
rs0224 8.751170 0.052740 0.000000
rs0225 8.619310 0.164820 0.072520
rs0226 8.401750 0.098890 0.000000
rs0227 8.850060 0.046150 0.059340
rs0228 8.375370 0.105490 0.000000
rs0231 8.434710 0.131860 0.059340
rs0236 8.289670 0.125260 0.000000
rs0237 8.883020 0.032970 0.072520
rs0240 9.028070 0.013180 0.000000
rs0241 8.434710 0.112080 0.151640
rs0242 8.480860 0.145040 0.000000
rs0243 8.803910 0.039560 0.131850
rs0246 8.296260 0.092300 0.000000
rs0247 8.210550 0.131860 0.092300
rs0250 8.823690 0.046150 0.000000
rs0251 8.381970 0.217560 0.065930
rs0255 8.395150 0.138450 0.000000
rs0256 8.395150 0.098900 0.112080
rs0257 8.388560 0.145040 0.000000
rs0259 8.625900 0.085710 0.092300
rs0260 8.922580 0.026370 0.000000
rs0262 8.362190 0.059330 0.092300
rs0263 8.810500 0.065930 0.000000
rs0264 8.362190 0.006590 0.112080
rs0267 8.784130 0.046150 0.000000
rs0268 8.784130 0.046150 0.072520
rs0269 8.388560 0.131860 0.000000
rs0270 8.830280 0.112080 0.059330
rs0273 8.388560 0.105490 0.000000
rs0274 8.533600 0.171420 0.065930
rs0275 8.395150 0.098900 0.000000
rs0276 8.428120 0.151630 0.079110
rs0277 8.362190 0.092300 0.000000
rs0280 8.836870 0.059340 0.079120
rs0282 8.685240 0.085710 0.000000
rs0283 8.474270 0.131850 0.079120
rs0284 8.454490 0.164820 0.000000
rs0288 8.975320 0.013190 0.079110
rs0289 8.494050 0.158220 0.000000
rs0290 8.375370 0.210980 0.085710
rs0297 8.362190 0.092300 0.000000
rs0303 8.184180 0.171420 0.052740
rs0306 8.632500 0.145040 0.000000
rs0308 8.863240 0.032970 0.158230
rs0313 8.876430 0.039560 0.000000
rs0314 8.480860 0.237340 0.474690
rs0316 8.784130 0.046150 0.000000
rs0318 8.124850 0.171410 0.059330
rs0320 8.784130 0.032960 0.000000
rs0323 8.474270 0.098890 0.059330
rs0325 8.533600 0.125270 0.000000
rs0328 8.454490 0.164820 0.210970
rs0330 8.309450 0.270300 0.000000
rs0331 8.494050 0.125260 0.059340
rs0334 8.520420 0.131850 0.000000
rs0336 8.467670 0.237350 0.112070
rs0337 8.520420 0.138450 0.000000
rs0339 8.909390 0.032970 0.151630
rs0340 8.546790 0.158230 0.000000
rs0341 8.362190 0.085710 0.131850
rs0343 8.447900 0.204370 0.000000
rs0344 8.368780 0.092300 0.072520
rs0345 8.243520 0.112080 0.000000
rs0349 8.223740 0.118670 0.164820
rs0350 8.592940 0.112080 0.000000
rs0354 8.362190 0.098890 0.072530
rs0358 8.625900 0.118670 0.000000
rs0363 8.375370 0.204380 0.085710
rs0364 8.362190 0.026370 0.000000
rs0365 8.355600 0.105480 0.065930
rs0367 8.414930 0.145040 0.000000
rs0371 8.810500 0.059340 0.065930
rs0372 8.269890 0.184600 0.000000
rs0373 8.507230 0.125270 0.065930
rs0374 8.283070 0.138450 0.000000
rs0376 8.533600 0.230750 0.092300
rs0377 8.461080 0.197790 0.000000
rs0380 8.447900 0.145040 0.138450
rs0384 8.414930 0.131860 0.000000
rs0386 8.395150 0.118670 0.065930
rs0389 8.289670 0.171410 0.000000
rs0391 8.619310 0.131860 0.052740
rs0392 8.349000 0.052750 0.000000
rs0393 8.408340 0.092300 0.092300
rs0394 8.250110 0.105490 0.000000
rs0401 8.784130 0.059340 0.098900
rs0408 8.428120 0.125260 0.000000
rs0409 8.612720 0.151630 0.072520
rs0410 8.309450 0.171410 0.000000
rs0411 8.362190 0.065930 0.079120
rs0416 8.296260 0.072520 0.000000
rs0417 8.362190 0.019780 0.118670
rs0418 8.375370 0.151640 0.000000
rs0419 8.520420 0.191190 0.098890
rs0420 8.705020 0.079110 0.000000
rs0421 8.362190 0.019780 0.065920
rs0422 8.289670 0.079110 0.000000
rs0423 8.289670 0.197780 0.098890
rs0424 8.368780 0.092300 0.000000
rs0425 8.513820 0.125270 0.079120
rs0427 8.388560 0.138450 0.000000
rs0428 8.494050 0.210970 0.092300
rs0429 8.362190 0.059330 0.000000
rs0430 8.362190 0.026370 0.079120
rs0432 8.098480 0.204370 0.000000
rs0433 8.540200 0.243930 0.276900
rs0435 8.362190 0.171410 0.000000
rs0437 8.388560 0.092300 0.039560
rs0442 8.302850 0.125270 0.000000
rs0444 8.362190 0.065930 0.092300
rs0449 8.770950 0.046140 0.000000
rs0452 8.645680 0.131860 0.059330
rs0453 9.021470 0.006600 0.000000
rs0454 8.546790 0.151630 0.158230
rs0456 8.461080 0.184600 0.000000
rs0458 8.803910 0.046150 0.065930
rs0460 8.335820 0.065930 0.000000
rs0463 8.566570 0.118670 0.204380
rs0467 8.349000 0.125270 0.000000
rs0468 8.494050 0.204370 0.118670
rs0469 8.362190 0.125260 0.000000
rs0470 8.230330 0.138450 0.079110
rs0472 8.362190 0.006590 0.000000
rs0473 8.250110 0.118670 0.079120
rs0476 8.823690 0.065930 0.000000
rs0477 8.375370 0.052750 0.072520
rs0480 8.434710 0.138450 0.000000
rs0485 8.362190 0.032960 0.072530
rs0492 8.263300 0.138450 0.000000
rs0493 8.335820 0.131850 0.065930
rs0494 8.705020 0.145040 0.000000
rs0495 8.362190 0.072520 0.072520
rs0496 8.645680 0.125270 0.000000
rs0505 8.909390 0.026380 0.059340
rs0508 8.362190 0.072520 0.000000
rs0512 8.705020 0.112070 0.092300
rs0516 8.388560 0.105490 0.000000
rs0517 8.955540 0.019780 0.065930
rs0519 8.467670 0.171420 0.000000
rs0520 8.395150 0.098900 0.085710
rs0521 8.480860 0.158230 0.000000
rs0522 8.606120 0.145050 0.059340
rs0524 8.375370 0.224160 0.000000
rs0526 8.421520 0.112080 0.230750
rs0528 8.929170 0.032970 0.000000
rs0529 8.421520 0.105490 0.065930
rs0531 8.988510 0.019780 0.000000
rs0532 8.520420 0.145040 0.065930
rs0534 8.461080 0.178010 0.000000
rs0536 8.362190 0.079110 0.072520
rs0538 8.540200 0.118670 0.000000
rs0541 8.909390 0.026380 0.059330
rs0542 8.256700 0.435130 0.000000
rs0543 8.395150 0.243940 0.072520
rs0545 8.316040 0.052740 0.000000
rs0546 8.592940 0.125260 0.092300
rs0548 8.302850 0.210970 0.000000
rs0549 8.428120 0.105480 0.079120
rs0553 8.388560 0.138450 0.000000
rs0554 8.902800 0.032970 0.098890
rs0555 8.639090 0.112080 0.000000
rs0556 8.078700 0.217560 0.105480
rs0559 8.395150 0.112080 0.000000
rs0560 8.711610 0.072520 0.098890
rs0562 8.263300 0.191190 0.000000
rs0564 8.454490 0.184600 0.098890
rs0566 8.381970 0.112080 0.000000
rs0568 8.388560 0.125260 0.052740
rs0571 8.217150 0.131850 0.000000
rs0572 8.817090 0.092300 0.072520
rs0573 8.362190 0.092300 0.000000
rs0574 8.889620 0.032960 0.039550
rs0578 8.803910 0.079110 0.000000
rs0579 8.856650 0.032970 0.065930
rs0585 8.434710 0.191190 0.000000
rs0586 8.309450 0.072520 0.079110
rs0588 8.434710 0.303270 0.000000
rs0591 8.896210 0.032960 0.072530
rs0598 8.711610 0.105480 0.000000
rs0599 8.823690 0.059330 0.105480
rs0602 8.461080 0.204380 0.000000
rs0609 8.533600 0.138450 0.204380
rs0615 8.592940 0.191190 0.000000
rs0616 8.803910 0.072520 0.098890
rs0617 9.061030 inf 0.000000
rs0618 8.434710 0.230750 0.356020
rs0620 8.447900 0.197780 0.000000
rs0623 8.362190 0.072520 0.059330
rs0626 8.428120 0.151630 0.000000
rs0627 8.777540 0.052740 0.085700
rs0630 8.513820 0.204380 0.000000
rs0637 8.639090 0.184600 0.171410
rs0638 8.876430 0.046150 0.000000
rs0640 8.757760 0.000000 0.118670
rs0641 8.632500 0.164820 0.000000
rs0644 8.441300 0.197790 0.125270
rs0645 8.592940 0.171410 0.000000
rs0656 8.566570 0.085700 0.303270
rs0660 8.929170 0.026370 0.000000
rs0667 8.718200 0.072520 0.059330
rs0670 8.988510 0.013180 0.000000
rs0671 8.408340 0.098890 0.158230
rs0677 8.579750 0.210970 0.000000
rs0679 8.520420 0.237340 0.072520
rs0691 8.935770 0.026370 0.000000
rs0696 8.935770 0.052740 0.243940
rs0703 8.883020 0.039560 0.000000
rs0708 8.856650 0.046150 0.178010
rs0710 8.395150 0.164820 0.000000
rs0713 8.355600 0.032960 0.105490
rs0720 8.592940 0.105480 0.000000
rs0722 8.408340 0.178010 0.065930
rs0724 8.850060 0.039560 0.000000
rs0726 8.362190 0.112080 0.105490
rs0727 8.527010 0.164820 0.000000
rs0731 8.467670 0.164830 0.098890
rs0733 8.817090 0.072530 0.000000
rs0734 8.527010 0.145040 0.072520
rs0738 8.500640 0.171410 0.000000
rs0740 8.368780 0.112080 0.171410
rs0741 8.830280 0.039560 0.000000
rs0743 8.283070 0.105490 0.065930
rs0744 8.672050 0.105490 0.000000
rs0746 8.592940 0.171410 0.065930
rs0747 8.803910 0.072520 0.000000
rs0751 8.955540 0.019780 0.112080
rs0752 8.441300 0.283500 0.000000
rs0754 8.573160 0.217560 0.145040
rs0756 8.381970 0.112080 0.000000
rs0758 8.718200 0.105490 0.105490
rs0763 8.533600 0.178010 0.000000
rs0766 8.731390 0.052740 0.092300
rs0767 8.368780 0.197790 0.000000
rs0768 8.494050 0.138450 0.079120
rs0769 8.520420 0.191190 0.000000
rs0774 8.362190 0.131860 0.059340
rs0775 8.362190 0.052740 0.000000
rs0777 8.197370 0.145040 0.059340
rs0778 8.362190 0.092300 0.000000
rs0779 8.797320 0.039550 0.105480
rs0781 8.810500 0.046150 0.000000
rs0782 8.335820 0.039550 0.092300
rs0786 8.362190 0.171410 0.000000
rs0788 8.368780 0.092300 0.164820
rs0790 8.250110 0.171410 0.000000
rs0793 8.533600 0.164820 0.145050
rs0794 8.612720 0.191190 0.000000
rs0797 8.803910 0.039560 0.079110
rs0799 8.362190 0.092300 0.000000
rs0800 8.553380 0.164820 0.230750
rs0802 8.362190 0.112080 0.000000
rs0804 8.316040 0.052740 0.059330
rs0805 8.065510 0.217560 0.000000
rs0806 8.678650 0.092300 0.085700
rs0809 8.896210 0.039560 0.000000
rs0810 8.322630 0.164820 0.191190
rs0811 8.757760 0.052740 0.000000
rs0812 8.922580 0.026370 0.125260
rs0815 8.362190 0.059330 0.000000
rs0818 8.362190 0.079110 0.092300
rs0823 8.922580 0.032960 0.000000
rs0828 8.428120 0.237340 0.085710
rs0831 8.902800 0.039560 0.000000
rs0832 8.276480 0.184600 0.138450
rs0833 8.784130 0.039560 0.000000
rs0834 8.606120 0.098900 0.230750
rs0836 8.850060 0.059330 0.000000
rs0838 8.817090 0.059340 0.046150
rs0839 8.929170 0.026370 0.000000
rs0840 8.395150 0.105490 0.072530
rs0842 8.362190 0.019780 0.000000
rs0843 8.579750 0.178010 0.105490
rs0845 8.685240 0.145040 0.000000
rs0846 8.546790 0.191190 0.138450
rs0847 8.784130 0.039560 0.000000
rs0850 8.915990 0.032960 0.059330
rs0853 8.474270 0.276900 0.000000
rs0854 8.625900 0.118670 0.072520
rs0855 8.896210 0.026370 0.000000
rs0856 9.028070 0.013180 0.237340
rs0860 8.922580 0.013190 0.000000
rs0865 8.995100 0.019780 0.092290
rs0866 8.711610 0.098890 0.000000
rs0868 8.612720 0.125260 0.131850
rs0869 8.414930 0.098890 0.000000
rs0871 8.434710 0.191190 0.118670
rs0872 8.507230 0.178010 0.000000
rs0880 8.606120 0.118680 0.131860
rs0887 8.678650 0.092300 0.000000
rs0891 8.883020 0.046150 0.065930
rs0892 8.817090 0.013190 0.000000
rs0893 8.362190 0.059330 0.171420
rs0897 8.507230 0.118670 0.000000
rs0899 8.454490 0.184600 0.118670
rs0900 8.362190 0.072520 0.000000
rs0901 8.164400 0.184600 0.065930
rs0906 8.362190 0.046150 0.000000
rs0907 8.480860 0.217560 0.059330
rs0909 8.401750 0.092300 0.000000
rs0916 8.421520 0.112080 0.131850
rs0919 8.362190 0.178010 0.000000
rs0920 8.421520 0.164830 0.118670
rs0921 8.823690 0.065930 0.000000
rs0922 8.500640 0.237340 0.085700
rs0923 8.276480 0.125270 0.000000
rs0927 8.599530 0.158230 0.052740
rs0930 8.362190 0.072520 0.000000
rs0932 8.362190 0.059330 0.105490
rs0933 8.362190 0.032960 0.000000
rs0934 8.487450 0.145050 0.098890
rs0935 8.428120 0.178000 0.000000
rs0944 8.388560 0.105490 0.052740
rs0945 8.606120 0.171420 0.000000
rs0946 8.665460 0.112080 0.164820
rs0948 8.639090 0.158230 0.000000
rs0950 8.395150 0.125270 0.243930
rs0953 8.863240 0.046150 0.000000
rs0957 8.217150 0.131850 0.098900
rs0958 8.810500 0.039560 0.000000
rs0959 8.197370 0.138450 0.059330
rs0960 8.243520 0.118670 0.000000
rs0962 8.507230 0.204380 0.092300
rs0967 8.480860 0.131860 0.000000
rs0968 8.250110 0.184600 0.059330
rs0970 8.678650 0.131850 0.000000
rs0976 8.256700 0.105490 0.072520
rs0977 8.362190 0.079110 0.000000
rs0979 8.223740 0.217560 0.164820
rs0980 8.691830 0.125260 0.000000
rs0981 8.362190 0.065930 0.052740
rs0982 8.131440 0.171410 0.000000
rs0983 8.368780 0.092300 0.072530
rs0984 8.474270 0.125260 0.000000
rs0985 8.375370 0.112080 0.072520
rs0986 8.316040 0.158230 0.000000
rs0989 8.606120 0.131860 0.098890
rs0991 8.830280 0.039560 0.000000
rs0995 8.678650 0.098890 0.065920
rs0996 8.362190 0.145040 0.000000
rs0997 8.612720 0.112080 0.085710
rs0999 8.434710 0.237340 0.000000
rs1001 8.414930 0.131860 0.105480
rs1002 8.487450 0.316460 0.000000
rs1003 8.573160 0.158230 0.092290
rs1010 8.995100 0.019780 0.000000
rs1014 8.223740 0.125260 0.052740
rs1016 8.929170 0.026370 0.000000
rs1017 8.269890 0.125260 0.072520
rs1020 8.362190 0.138450 0.000000
rs1021 8.368780 0.098890 0.059340
rs1028 8.533600 0.138450 0.000000
rs1029 8.408340 0.098890 0.052740
rs1030 8.362190 0.039560 0.000000
rs1031 8.474270 0.237340 0.059340
rs1032 8.362190 0.138450 0.000000
rs1034 8.388560 0.158230 0.118670
rs1035 8.368780 0.085710 0.000000
rs1038 8.362190 0.046150 0.065930
rs1040 8.355600 0.112070 0.000000
rs1041 8.362190 0.032960 0.059340
rs1043 8.190780 0.151630 0.000000
rs1045 8.579750 0.151640 0.217570
rs1047 8.375370 0.105490 0.000000
rs1048 8.856650 0.032970 0.145040
rs1049 8.757760 0.059330 0.000000
rs1050 8.362190 0.026370 0.085710
rs1052 8.441300 0.145050 0.000000
rs1053 8.276480 0.105490 0.112080
rs1054 8.124850 0.184600 0.000000
rs1055 8.362190 0.092300 0.145050
rs1057 8.948950 0.032970 0.000000
rs1058 8.546790 0.276900 0.131850
rs1059 8.672050 0.098900 0.000000
rs1060 8.197370 0.138450 0.079110
rs1062 8.863240 0.039560 0.000000
rs1065 8.441300 0.138450 0.079110
rs1068 8.579750 0.243940 0.000000
rs1070 8.401750 0.125260 0.217560
rs1072 8.441300 0.131860 0.000000
rs1073 8.375370 0.158230 0.026370
rs1074 8.368780 0.092300 0.000000
rs1076 8.751170 0.065920 0.092300
rs1077 8.480860 0.191190 0.000000
rs1078 8.461080 0.224160 0.138450
rs1079 8.810500 0.065930 0.000000
rs1080 8.566570 0.204380 0.151640
rs1081 8.480860 0.125260 0.000000
rs1082 8.803910 0.046150 0.151640
rs1083 8.494050 0.230750 0.000000
rs1084 8.447900 0.125260 0.079120
rs1087 8.540200 0.164820 0.000000
rs1091 8.790720 0.039560 0.145040
rs1098 8.381970 0.105480 0.000000
rs1100 8.573160 0.158230 0.079110
rs1102 8.988510 0.026370 0.000000
rs1103 8.283070 0.125270 0.105490
rs1104 8.487450 0.164820 0.000000
rs1105 8.362190 0.052740 0.059340
rs1108 8.289670 0.105480 0.000000
rs1109 8.863240 0.039560 0.125260
rs1110 8.559970 0.164830 0.000000
rs1113 8.105070 0.178000 0.112080
rs1114 8.836870 0.046150 0.000000
rs1117 8.362190 0.092300 0.158230
rs1118 8.724800 0.059330 0.000000
rs1119 8.289670 0.369200 0.092300
rs1120 8.955540 0.026380 0.000000
rs1121 8.929170 0.026370 0.072530
rs1122 8.856650 0.039560 0.000000
rs1124 8.447900 0.224150 0.204380
rs1125 8.527010 0.151640 0.000000
rs1126 8.362190 0.098890 0.052740
rs1128 8.362190 0.059330 0.000000
rs1131 8.929170 0.032970 0.059340
rs1132 8.316040 0.092300 0.000000
rs1135 8.362190 0.217560 0.079120
rs1137 8.527010 0.145040 0.000000
rs1142 8.395150 0.164820 0.085700
rs1143 8.362190 0.039560 0.000000
rs1145 8.691830 0.079120 0.072530
rs1146 8.981920 0.019770 0.000000
rs1147 8.316040 0.184600 0.059340
rs1149 8.197370 0.210970 0.000000
rs1151 8.467670 0.257130 0.052740
rs1154 8.520420 0.151630 0.000000
rs1156 8.362190 0.098890 0.191190
rs1157 8.368780 0.105490 0.000000
rs1159 8.362190 0.085710 0.092300
rs1163 8.441300 0.151640 0.000000
rs1164 8.085290 0.178010 0.072520
rs1165 8.408340 0.164820 0.000000
rs1166 8.362190 0.098890 0.197790
rs1169 8.579750 0.112080 0.000000
rs1170 8.441300 0.178010 0.085710
rs1171 8.507230 0.224160 0.000000
rs1172 8.355600 0.013180 0.098890
rs1174 8.678650 0.098890 0.000000
rs1176 8.461080 0.131860 0.092300
rs1178 8.546790 0.138450 0.000000
rs1179 8.434710 0.138450 0.065930
rs1182 8.566570 0.138450 0.000000
rs1183 8.678650 0.131850 0.072520
rs1184 8.355600 0.112070 0.000000
rs1185 8.606120 0.191200 0.191190
rs1187 8.428120 0.118670 0.000000
rs1188 8.322630 0.059340 0.079120
rs1191 8.639090 0.105480 0.000000
rs1192 8.302850 0.092300 0.145040
rs1193 8.480860 0.138450 0.000000
rs1195 8.500640 0.079110 0.164820
rs1198 8.401750 0.118670 0.000000
rs1200 8.362190 0.052740 0.138450
rs1202 8.362190 0.138450 0.000000
rs1205 8.770950 0.039550 0.138450
rs1206 8.883020 0.032970 0.000000
rs1207 8.705020 0.085700 0.098890
rs1208 8.263300 0.158220 0.000000
rs1209 8.441300 0.138450 0.191190
rs1210 8.810500 0.059340 0.000000
rs1211 8.803910 0.059330 0.059340
rs1212 8.447900 0.118670 0.000000
rs1213 8.883020 0.059340 0.065930
rs1217 8.968730 0.019780 0.000000
rs1220 8.691830 0.118670 0.059330
rs1229 8.948950 0.039560 0.000000
rs1236 8.414930 0.105490 0.059340
rs1238 8.632500 0.125260 0.000000
rs1245 8.362190 0.079110 0.085710
rs1248 8.790720 0.046150 0.000000
rs1257 8.296260 0.079110 0.164820
rs1258 8.573160 0.164820 0.000000
rs1259 8.375370 0.079120 0.085710
rs1260 8.342410 0.131860 0.000000
rs1261 8.302850 0.217570 0.052750
rs1262 8.342410 0.118670 0.000000
rs1263 8.362190 0.131860 0.059340
rs1264 8.342410 0.046150 0.000000
rs1265 8.513820 0.250530 0.303270
rs1266 8.500640 0.145040 0.000000
rs1267 8.975320 0.019780 0.059340
rs1269 8.085290 0.112080 0.000000
rs1270 8.414930 0.131860 0.098890
rs1276 8.362190 0.059330 0.000000
rs1278 8.784130 0.046150 0.085710
rs1280 8.408340 0.151630 0.000000
rs1281 8.362190 0.112080 0.059330
rs1283 8.355600 0.032960 0.000000
rs1284 8.296260 0.072520 0.098900
rs1285 8.421520 0.224160 0.000000
rs1286 8.586350 0.197780 0.296670
rs1289 8.362190 0.085710 0.000000
rs1290 8.223740 0.138450 0.250530
rs1291 8.395150 0.105490 0.000000
rs1292 8.573160 0.197790 0.059340
rs1293 8.520420 0.145040 0.000000
rs1294 8.731390 0.059330 0.151630
rs1295 8.171000 0.204370 0.000000
rs1296 8.190780 0.145040 0.059340
rs1297 8.276480 0.098890 0.000000
rs1298 8.362190 0.065930 0.145040
rs1299 8.322630 0.112080 0.000000
rs1301 8.896210 0.065930 0.046150
rs1302 8.263300 0.112070 0.000000
rs1303 8.256700 0.402170 0.085700
rs1304 8.302850 0.125270 0.000000
rs1310 8.428120 0.171410 0.059340
rs1337 8.744570 0.046150 0.000000
rs1359 8.362190 0.052740 0.072520
rs1368 8.764350 0.006600 0.000000
rs1437 8.876430 0.039560 0.059340
rs1518 8.942360 0.026370 0.000000
