rf0002 7.135440 0.187240 0.000000
rf0003 7.452310 0.136830 0.302470
rf0010 7.286670 0.144030 0.000000
rf0011 6.998600 0.201650 -0.007210
rf0013 7.502720 0.036010 0.000000
rf0015 7.243460 0.165640 0.136830
rf0016 7.128230 0.144040 0.000000
rf0022 7.178650 0.100820 0.043210
rf0024 6.977000 0.208850 0.000000
rf0029 7.236260 0.158440 0.079220
rf0030 6.977000 0.331280 0.000000
rf0031 7.351490 0.129630 0.194450
rf0040 7.365890 0.158440 0.000000
rf0048 7.185850 0.158430 0.057620
rf0053 7.308280 0.136830 0.000000
rf0060 7.085020 0.151240 0.043210
rf0062 7.005810 0.187240 0.000000
rf0064 7.337080 0.144040 0.050410
rf0065 7.135440 0.144030 0.000000
rf0072 7.733170 0.187250 0.086420
rf0073 7.445110 0.223250 0.000000
rf0092 7.380290 0.201650 0.165640
rf0125 6.977000 0.439300 0.000000
rf0127 7.308280 0.057610 0.057620
rf0129 6.977000 0.223250 0.000000
rf0132 7.056220 0.129630 0.043210
rf0134 6.977000 0.432100 0.000000
rf0138 7.099430 0.064810 0.043210
rf0164 7.236260 0.208850 0.000000
rf0166 7.092230 0.093620 0.057620
rf0169 7.164240 0.158440 0.000000
rf0176 6.977000 0.612140 -0.050410
rf0180 6.984200 0.288070 0.000000
rf0190 7.113830 0.122430 0.057610
rf0201 7.322680 0.216050 0.000000
rf0204 7.365890 0.194440 0.057610
rf0205 7.229060 0.280860 0.000000
rf0223 6.977000 0.302470 -0.043210
rf0234 6.977000 0.345680 0.000000
rf0237 7.229060 0.216050 0.158440
rf0241 7.898810 0.252060 0.000000
rf0248 7.344280 0.079220 0.180040
rf0249 7.243460 0.158440 0.000000
rf0250 7.610740 0.201650 0.086410
rf0251 6.977000 0.237650 0.000000
rf0258 6.977000 0.316870 -0.028810
rf0263 7.092230 0.259260 0.000000
rf0267 7.005810 0.230450 0.000000
rf0271 6.977000 0.309670 0.000000
rf0283 7.207450 0.144040 0.144030
rf0284 7.337080 0.172840 0.000000
rf0287 7.041810 0.216050 0.021600
rf0292 6.977000 0.417700 0.000000
rf0295 7.106630 0.180040 0.072020
rf0298 7.013010 0.180040 0.000000
rf0306 7.149840 0.136830 0.050410
rf0309 7.020210 0.115230 0.000000
rf0315 6.977000 0.165640 -0.014400
rf0319 6.977000 0.288070 0.000000
rf0324 7.301070 0.036010 0.028800
rf0338 7.416300 0.180040 0.000000
rf0339 7.473910 0.129630 0.324070
rf0343 6.991400 0.309670 0.000000
rf0348 7.229060 0.187240 0.115230
rf0351 7.185850 0.165640 0.000000
rf0354 6.977000 0.590530 -0.043210
rf0358 7.495520 0.172840 0.000000
rf0363 7.574740 0.172840 0.079220
rf0364 6.977000 0.446500 0.000000
rf0366 7.257860 0.129630 0.072010
rf0372 7.459510 0.057610 0.000000
rf0375 7.164240 0.151240 0.093620
rf0377 7.027410 0.036010 0.000000
rf0383 6.977000 0.396090 -0.057610
rf0385 7.027410 0.180040 0.000000
rf0386 6.977000 0.439300 -0.050410
rf0388 7.272270 0.201640 0.000000
rf0396 7.149840 0.165640 0.115230
rf0397 7.113830 0.122430 0.000000
rf0399 7.041810 0.136840 0.028800
rf0400 7.790790 0.100820 0.000000
rf0403 7.221860 0.266460 0.072020
rf0415 6.977000 0.252060 0.000000
rf0419 7.560330 0.187250 0.079210
rf0428 7.265070 0.201640 0.000000
rf0439 7.365890 0.151230 0.057610
rf0444 7.092230 0.273660 0.000000
rf0474 7.416300 0.158440 0.064810
rf0477 7.250660 0.115230 0.000000
rf0488 7.013010 0.309670 0.000000
rf0496 7.387490 0.187250 0.000000
rf0499 7.142640 0.136830 0.050410
rf0500 6.977000 0.554530 0.000000
rf0503 7.157040 0.115230 0.050410
rf0513 6.977000 0.410490 0.000000
rf0630 7.466710 0.165640 0.064810
rf0795 7.157040 0.259260 0.000000
rs0001 7.344280 0.216050 0.057610
rs0003 7.193050 0.244860 0.000000
rs0010 7.135440 0.136830 0.057620
rs0012 7.157040 0.280870 0.000000
rs0013 7.041810 0.194450 0.021600
rs0022 7.286670 0.100820 0.000000
rs0029 7.185850 0.151230 0.064820
rs0030 7.113830 0.266460 0.000000
rs0046 7.207450 0.165640 0.151230
rs0051 6.977000 0.288070 0.000000
rs0052 6.977000 0.410490 -0.036010
rs0053 7.113830 0.108030 0.000000
rs0054 7.135440 0.144030 0.050420
rs0062 7.265070 0.129630 0.000000
rs0087 7.027410 0.669750 -0.014400
rs0088 7.207450 0.172840 0.000000
rs0089 6.977000 0.338480 -0.050410
rs0090 7.344280 0.136840 0.000000
rs0092 7.113830 0.194450 0.043210
rs0093 7.286670 0.194450 0.000000
rs0094 7.013010 0.237650 0.007200
rs0095 7.351490 0.136830 0.000000
rs0096 7.272270 0.151230 0.201650
rs0097 7.387490 0.165640 0.000000
rs0098 6.977000 0.252060 -0.021600
rs0104 7.452310 0.115220 0.000000
rs0107 7.113830 0.158440 0.072020
rs0109 7.373090 0.129630 0.000000
rs0113 7.257860 0.158440 0.158430
rs0122 7.272270 0.187240 0.000000
rs0124 7.250660 0.108030 0.093620
rs0127 7.135440 0.273660 0.000000
rs0133 6.977000 0.273660 -0.036010
rs0134 6.977000 0.302470 0.000000
rs0136 6.977000 0.172840 -0.021600
rs0138 7.257860 0.158440 0.000000
rs0140 7.589140 0.151230 0.079220
rs0141 7.056220 0.151230 0.000000
rs0143 7.250660 0.158440 0.165640
rs0145 7.653950 0.079220 0.000000
rs0146 7.322680 0.237650 0.057610
rs0147 7.034610 0.180040 0.000000
rs0150 7.092230 0.129630 0.050420
rs0156 7.049020 0.331270 0.000000
rs0159 7.121030 0.151240 0.086420
rs0163 6.977000 0.360080 0.000000
rs0167 7.272270 0.158430 0.064820
rs0168 7.394700 0.180040 0.000000
rs0172 6.977000 0.180040 -0.014400
rs0175 7.121030 0.223250 0.000000
rs0181 7.373090 0.057610 0.050410
rs0183 7.221860 0.136830 0.000000
rs0196 7.005810 0.201640 0.000000
rs0201 7.387490 0.230460 0.000000
rs0203 7.308280 0.165630 0.151240
rs0206 7.257860 0.151240 0.000000
rs0218 7.092230 0.165630 0.043210
rs0221 6.977000 0.374490 0.000000
rs0225 6.977000 0.403290 -0.036010
rs0226 7.257860 0.201650 0.000000
rs0231 7.113830 0.208850 0.043210
rs0237 7.063420 0.172840 0.000000
rs0240 7.610740 0.144040 0.367280
rs0242 6.977000 0.230450 0.000000
rs0243 7.524330 0.100820 0.360090
rs0244 6.977000 0.180040 0.000000
rs0247 7.459510 0.180040 0.057610
rs0256 7.265070 0.223250 0.000000
rs0259 7.164240 0.158440 0.108020
rs0261 7.257860 0.086420 0.000000
rs0262 7.286670 0.144030 0.064810
rs0264 7.394700 0.136830 0.000000
rs0266 7.149840 0.108020 0.086420
rs0267 6.977000 0.324070 0.000000
rs0268 6.977000 0.324070 -0.050410
rs0273 7.070620 0.144030 0.000000
rs0275 7.157040 0.158440 0.057610
rs0276 7.077820 0.223250 0.000000
rs0282 7.193050 0.158440 0.144030
rs0306 6.977000 0.439300 0.000000
rs0315 7.164240 0.136830 0.072010
rs0316 6.977000 0.352880 0.000000
rs0318 7.603540 0.180040 0.079210
rs0320 7.229060 0.136830 0.000000
rs0323 7.027410 0.158440 0.021600
rs0334 6.991400 0.266460 0.000000
rs0337 7.041810 0.280870 0.014400
rs0339 7.387490 0.180040 0.000000
rs0341 7.185850 0.158430 0.057620
rs0344 7.301070 0.208850 0.000000
rs0345 7.279470 0.129630 0.072020
rs0349 7.409100 0.165640 0.000000
rs0350 7.718770 0.072020 0.446500
rs0351 7.106630 0.208850 0.000000
rs0354 7.365890 0.244850 0.057610
rs0358 6.977000 0.273660 0.000000
rs0373 7.221860 0.288060 0.086420
rs0386 7.344280 0.302470 0.000000
rs0391 6.977000 0.216050 -0.014400
rs0392 7.661160 0.252050 0.000000
rs0393 7.070620 0.136830 0.043210
rs0406 7.128230 0.086420 0.000000
rs0416 7.272270 0.122430 0.072020
rs0419 7.049020 0.496910 0.000000
rs0421 7.344280 0.151240 0.064810
rs0424 7.322680 0.208850 0.000000
rs0425 6.977000 0.244860 -0.021600
rs0429 7.243460 0.122430 0.000000
rs0430 7.193050 0.136830 0.050410
rs0432 8.230090 0.244850 0.000000
rs0437 7.481120 0.288060 0.072020
rs0440 7.171440 0.108030 0.000000
rs0444 7.200250 0.144030 0.057610
rs0452 6.991400 0.518520 0.000000
rs0460 7.257860 0.144040 0.072010
rs0463 8.194080 0.064810 0.000000
rs0468 7.027410 0.424900 0.000000
rs0472 7.329880 0.122430 0.000000
rs0473 7.373090 0.187240 0.057610
rs0477 7.704370 0.331270 0.000000
rs0485 7.286670 0.129630 0.064810
rs0493 7.229060 0.201640 0.000000
rs0495 7.113830 0.144030 0.050410
rs0503 7.106630 0.144030 0.000000
rs0505 7.193050 0.244860 0.122430
rs0508 7.099430 0.151230 0.000000
rs0516 7.286670 0.244860 0.057610
rs0517 7.387490 0.187250 0.000000
rs0519 7.049020 0.331270 0.014410
rs0520 7.128230 0.151240 0.000000
rs0528 7.200250 0.172840 0.115230
rs0532 7.056220 0.331270 0.000000
rs0536 7.279470 0.180040 0.064820
rs0538 6.977000 0.244860 0.000000
rs0541 7.610740 0.122430 0.216040
rs0549 7.099430 0.172840 0.000000
rs0554 7.221860 0.208840 0.129630
rs0555 6.977000 0.273660 0.000000
rs0556 7.978030 0.244850 0.100820
rs0560 6.977000 0.244860 0.000000
rs0571 7.272270 0.129630 0.072020
rs0573 7.207450 0.158440 0.000000
rs0574 7.653950 0.122430 0.230450
rs0582 6.977000 0.216050 0.000000
rs0586 7.308280 0.151230 0.057620
rs0591 7.106630 0.208850 0.000000
rs0612 7.063420 0.064810 0.036010
rs0650 7.373090 0.108030 0.000000
rs0656 7.113830 0.151240 0.064810
rs0660 7.229060 0.194440 0.000000
rs0672 7.315480 0.136830 0.129630
rs0679 6.977000 0.504120 0.000000
rs0724 7.207450 0.151240 0.151230
rs0731 7.049020 0.288060 0.000000
rs0741 6.977000 0.381690 -0.057610
rs0745 7.135440 0.165630 0.000000
rs0751 7.293870 0.194450 0.144030
rs0763 6.977000 0.302470 0.000000
rs0768 6.977000 0.230450 -0.021600
rs0775 7.113830 0.122430 0.000000
rs0779 7.229060 0.194440 0.165640
rs0781 7.229060 0.144030 0.000000
rs0788 7.214650 0.172840 0.064810
rs0797 7.322680 0.122430 0.000000
rs0798 7.149840 0.115230 0.079220
rs0804 7.596340 0.187240 0.000000
rs0805 7.653950 0.165640 0.079210
rs0806 6.977000 0.266460 0.000000
rs0808 7.113830 0.043210 0.036010
rs0809 7.394700 0.194440 0.000000
rs0812 7.603540 0.122430 0.216050
rs0815 7.157040 0.136830 0.000000
rs0823 7.351490 0.151230 0.165640
rs0833 7.711570 0.086420 0.000000
rs0839 7.164240 0.201650 0.108020
rs0842 7.329880 0.129630 0.000000
rs0847 6.977000 0.525720 -0.072020
rs0868 6.977000 0.252060 0.000000
rs0869 7.301070 0.252060 0.057610
rs0871 7.106630 0.396090 0.000000
rs0896 7.322680 0.079220 0.129630
rs0906 7.308280 0.144030 0.000000
rs0909 7.005810 0.165630 0.007210
rs0916 7.135440 0.172840 0.000000
rs0932 7.200250 0.165640 0.057610
rs0933 7.178650 0.136830 0.000000
rs0944 7.092230 0.165630 0.043210
rs0950 7.301070 0.324080 0.000000
rs0957 7.466710 0.194450 0.064810
rs0958 6.977000 0.439300 0.000000
rs0959 7.164240 0.129630 0.050410
rs0960 7.200250 0.151240 0.000000
rs0967 6.991400 0.230460 -0.007200
rs0970 6.977000 0.360080 0.000000
rs0974 7.200250 0.180040 0.136830
rs0978 7.257860 0.086420 0.000000
rs0981 7.265070 0.129630 0.072020
rs0983 7.351490 0.208840 0.000000
rs0984 7.113830 0.223250 0.050410
rs0985 7.221860 0.208840 0.000000
rs0991 6.977000 0.352880 -0.057610
rs0995 6.977000 0.288070 0.000000
rs0997 6.977000 0.244860 -0.028810
rs1004 7.265070 0.136830 0.000000
rs1014 7.531530 0.172840 0.079220
rs1016 7.308280 0.172840 0.000000
rs1021 7.106630 0.129630 0.050410
rs1023 7.286670 0.100820 0.000000
rs1025 7.142640 0.093620 0.064820
rs1029 7.056220 0.151230 0.000000
rs1030 7.157040 0.129630 0.050410
rs1035 7.437910 0.237650 0.000000
rs1036 7.301070 0.079220 0.086420
rs1038 7.077820 0.086420 0.000000
rs1046 6.977000 0.266460 -0.028810
rs1047 7.077820 0.129630 0.000000
rs1050 7.164240 0.129630 0.050410
rs1052 7.013010 0.223250 0.000000
rs1055 7.149840 0.151230 0.050410
rs1060 7.646750 0.180040 0.000000
rs1062 7.373090 0.144030 0.223250
rs1072 7.013010 0.194440 0.000000
rs1074 7.265070 0.180040 0.064820
rs1075 7.322680 0.122430 0.000000
rs1081 7.128230 0.180050 0.057610
rs1082 7.301070 0.122430 0.000000
rs1084 6.998600 0.187250 0.000000
rs1091 7.646750 0.093620 0.000000
rs1098 7.171440 0.158440 0.057610
rs1100 7.005810 0.453700 0.000000
rs1102 7.236260 0.230450 0.108030
rs1103 7.646750 0.338480 0.000000
rs1105 7.128230 0.129630 0.057610
rs1106 6.977000 0.108020 0.000000
rs1109 7.358690 0.194440 0.223250
rs1110 6.977000 0.288070 0.000000
rs1111 7.286670 0.028810 0.036010
rs1112 7.337080 0.093620 0.000000
rs1116 7.106630 0.086420 0.050410
rs1117 7.135440 0.158430 0.000000
rs1118 7.020210 0.273660 -0.007200
rs1121 7.301070 0.151240 0.000000
rs1126 7.193050 0.165640 0.057610
rs1129 7.308280 0.079210 0.000000
rs1131 7.265070 0.165630 0.144040
rs1137 7.041810 0.309680 0.000000
rs1143 7.135440 0.122420 0.050420
rs1150 7.293870 0.072020 0.000000
rs1152 7.113830 0.158440 0.079220
rs1154 7.013010 0.316870 0.000000
rs1159 7.178650 0.151230 0.057620
rs1163 7.243460 0.410490 0.000000
rs1168 7.171440 0.108030 0.115220
rs1169 6.977000 0.252060 0.000000
rs1178 6.984200 0.302470 -0.021610
rs1179 7.142640 0.252060 0.000000
rs1182 6.977000 0.208850 -0.014400
rs1185 6.977000 0.576130 0.000000
rs1188 7.373090 0.165640 0.064810
rs1191 6.977000 0.388890 0.000000
rs1195 7.013010 0.194440 0.007200
rs1197 7.056220 0.151230 0.000000
rs1198 7.257860 0.309670 0.050410
rs1200 7.257860 0.129630 0.000000
rs1209 7.236260 0.345680 0.050410
rs1212 6.984200 0.180040 0.000000
rs1214 7.423500 0.028810 0.028800
rs1220 6.977000 0.446500 0.000000
rs1248 6.977000 0.266460 -0.028810
rs1258 6.977000 0.345680 0.000000
rs1259 7.466710 0.252060 0.072010
rs1264 7.308280 0.151230 0.000000
rs1266 7.272270 0.532920 0.028810
rs1267 7.250660 0.266460 0.000000
rs1270 7.265070 0.345670 0.043210
rs1276 7.265070 0.136830 0.000000
rs1284 7.488320 0.165630 0.079220
rs1290 7.394700 0.194440 0.000000
rs1291 7.157040 0.172840 0.057610
rs1293 6.977000 0.288070 0.000000
rs1296 7.459510 0.165640 0.057610
rs1297 7.315480 0.172840 0.000000
rs1337 6.977000 0.230450 -0.021600
rs1359 7.322680 0.165640 0.000000
rs1437 7.257860 0.144040 0.158430
