rf0002 -0.285730 0.125260 0.000000
rf0003 0.301030 -0.046150 0.646100
rf0010 -0.562630 0.112080 0.000000
rf0011 -0.305510 0.059330 0.131860
rf0013 0.175770 0.032960 0.000000
rf0015 0.301030 -0.019780 0.501060
rf0016 -0.041800 0.197790 0.000000
rf0022 -0.127500 0.151630 0.059340
rf0024 -0.298920 0.125270 0.000000
rf0029 -0.503300 0.151640 0.052740
rf0030 -0.305510 0.118670 0.000000
rf0031 0.301030 -0.032960 0.593360
rf0040 0.301030 -0.052740 0.000000
rf0048 -0.549450 0.105490 0.059330
rf0053 -0.602190 0.105490 0.000000
rf0060 -0.529670 0.118670 0.059330
rf0062 -0.285730 0.145040 0.000000
rf0064 -0.654930 0.098890 0.118670
rf0065 -0.536260 0.105480 0.000000
rf0072 -0.819750 0.224150 0.039560
rf0073 -0.562630 0.276900 0.000000
rf0092 0.301030 -0.013190 0.520830
rf0125 -0.298920 0.474690 0.000000
rf0127 -0.153880 0.158230 0.065920
rf0129 -0.305510 0.039560 0.000000
rf0132 -0.285730 0.131850 0.032970
rf0134 -0.305510 0.112080 0.000000
rf0138 0.175770 0.059330 0.039560
rf0164 0.301030 -0.065930 0.000000
rf0166 0.215320 0.052750 0.072520
rf0169 -0.549450 0.105490 0.000000
rf0176 -0.483520 0.619730 0.026370
rf0180 -0.483520 0.191190 0.000000
rf0190 -0.226400 0.125270 0.092300
rf0201 -0.628560 0.125260 0.000000
rf0204 -0.589000 0.145040 0.052750
rf0205 0.301030 -0.032960 0.000000
rf0223 -0.298920 0.415350 0.046150
rf0234 -0.298920 0.309870 0.000000
rf0237 0.301030 -0.046150 0.613130
rf0241 -0.799970 0.270300 0.000000
rf0248 0.175770 0.006590 0.125270
rf0249 0.301030 -0.013190 0.000000
rf0250 -0.654930 0.178000 0.079120
rf0251 -0.463740 0.191190 0.000000
rf0258 -0.305510 0.112080 0.112080
rf0263 -0.542850 0.151630 0.000000
rf0267 -0.483520 0.178010 0.052740
rf0271 0.175770 0.085700 0.000000
rf0283 0.301030 -0.039560 0.593360
rf0284 -0.621970 0.118670 0.000000
rf0287 -0.107730 0.197790 0.079110
rf0292 -0.298920 0.494460 0.000000
rf0295 0.010950 0.184590 0.072530
rf0298 -0.476930 0.171420 0.000000
rf0306 -0.602190 0.098890 0.065930
rf0309 -0.127500 0.178000 0.000000
rf0315 0.175770 0.072520 0.039560
rf0319 0.175770 0.085700 0.000000
rf0324 0.169170 0.019780 0.125260
rf0338 -0.503300 0.138450 0.000000
rf0339 0.301030 -0.026370 0.619730
rf0343 -0.298920 0.375790 0.000000
rf0348 0.301030 -0.013190 0.441720
rf0351 -0.536260 0.125260 0.000000
rf0354 -0.496700 0.494460 0.046150
rf0358 -0.628560 0.151630 0.000000
rf0363 -0.648340 0.151640 0.092300
rf0364 -0.476930 0.276900 0.000000
rf0366 -0.542850 0.112070 0.059340
rf0372 0.248290 0.019780 0.000000
rf0375 0.175770 0.065920 0.112080
rf0377 0.175770 0.013180 0.000000
rf0383 0.301030 -0.052740 0.632910
rf0385 -0.457150 0.171420 0.000000
rf0386 -0.305510 0.329640 0.098890
rf0388 0.301030 -0.019780 0.000000
rf0396 0.301030 -0.065930 0.586760
rf0397 0.301030 -0.039560 0.000000
rf0399 -0.305510 0.059330 0.118670
rf0400 0.301030 -0.013190 0.000000
rf0403 -0.562630 0.171410 0.046150
rf0415 -0.298920 0.085710 0.000000
rf0419 -0.661520 0.151630 0.105490
rf0428 -0.575820 0.118670 0.000000
rf0439 -0.826350 0.112080 0.065920
rf0444 0.123020 0.118670 0.000000
rf0474 -0.602190 0.131860 0.059330
rf0477 -0.516480 0.125260 0.000000
rf0488 -0.470330 0.197780 0.039560
rf0496 -0.602190 0.131860 0.000000
rf0499 -0.569220 0.098890 0.052750
rf0500 -0.305510 0.421940 0.000000
rf0503 -0.424180 0.138450 0.046150
rf0513 -0.298920 0.349420 0.000000
rf0630 -0.826350 0.131860 0.052740
rf0795 -0.589000 0.118670 0.000000
rs0001 -0.602190 0.138450 0.052740
rs0003 -0.549450 0.164820 0.000000
rs0010 -0.450550 0.151630 0.046150
rs0012 -0.562630 0.131850 0.000000
rs0013 -0.549450 0.131860 0.046150
rs0022 -0.193430 0.362600 0.000000
rs0029 -0.048390 0.178010 0.059340
rs0030 -0.483520 0.184600 0.000000
rs0046 0.301030 -0.046150 0.599950
rs0051 -0.298920 0.178010 0.000000
rs0052 -0.463740 0.204380 0.032960
rs0053 0.175770 0.079110 0.000000
rs0054 -0.595600 0.098900 0.052740
rs0062 -0.582410 0.112080 0.000000
rs0087 -0.569220 0.520830 0.032970
rs0088 -0.589000 0.112070 0.000000
rs0089 -0.298920 0.441720 0.032960
rs0090 -0.602190 0.105490 0.000000
rs0092 -0.556040 0.118670 0.052740
rs0093 0.301030 -0.065930 0.000000
rs0094 -0.496700 0.178000 0.052750
rs0095 -0.819750 0.224150 0.000000
rs0096 0.301030 -0.059340 0.626320
rs0097 -0.621970 0.125270 0.000000
rs0098 -0.305510 0.105480 0.105490
rs0104 -0.305510 0.487870 0.000000
rs0107 -0.259360 0.224160 0.032970
rs0109 0.057090 0.112080 0.000000
rs0113 0.301030 -0.026370 0.573580
rs0122 -0.608780 0.112080 0.000000
rs0124 -0.523070 0.112070 0.072530
rs0127 -0.516480 0.164820 0.000000
rs0133 -0.298920 0.514240 0.006590
rs0134 0.301030 -0.065930 0.000000
rs0136 -0.200030 0.323050 0.032960
rs0138 -0.562630 0.112080 0.000000
rs0140 -0.786790 0.257120 0.019780
rs0141 -0.490110 0.158230 0.000000
rs0143 0.301030 -0.039560 0.599950
rs0145 0.301030 -0.092300 0.000000
rs0146 -0.595600 0.151640 0.046150
rs0147 -0.305510 0.046150 0.000000
rs0150 -0.490110 0.145040 0.059340
rs0156 -0.569220 0.164820 0.000000
rs0159 0.301030 -0.019780 0.454910
rs0163 -0.298920 0.263720 0.000000
rs0167 -0.608780 0.112080 0.052740
rs0168 -0.628560 0.125260 0.000000
rs0172 -0.305510 0.052740 0.138450
rs0175 -0.305510 0.079110 0.000000
rs0181 -0.068170 0.296680 0.039560
rs0183 0.301030 -0.052740 0.000000
rs0196 0.076870 0.138450 0.085700
rs0201 0.301030 -0.013190 0.000000
rs0203 0.301030 -0.039560 0.606540
rs0206 0.301030 -0.032960 0.000000
rs0218 -0.516480 0.118670 0.065930
rs0221 -0.298920 0.224160 0.000000
rs0225 -0.305510 0.243930 0.125270
rs0226 -0.549450 0.138450 0.000000
rs0231 -0.496700 0.158220 0.052750
rs0237 0.301030 -0.032960 0.000000
rs0240 0.301030 -0.006590 0.283490
rs0242 -0.457150 0.178010 0.000000
rs0243 0.301030 -0.032960 0.646100
rs0244 0.175770 0.026370 0.000000
rs0247 -0.661520 0.112070 0.131860
rs0256 -0.582410 0.131860 0.000000
rs0259 -0.298920 0.178010 0.039560
rs0261 -0.213210 0.369200 0.000000
rs0262 -0.562630 0.118670 0.052740
rs0264 -0.615370 0.105480 0.000000
rs0266 -0.193430 0.323050 0.032970
rs0267 -0.298920 0.507650 0.000000
rs0268 -0.298920 0.507650 0.013180
rs0273 -0.503300 0.138450 0.000000
rs0275 -0.516480 0.125260 0.059340
rs0276 -0.503300 0.145050 0.000000
rs0282 -0.298920 0.316460 0.026370
rs0306 -0.305510 0.230750 0.000000
rs0315 -0.298920 0.118670 0.046150
rs0316 -0.298920 0.454910 0.000000
rs0318 -0.819750 0.217560 0.026370
rs0320 -0.298920 0.507650 0.000000
rs0323 -0.305510 0.039560 0.145040
rs0334 -0.305510 0.046150 0.000000
rs0337 -0.305510 0.052740 0.178010
rs0339 0.301030 -0.026370 0.000000
rs0341 -0.536260 0.112080 0.059340
rs0344 -0.562630 0.131850 0.000000
rs0345 -0.621970 0.098900 0.112080
rs0349 -0.648340 0.105490 0.000000
rs0350 -0.496700 0.665870 0.039560
rs0351 0.129620 0.118670 0.000000
rs0354 -0.595600 0.151640 0.052740
rs0358 -0.305510 0.145040 0.000000
rs0373 -0.496700 0.237340 0.046150
rs0386 -0.608780 0.158230 0.000000
rs0391 -0.305510 0.092300 0.131860
rs0392 -0.661520 0.296670 0.000000
rs0393 -0.463740 0.158230 0.039560
rs0406 -0.272550 0.112080 0.000000
rs0416 -0.608780 0.098890 0.079120
rs0419 -0.509890 0.257120 0.000000
rs0421 -0.549450 0.118670 0.085700
rs0424 -0.569220 0.145040 0.000000
rs0425 -0.305510 0.046150 0.171420
rs0429 -0.549450 0.105490 0.000000
rs0430 -0.562630 0.098890 0.065930
rs0432 -0.826350 0.217570 0.000000
rs0437 -0.608780 0.316450 0.039560
rs0440 -0.008830 0.178000 0.000000
rs0444 -0.562630 0.112080 0.052740
rs0452 -0.305510 0.481280 0.000000
rs0460 -0.595600 0.105490 0.059330
rs0463 -0.694490 0.435130 0.000000
rs0468 -0.509890 0.197790 0.065930
rs0472 -0.595600 0.105490 0.000000
rs0473 -0.641750 0.118680 0.092300
rs0477 -0.681300 0.329640 0.000000
rs0485 -0.575820 0.105490 0.059330
rs0493 -0.615370 0.112070 0.000000
rs0495 -0.542850 0.112070 0.059340
rs0503 -0.186840 0.290080 0.000000
rs0505 0.301030 -0.026370 0.547210
rs0508 -0.549450 0.112080 0.000000
rs0516 -0.589000 0.145040 0.046150
rs0517 0.301030 -0.026370 0.000000
rs0519 -0.549450 0.204380 0.046150
rs0520 -0.483520 0.145040 0.000000
rs0528 0.301030 -0.026370 0.553800
rs0532 -0.476930 0.224160 0.000000
rs0536 -0.589000 0.118670 0.052750
rs0538 -0.305510 0.065930 0.000000
rs0541 0.301030 -0.013190 0.553800
rs0549 -0.490110 0.158230 0.000000
rs0554 0.301030 -0.013190 0.474680
rs0555 -0.298920 0.145040 0.000000
rs0556 -0.826350 0.217570 0.072520
rs0560 -0.298920 0.224160 0.000000
rs0571 -0.635150 0.092300 0.118670
rs0573 -0.516480 0.131850 0.000000
rs0574 0.301030 -0.013190 0.593360
rs0582 -0.219800 0.204370 0.000000
rs0586 -0.621970 0.105490 0.072520
rs0591 0.301030 -0.065930 0.000000
rs0612 0.030720 0.210970 0.072520
rs0650 0.301030 -0.039560 0.000000
rs0656 -0.298920 0.098890 0.059330
rs0660 0.301030 -0.032960 0.000000
rs0672 0.301030 -0.052740 0.395570
rs0679 -0.490110 0.257120 0.000000
rs0724 -0.298920 0.527430 0.019780
rs0731 -0.509890 0.178010 0.000000
rs0741 0.301030 -0.039560 0.599950
rs0745 -0.265950 0.237340 0.000000
rs0751 0.301030 -0.032960 0.599950
rs0763 -0.305510 0.052740 0.000000
rs0768 -0.305510 0.032960 0.184600
rs0775 -0.503300 0.118670 0.000000
rs0779 0.301030 -0.039560 0.593360
rs0781 -0.298920 0.534020 0.000000
rs0788 -0.569220 0.118670 0.052750
rs0797 0.301030 -0.052740 0.000000
rs0798 -0.239580 0.250530 0.032970
rs0804 -0.648340 0.171410 0.000000
rs0805 -0.826350 0.197790 0.039550
rs0806 -0.298920 0.164820 0.000000
rs0808 0.175770 0.026370 0.039560
rs0809 0.301030 -0.026370 0.000000
rs0812 0.301030 -0.019780 0.606540
rs0815 -0.549450 0.105490 0.000000
rs0823 0.301030 -0.019780 0.527430
rs0833 0.301030 -0.039560 0.000000
rs0839 0.301030 -0.065930 0.632910
rs0842 -0.575820 0.112080 0.000000
rs0847 -0.305510 0.494460 0.085710
rs0868 -0.305510 0.118670 0.000000
rs0869 -0.562630 0.184600 0.046150
rs0871 -0.621970 0.145040 0.000000
rs0896 0.175770 0.052740 0.131860
rs0906 -0.582410 0.118670 0.000000
rs0909 -0.463740 0.158230 0.059330
rs0916 -0.490110 0.145040 0.000000
rs0932 -0.529670 0.118670 0.065930
rs0933 -0.575820 0.098890 0.000000
rs0944 -0.536260 0.125260 0.052740
rs0950 -0.615370 0.145040 0.000000
rs0957 -0.661520 0.125260 0.112080
rs0958 -0.305510 0.276900 0.000000
rs0959 -0.648340 0.079120 0.125260
rs0960 -0.602190 0.098890 0.000000
rs0967 -0.470330 0.178000 0.039560
rs0970 -0.305510 0.164820 0.000000
rs0974 0.301030 -0.032960 0.534020
rs0978 -0.305510 0.092300 0.000000
rs0981 -0.542850 0.112070 0.059340
rs0983 -0.575820 0.158230 0.000000
rs0984 -0.483520 0.184600 0.046150
rs0985 -0.582410 0.118670 0.000000
rs0991 -0.298920 0.474690 0.026370
rs0995 -0.298920 0.243940 0.000000
rs0997 -0.298920 0.112080 0.059330
rs1004 0.301030 -0.026370 0.000000
rs1014 -0.654930 0.131860 0.118670
rs1016 0.301030 -0.026370 0.000000
rs1021 -0.496700 0.138450 0.059340
rs1023 0.301030 -0.059340 0.000000
rs1025 -0.081350 0.303270 0.039560
rs1029 -0.496700 0.151630 0.000000
rs1030 -0.523070 0.118670 0.052750
rs1035 -0.589000 0.210970 0.000000
rs1036 -0.219800 0.171410 0.052750
rs1038 -0.496700 0.125260 0.000000
rs1046 0.175770 0.059330 0.125270
rs1047 -0.470330 0.151630 0.000000
rs1050 -0.582410 0.092300 0.059340
rs1052 -0.503300 0.164820 0.000000
rs1055 -0.523070 0.118670 0.059340
rs1060 -0.786790 0.250530 0.000000
rs1062 0.301030 -0.026370 0.593360
rs1072 -0.463740 0.171410 0.000000
rs1074 -0.556040 0.125260 0.052740
rs1075 0.301030 -0.013190 0.000000
rs1081 -0.312100 0.046150 0.145050
rs1082 -0.298920 0.514240 0.000000
rs1084 -0.476930 0.164830 0.052740
rs1091 0.301030 -0.026370 0.000000
rs1098 -0.529670 0.125270 0.052740
rs1100 -0.305510 0.164820 0.000000
rs1102 0.301030 -0.006590 0.336230
rs1103 -0.701080 0.250530 0.000000
rs1105 -0.490110 0.118670 0.065930
rs1106 0.175770 0.019770 0.000000
rs1109 0.301030 -0.032960 0.599950
rs1110 -0.305510 0.072520 0.000000
rs1111 0.175770 0.032960 0.118680
rs1112 0.301030 -0.065930 0.000000
rs1116 0.175770 0.059330 0.112080
rs1117 -0.542850 0.112070 0.000000
rs1118 -0.279140 0.276900 0.026370
rs1121 0.301030 -0.026370 0.000000
rs1126 -0.536260 0.118670 0.052740
rs1129 0.129620 0.065920 0.000000
rs1131 0.301030 -0.013190 0.448310
rs1137 -0.457150 0.191200 0.000000
rs1143 -0.542850 0.098890 0.059340
rs1150 -0.048390 0.138450 0.000000
rs1152 0.301030 -0.046150 0.494460
rs1154 -0.463740 0.204380 0.000000
rs1159 -0.542850 0.105480 0.059340
rs1163 -0.615370 0.158220 0.000000
rs1168 0.301030 -0.019780 0.441720
rs1169 -0.305510 0.105480 0.000000
rs1178 -0.305510 0.085710 0.151640
rs1179 -0.562630 0.151630 0.000000
rs1182 -0.305510 0.065930 0.138450
rs1185 -0.470330 0.395570 0.000000
rs1188 -0.608780 0.125260 0.065930
rs1191 -0.298920 0.224160 0.000000
rs1195 -0.285730 0.131850 0.059340
rs1197 -0.226400 0.388980 0.000000
rs1198 -0.628560 0.138450 0.039560
rs1200 -0.556040 0.112080 0.000000
rs1209 -0.575820 0.171420 0.046150
rs1212 -0.463740 0.164820 0.000000
rs1214 0.057090 0.085710 0.052740
rs1220 -0.305510 0.441720 0.000000
rs1248 -0.298920 0.369200 0.052740
rs1258 -0.305510 0.085710 0.000000
rs1259 -0.608780 0.250530 0.046150
rs1264 -0.615370 0.112070 0.000000
rs1266 -0.602190 0.349420 0.039560
rs1267 0.301030 -0.019780 0.000000
rs1270 -0.608780 0.138450 0.046150
rs1276 -0.569220 0.112070 0.000000
rs1284 -0.635150 0.131850 0.092300
rs1290 -0.674710 0.112080 0.000000
rs1291 -0.536260 0.125260 0.052740
rs1293 -0.305510 0.052740 0.000000
rs1296 -0.786790 0.217570 0.026370
rs1297 -0.641750 0.112080 0.000000
rs1337 -0.298920 0.184600 0.085710
rs1359 -0.589000 0.125260 0.000000
rs1437 0.301030 -0.019780 0.520830
