rf0001 8.302160 0.126480 0.000000
rf0003 8.850230 0.042160 0.000000
rf0006 8.428640 0.210800 0.126480
rf0007 8.639440 0.168630 0.000000
rf0008 9.018870 inf 0.000000
rf0010 8.302160 0.126480 0.421590
rf0011 8.470800 0.126480 0.000000
rf0014 8.344320 0.210800 0.000000
rf0015 8.512960 0.421590 0.084320
rf0017 8.344320 0.168640 0.000000
rf0019 8.260000 0.337280 0.000000
rf0020 8.470800 0.210790 0.084320
rf0023 8.302160 0.210800 0.000000
rf0024 8.512960 0.168630 0.000000
rf0028 8.344320 0.252960 0.084320
rf0029 8.386480 0.126480 0.000000
rf0030 8.512960 0.210790 0.000000
rf0031 8.892390 0.042160 0.084320
rf0032 8.597280 0.126470 0.000000
rf0033 8.302160 0.210800 0.000000
rf0034 8.260000 0.252960 0.084320
rf0040 8.892390 0.042160 0.000000
rf0042 8.260000 0.210800 0.000000
rf0043 8.892390 0.042160 0.084320
rf0045 8.260000 0.126480 0.000000
rf0048 8.344320 0.126480 0.000000
rf0049 8.302160 0.168640 0.042160
rf0051 8.175680 0.210800 0.000000
rf0053 8.260000 0.126480 0.000000
rf0058 8.428640 0.168640 0.084320
rf0059 8.470800 0.126480 0.000000
rf0060 8.344320 0.168640 0.000000
rf0061 8.512960 0.210790 0.084320
rf0062 8.597280 0.084310 0.000000
rf0064 8.217840 0.126480 0.000000
rf0065 8.344320 0.126480 0.084320
rf0068 8.217840 0.210800 0.000000
rf0071 8.892390 0.042160 0.000000
rf0072 8.091360 0.168640 0.084320
rf0073 8.344320 0.126480 0.000000
rf0074 8.597280 0.210790 0.000000
rf0076 8.344320 0.168640 0.084320
rf0077 8.302160 0.210800 0.000000
rf0079 8.386480 0.168640 0.000000
rf0083 8.344320 0.210800 0.084320
rf0084 8.386480 0.295110 0.000000
rf0092 8.934550 0.084320 0.000000
rf0098 8.470800 0.295110 0.084320
rf0099 8.344320 0.168640 0.000000
rf0102 8.302160 0.337280 0.000000
rf0104 8.217840 0.168640 0.084320
rf0106 8.470800 0.168640 0.000000
rf0107 8.302160 0.126480 0.000000
rf0108 8.217840 0.168640 0.379430
rf0109 8.470800 0.168640 0.000000
rf0110 8.217840 0.168640 0.000000
rf0111 8.428640 0.295110 0.126480
rf0117 8.470800 0.084320 0.000000
rf0118 8.260000 0.252960 0.000000
rf0119 8.302160 0.168640 0.084320
rf0120 8.091360 0.210800 0.000000
rf0122 8.260000 0.210800 0.000000
rf0125 8.512960 0.337270 0.084320
rf0126 8.976710 0.042160 0.000000
rf0128 8.470800 0.168640 0.000000
rf0129 8.428640 0.168640 0.421590
rf0132 8.597280 0.084310 0.000000
rf0134 8.428640 0.337270 0.000000
rf0141 8.217840 0.295120 0.084320
rf0143 8.386480 0.168640 0.000000
rf0145 8.555120 0.168630 0.000000
rf0147 8.808070 0.126480 0.421590
rf0150 8.512960 0.379430 0.000000
rf0154 8.217840 0.252960 0.000000
rf0155 8.512960 0.295110 0.126480
rf0156 8.892390 0.042160 0.000000
rf0157 8.133520 0.252960 0.000000
rf0160 8.428640 0.463750 0.126480
rf0164 8.470800 0.421590 0.000000
rf0165 8.386480 0.379430 0.000000
rf0167 8.428640 0.505910 0.084320
rf0169 8.344320 0.126480 0.000000
rf0170 8.723750 0.126480 0.000000
rf0171 9.018870 0.000000 0.084320
rf0172 8.428640 0.210800 0.000000
rf0173 8.470800 0.337270 0.000000
rf0175 8.344320 0.210800 0.084320
rf0176 8.386480 0.421590 0.000000
rf0177 8.428640 0.168640 0.000000
rf0179 8.344320 0.126480 0.084320
rf0180 8.386480 0.210800 0.000000
rf0181 8.386480 0.295110 0.000000
rf0191 8.470800 0.295110 0.126480
rf0192 8.386480 0.126480 0.000000
rf0193 8.512960 0.295110 0.000000
rf0195 8.428640 0.337270 0.084320
rf0197 8.344320 0.126480 0.000000
rf0199 8.302160 0.210800 0.000000
rf0201 8.260000 0.168640 0.084320
rf0204 8.302160 0.168640 0.000000
rf0205 8.470800 0.337270 0.000000
rf0206 8.765910 0.126480 0.126480
rf0207 8.344320 0.168640 0.000000
rf0209 9.018870 inf 0.000000
rf0210 8.386480 0.126480 0.126480
rf0216 8.428640 0.379430 0.000000
rf0217 8.934550 0.042160 0.000000
rf0218 8.597280 0.210790 0.084320
rf0223 8.470800 0.337270 0.000000
rf0226 8.344320 0.210800 0.000000
rf0227 8.386480 0.168640 0.084320
rf0229 8.892390 0.042160 0.000000
rf0234 8.470800 0.252950 0.000000
rf0236 8.344320 0.126480 0.337270
rf0237 8.512960 0.337270 0.000000
rf0238 8.344320 0.168640 0.000000
rf0241 8.091360 0.210800 0.084320
rf0242 8.597280 0.126470 0.000000
rf0245 8.850230 0.084320 0.000000
rf0246 8.133520 0.210800 0.084320
rf0247 8.302160 0.168640 0.000000
rf0249 8.934550 0.042160 0.000000
rf0250 8.217840 0.168640 0.084320
rf0251 8.386480 0.210800 0.000000
rf0252 8.302160 0.210800 0.000000
rf0256 8.555120 0.295110 0.084320
rf0257 8.260000 0.210800 0.000000
rf0258 8.470800 0.210790 0.000000
rf0259 8.428640 0.168640 0.042160
rf0262 8.217840 0.168640 0.000000
rf0263 8.344320 0.210800 0.000000
rf0264 8.470800 0.295110 0.084320
rf0265 8.260000 0.168640 0.000000
rf0266 8.133520 0.210800 0.000000
rf0267 8.386480 0.210800 0.084320
rf0268 8.344320 0.210800 0.000000
rf0269 8.344320 0.295120 0.000000
rf0272 8.344320 0.126480 0.042160
rf0273 8.217840 0.210800 0.000000
rf0280 8.260000 0.168640 0.000000
rf0283 8.512960 0.379430 0.337270
rf0284 8.260000 0.126480 0.000000
rf0292 8.470800 0.379430 0.000000
rf0294 8.428640 0.295110 0.084320
rf0296 8.428640 0.252950 0.000000
rf0297 8.302160 0.252960 0.000000
rf0298 8.386480 0.168640 0.084320
rf0299 8.344320 0.210800 0.000000
rf0300 8.386480 0.126480 0.000000
rf0302 8.850230 0.084320 0.084320
rf0303 8.386480 0.210800 0.000000
rf0305 8.386480 0.210800 0.000000
rf0306 8.260000 0.168640 0.084320
rf0314 8.260000 0.252960 0.000000
rf0316 8.765910 0.042160 0.000000
rf0318 8.217840 0.252960 0.084320
rf0320 8.260000 0.168640 0.000000
rf0322 8.428640 0.295110 0.000000
rf0323 8.428640 0.210800 0.126480
rf0326 8.302160 0.210800 0.000000
rf0328 8.512960 0.168630 0.000000
rf0331 8.470800 0.168640 0.084320
rf0332 8.260000 0.168640 0.000000
rf0333 8.808070 0.042160 0.000000
rf0335 8.217840 0.210800 0.084320
rf0338 8.344320 0.084320 0.000000
rf0339 8.850230 0.000000 0.000000
rf0340 8.302160 0.126480 0.126480
rf0341 8.555120 0.379430 0.000000
rf0342 8.470800 0.126480 0.000000
rf0343 8.597280 0.168630 0.084320
rf0348 8.976710 0.042160 0.000000
rf0351 8.344320 0.168640 0.000000
rf0354 8.386480 0.379430 0.084320
rf0358 8.260000 0.126480 0.000000
rf0360 8.344320 0.337270 0.000000
rf0363 8.217840 0.126480 0.084320
rf0364 8.386480 0.295110 0.000000
rf0365 8.428640 0.126480 0.000000
rf0366 8.344320 0.126480 0.084320
rf0367 8.344320 0.126480 0.000000
rf0368 8.302160 0.126480 0.000000
rf0370 8.386480 0.126480 0.084320
rf0374 8.344320 0.168640 0.000000
rf0376 8.470800 0.126480 0.000000
rf0378 8.512960 0.337270 0.084320
rf0381 8.344320 0.210800 0.000000
rf0383 8.428640 0.210800 0.000000
rf0385 8.428640 0.126480 0.084320
rf0386 8.470800 0.337270 0.000000
rf0387 8.470800 0.379430 0.000000
rf0388 8.470800 0.463750 0.463750
rf0391 8.386480 0.210800 0.000000
rf0392 8.217840 0.168640 0.000000
rf0393 8.302160 0.168640 0.084320
rf0395 8.934550 0.042160 0.000000
rf0396 8.681590 0.168640 0.000000
rf0398 8.512960 0.337270 0.084320
rf0399 8.470800 0.126480 0.000000
rf0400 9.018870 inf 0.000000
rf0401 8.133520 0.168640 0.126480
rf0403 8.344320 0.210800 0.000000
rf0412 8.386480 0.168640 0.000000
rf0413 8.344320 0.210800 0.084320
rf0415 8.512960 0.126480 0.000000
rf0417 8.892390 0.084320 0.000000
rf0418 8.597280 0.210790 0.084320
rf0419 8.217840 0.126480 0.000000
rf0425 8.428640 0.295110 0.000000
rf0426 8.091360 0.168640 0.084320
rf0427 8.428640 0.252950 0.000000
rf0428 8.302160 0.168640 0.000000
rf0430 8.302160 0.252960 0.084320
rf0431 8.217840 0.168640 0.000000
rf0432 8.386480 0.168640 0.000000
rf0433 8.386480 0.252960 0.210790
rf0434 8.260000 0.210800 0.000000
rf0436 8.260000 0.252960 0.000000
rf0439 8.049200 0.168640 0.084320
rf0441 8.217840 0.126480 0.000000
rf0443 8.344320 0.210800 0.000000
rf0448 8.428640 0.126480 0.084320
rf0450 8.850230 0.084320 0.000000
rf0452 8.470800 0.168640 0.000000
rf0453 8.428640 0.168640 0.084320
rf0454 8.386480 0.210800 0.000000
rf0455 8.976710 0.042160 0.000000
rf0456 8.470800 0.168640 0.421590
rf0459 8.217840 0.168640 0.000000
rf0460 8.555120 0.295110 0.000000
rf0461 8.260000 0.252960 0.042160
rf0462 8.260000 0.168640 0.000000
rf0463 8.555120 0.337270 0.000000
rf0464 8.133520 0.210800 0.042160
rf0465 8.344320 0.210800 0.000000
rf0466 8.428640 0.210800 0.000000
rf0467 8.470800 0.168640 0.084320
rf0471 8.344320 0.295120 0.000000
rf0473 8.470800 0.337270 0.000000
rf0474 8.260000 0.126480 0.084320
rf0476 8.344320 0.168640 0.000000
rf0477 8.344320 0.126480 0.000000
rf0478 8.344320 0.463750 0.084320
rf0479 8.260000 0.168640 0.000000
rf0480 8.386480 0.210800 0.000000
rf0482 8.512960 0.126480 0.126480
rf0485 8.007040 0.252960 0.000000
rf0487 8.344320 0.126480 0.000000
rf0488 8.428640 0.210800 0.210790
rf0496 8.260000 0.168640 0.000000
rf0497 8.175680 0.295120 0.000000
rf0498 8.091360 0.210800 0.758870
rf0499 8.344320 0.084320 0.000000
rf0500 8.428640 0.421590 0.000000
rf0503 8.428640 0.084320 0.084320
rf0505 8.344320 0.168640 0.000000
rf0507 8.386480 0.295110 0.000000
rf0510 8.512960 0.337270 0.084320
rf0511 8.428640 0.168640 0.000000
rf0513 8.470800 0.379430 0.000000
rf0518 8.344320 0.210800 0.042160
rf0524 8.302160 0.168640 0.000000
rf0545 8.344320 0.210800 0.000000
rf0583 8.217840 0.210800 0.084320
rf0591 8.470800 0.295110 0.000000
rf0607 8.344320 0.168640 0.000000
rf0622 8.217840 0.168640 0.084320
rf0630 8.049200 0.168640 0.000000
rf0632 8.175680 0.168640 0.000000
rf0642 8.175680 0.126480 0.126480
rf0644 8.091360 0.168640 0.000000
rf0663 8.133520 0.168640 0.000000
rf0684 8.428640 0.421590 0.084320
rf0693 8.175680 0.210800 0.000000
rf0695 8.344320 0.126480 0.000000
rf0701 8.302160 0.252960 0.084320
rf0707 8.386480 0.168640 0.000000
rf0713 8.260000 0.210800 0.000000
rf0730 8.428640 0.210800 0.042160
rf0739 8.386480 0.252960 0.000000
rf0745 8.049200 0.252960 0.000000
rf0783 8.302160 0.168640 0.084320
rf0795 8.302160 0.210800 0.000000
rs0001 8.302160 0.168640 0.000000
rs0002 8.386480 0.168640 0.042160
rs0003 8.344320 0.210800 0.000000
rs0010 8.386480 0.126480 0.000000
rs0011 8.344320 0.210800 0.084320
rs0012 8.344320 0.210800 0.000000
rs0013 8.344320 0.168640 0.000000
rs0017 8.639440 0.210790 0.084320
rs0019 8.934550 0.084320 0.000000
rs0020 8.344320 0.168640 0.000000
rs0023 8.892390 0.000000 0.084320
rs0030 8.428640 0.168640 0.000000
rs0035 8.175680 0.168640 0.000000
rs0038 8.512960 0.337270 0.084320
rs0039 8.302160 0.126480 0.000000
rs0041 8.428640 0.252950 0.000000
rs0042 8.850230 0.000000 0.084320
rs0045 8.428640 0.252950 0.000000
rs0046 8.512960 0.379430 0.000000
rs0047 8.217840 0.210800 0.084320
rs0048 8.428640 0.463750 0.000000
rs0050 8.512960 0.337270 0.000000
rs0051 8.512960 0.210790 0.168630
rs0052 8.428640 0.295110 0.000000
rs0054 8.302160 0.126480 0.000000
rs0062 8.302160 0.126480 0.084320
rs0063 8.597280 0.084310 0.000000
rs0064 8.512960 0.295110 0.000000
rs0065 8.428640 0.210800 0.590230
rs0068 8.386480 0.210800 0.000000
rs0070 8.344320 0.126480 0.000000
rs0077 8.976710 0.042160 0.084320
rs0081 8.344320 0.084320 0.000000
rs0082 8.344320 0.295120 0.000000
rs0083 8.260000 0.252960 0.084320
rs0084 8.428640 0.168640 0.000000
rs0085 8.428640 0.210800 0.000000
rs0087 8.302160 0.421590 0.295110
rs0088 8.302160 0.168640 0.000000
rs0089 8.512960 0.337270 0.000000
rs0090 8.260000 0.126480 0.126480
rs0092 8.344320 0.168640 0.000000
rs0093 8.428640 0.463750 0.000000
rs0094 8.386480 0.168640 0.042160
rs0095 8.217840 0.126480 0.000000
rs0096 8.512960 0.337270 0.000000
rs0097 8.260000 0.126480 0.084320
rs0098 8.470800 0.168640 0.000000
rs0099 8.260000 0.295120 0.000000
rs0103 8.512960 0.252950 0.084320
rs0104 8.850230 0.042160 0.000000
rs0105 8.386480 0.168640 0.000000
rs0106 8.260000 0.168640 0.548070
rs0111 8.302160 0.168640 0.000000
rs0113 8.892390 0.042160 0.000000
rs0118 8.386480 0.168640 0.084320
rs0120 8.470800 0.210790 0.000000
rs0121 8.428640 0.421590 0.000000
rs0122 8.260000 0.168640 0.084320
rs0123 8.512960 0.295110 0.000000
rs0124 8.344320 0.084320 0.000000
rs0126 8.512960 0.295110 0.042160
rs0127 8.386480 0.210800 0.000000
rs0128 8.555120 0.337270 0.000000
rs0129 9.018870 inf 0.084320
rs0130 8.386480 0.210800 0.000000
rs0132 8.133520 0.210800 0.000000
rs0133 8.512960 0.252950 0.084320
rs0134 8.555120 0.252950 0.000000
rs0135 8.512960 0.210790 0.000000
rs0137 8.470800 0.126480 0.084320
rs0138 8.302160 0.168640 0.000000
rs0140 8.217840 0.126480 0.000000
rs0141 8.386480 0.126480 0.337270
rs0143 8.512960 0.379430 0.000000
rs0145 8.808070 0.042160 0.000000
rs0146 8.302160 0.168640 0.126480
rs0147 8.470800 0.126480 0.000000
rs0148 8.892390 0.084320 0.000000
rs0149 8.386480 0.210800 0.084320
rs0150 8.344320 0.168640 0.000000
rs0153 8.639440 0.252950 0.000000
rs0154 8.217840 0.337280 0.379430
rs0156 8.344320 0.210800 0.000000
rs0158 8.260000 0.337280 0.000000
rs0163 8.512960 0.210790 0.084320
rs0165 8.386480 0.168640 0.000000
rs0166 8.555120 0.168630 0.000000
rs0167 8.260000 0.168640 0.084320
rs0168 8.217840 0.168640 0.000000
rs0170 8.344320 0.126480 0.000000
rs0171 8.344320 0.168640 0.084320
rs0172 8.428640 0.168640 0.000000
rs0174 8.344320 0.168640 0.000000
rs0175 8.470800 0.168640 0.084320
rs0178 8.260000 0.126480 0.000000
rs0179 8.470800 0.252950 0.000000
rs0180 8.470800 0.168640 0.084320
rs0182 8.892390 0.042160 0.000000
rs0183 8.555120 0.295110 0.000000
rs0184 8.344320 0.252960 0.084320
rs0185 8.555120 0.252950 0.000000
rs0188 8.934550 0.084320 0.000000
rs0189 8.555120 0.252950 0.084320
rs0192 8.555120 0.126470 0.000000
rs0193 8.470800 0.295110 0.000000
rs0195 8.470800 0.337270 0.084320
rs0200 8.428640 0.084320 0.000000
rs0201 8.976710 0.042160 0.000000
rs0203 8.934550 0.042160 0.084320
rs0206 8.892390 0.042160 0.000000
rs0209 8.681590 0.126480 0.000000
rs0210 8.344320 0.252960 0.084320
rs0211 8.976710 0.042160 0.000000
rs0212 8.344320 0.210800 0.000000
rs0215 8.344320 0.126480 0.084320
rs0218 8.344320 0.168640 0.000000
rs0220 8.302160 0.126480 0.000000
rs0221 8.512960 0.252950 0.084320
rs0224 8.470800 0.210790 0.000000
rs0225 8.428640 0.295110 0.000000
rs0226 8.344320 0.168640 0.084320
rs0227 8.470800 0.421590 0.000000
rs0228 8.344320 0.168640 0.000000
rs0231 8.386480 0.168640 0.084320
rs0236 8.260000 0.210800 0.000000
rs0237 8.850230 0.084320 0.000000
rs0240 9.018870 inf 0.084320
rs0241 8.386480 0.168640 0.000000
rs0242 8.386480 0.210800 0.000000
rs0243 8.808070 0.042160 0.126480
rs0246 8.217840 0.168640 0.000000
rs0247 8.175680 0.168640 0.000000
rs0250 8.470800 0.295110 0.084320
rs0251 8.344320 0.295120 0.000000
rs0255 8.302160 0.210800 0.000000
rs0256 8.302160 0.168640 0.084320
rs0257 8.344320 0.168640 0.000000
rs0259 8.555120 0.126470 0.000000
rs0260 8.470800 0.463750 0.042160
rs0262 8.344320 0.126480 0.000000
rs0263 8.555120 0.295110 0.000000
rs0264 8.260000 0.126480 0.084320
rs0267 8.555120 0.252950 0.000000
rs0268 8.555120 0.252950 0.000000
rs0269 8.302160 0.168640 0.042160
rs0270 8.512960 0.421590 0.000000
rs0273 8.386480 0.126480 0.000000
rs0274 8.470800 0.168640 0.042160
rs0275 8.344320 0.168640 0.000000
rs0276 8.386480 0.168640 0.000000
rs0277 8.344320 0.126480 0.084320
rs0280 8.512960 0.337270 0.000000
rs0282 8.597280 0.168630 0.000000
rs0283 8.470800 0.126480 0.084320
rs0284 8.386480 0.168640 0.000000
rs0288 8.976710 0.042160 0.000000
rs0289 8.428640 0.168640 0.084320
rs0290 8.302160 0.295120 0.000000
rs0297 8.344320 0.126480 0.000000
rs0303 8.217840 0.210800 0.084320
rs0306 8.470800 0.295110 0.000000
rs0308 8.428640 0.463750 0.000000
rs0313 8.892390 0.042160 0.084320
rs0314 8.386480 0.295110 0.000000
rs0316 8.512960 0.295110 0.000000
rs0318 8.091360 0.210800 0.295110
rs0320 8.639440 0.168630 0.000000
rs0323 8.428640 0.168640 0.000000
rs0325 8.555120 0.084320 0.084320
rs0328 8.428640 0.168640 0.000000
rs0330 8.260000 0.252960 0.000000
rs0331 8.428640 0.168640 0.084320
rs0334 8.428640 0.210800 0.000000
rs0336 8.386480 0.337270 0.000000
rs0337 8.470800 0.168640 0.084320
rs0339 8.892390 0.084320 0.000000
rs0340 8.470800 0.210790 0.000000
rs0341 8.344320 0.126480 0.084320
rs0343 8.302160 0.337280 0.000000
rs0344 8.344320 0.168640 0.000000
rs0345 8.217840 0.168640 0.337270
rs0349 8.217840 0.126480 0.000000
rs0350 8.639440 0.084310 0.000000
rs0354 8.302160 0.168640 0.126480
rs0358 8.470800 0.210790 0.000000
rs0363 8.302160 0.252960 0.000000
rs0364 8.344320 0.126480 0.084320
rs0365 8.344320 0.168640 0.000000
rs0367 8.386480 0.168640 0.000000
rs0371 8.639440 0.210790 0.084320
rs0372 8.217840 0.210800 0.000000
rs0373 8.428640 0.168640 0.000000
rs0374 8.260000 0.168640 0.084320
rs0376 8.428640 0.379430 0.000000
rs0377 8.344320 0.168640 0.000000
rs0380 8.302160 0.295120 0.084320
rs0384 8.386480 0.168640 0.000000
rs0386 8.302160 0.210800 0.000000
rs0389 8.260000 0.252960 0.084320
rs0391 8.428640 0.168640 0.000000
rs0392 8.217840 0.168640 0.000000
rs0393 8.386480 0.126480 0.126480
rs0394 8.217840 0.126480 0.000000
rs0401 8.512960 0.295110 0.000000
rs0408 8.302160 0.252960 0.084320
rs0409 8.470800 0.252950 0.000000
rs0410 8.302160 0.210800 0.000000
rs0411 8.344320 0.126480 0.379430
rs0416 8.260000 0.126480 0.000000
rs0417 8.344320 0.084320 0.000000
rs0418 8.386480 0.168640 0.084320
rs0419 8.386480 0.295110 0.000000
rs0420 8.555120 0.210790 0.000000
rs0421 8.344320 0.084320 0.084320
rs0422 8.260000 0.126480 0.000000
rs0423 8.302160 0.295120 0.000000
rs0424 8.344320 0.126480 0.421590
rs0425 8.428640 0.168640 0.000000
rs0427 8.386480 0.168640 0.000000
rs0428 8.428640 0.295110 0.084320
rs0429 8.344320 0.126480 0.000000
rs0430 8.302160 0.126480 0.000000
rs0432 8.049200 0.252960 0.042160
rs0433 8.428640 0.421590 0.000000
rs0435 8.344320 0.252960 0.000000
rs0437 8.302160 0.168640 0.084320
rs0442 8.302160 0.168640 0.000000
rs0444 8.344320 0.126480 0.000000
rs0449 8.597280 0.168630 0.084320
rs0452 8.470800 0.295110 0.000000
rs0453 9.018870 inf 0.000000
rs0454 8.470800 0.168640 0.463750
rs0456 8.428640 0.210800 0.000000
rs0458 8.386480 0.168640 0.000000
rs0460 8.260000 0.168640 0.084320
rs0463 8.639440 0.042150 0.000000
rs0467 8.344320 0.168640 0.000000
rs0468 8.386480 0.295110 0.084320
rs0469 8.302160 0.168640 0.000000
rs0470 8.217840 0.168640 0.000000
rs0472 8.260000 0.126480 0.126480
rs0473 8.217840 0.168640 0.000000
rs0476 8.892390 0.042160 0.000000
rs0477 8.217840 0.210800 0.084320
rs0480 8.386480 0.168640 0.000000
rs0485 8.302160 0.126480 0.000000
rs0492 8.302160 0.126480 0.084320
rs0493 8.260000 0.210800 0.000000
rs0494 8.555120 0.210790 0.000000
rs0495 8.344320 0.126480 0.084320
rs0496 8.470800 0.210790 0.000000
rs0505 8.428640 0.210800 0.000000
rs0508 8.344320 0.126480 0.084320
rs0512 8.470800 0.295110 0.000000
rs0516 8.302160 0.210800 0.000000
rs0517 8.976710 0.000000 0.084320
rs0519 8.344320 0.252960 0.000000
rs0520 8.386480 0.126480 0.000000
rs0521 8.428640 0.168640 0.084320
rs0522 8.470800 0.210790 0.000000
rs0524 8.302160 0.337280 0.000000
rs0526 8.386480 0.126480 0.084320
rs0528 8.512960 0.463750 0.000000
rs0529 8.344320 0.168640 0.000000
rs0531 8.976710 0.042160 0.084320
rs0532 8.428640 0.210800 0.000000
rs0534 8.386480 0.210800 0.000000
rs0536 8.302160 0.168640 0.084320
rs0538 8.470800 0.168640 0.000000
rs0541 8.892390 0.042160 0.000000
rs0542 8.217840 0.590230 0.084320
rs0543 8.260000 0.337280 0.000000
rs0545 8.344320 0.126480 0.000000
rs0546 8.555120 0.126470 0.084320
rs0548 8.260000 0.252960 0.000000
rs0549 8.386480 0.168640 0.000000
rs0553 8.344320 0.210800 0.084320
rs0554 8.512960 0.421590 0.000000
rs0555 8.470800 0.210790 0.000000
rs0556 8.049200 0.210800 0.084320
rs0559 8.302160 0.210800 0.000000
rs0560 8.512960 0.210790 0.000000
rs0562 8.302160 0.210800 0.084320
rs0564 8.428640 0.210800 0.000000
rs0566 8.302160 0.210800 0.000000
rs0568 8.344320 0.168640 0.084320
rs0571 8.217840 0.168640 0.000000
rs0572 8.512960 0.337270 0.000000
rs0573 8.344320 0.168640 0.042160
rs0574 8.892390 0.042160 0.000000
rs0578 8.555120 0.337270 0.000000
rs0579 8.428640 0.168640 0.042160
rs0585 8.428640 0.210800 0.000000
rs0586 8.260000 0.126480 0.000000
rs0588 8.344320 0.505910 0.084320
rs0591 8.470800 0.379430 0.000000
rs0598 8.512960 0.252950 0.000000
rs0599 8.681590 0.210800 0.084320
rs0602 8.344320 0.210800 0.000000
rs0609 8.470800 0.168640 0.000000
rs0615 8.428640 0.337270 0.126480
rs0616 8.597280 0.295110 0.000000
rs0617 9.061030 inf 0.000000
rs0618 8.386480 0.252960 0.463750
rs0620 8.428640 0.210800 0.000000
rs0623 8.344320 0.126480 0.000000
rs0626 8.470800 0.168640 0.168630
rs0627 8.808070 0.042160 0.000000
rs0630 8.428640 0.210800 0.000000
rs0637 8.470800 0.379430 0.042160
rs0638 8.934550 0.042160 0.000000
rs0640 8.386480 0.421590 0.000000
rs0641 8.512960 0.210790 0.084320
rs0644 8.428640 0.210800 0.000000
rs0645 8.470800 0.210790 0.000000
rs0656 8.512960 0.126480 0.126480
rs0660 8.470800 0.463750 0.000000
rs0667 8.597280 0.168630 0.000000
rs0670 8.934550 0.042160 0.084320
rs0671 8.386480 0.126480 0.000000
rs0677 8.470800 0.379430 0.000000
rs0679 8.386480 0.337270 0.084320
rs0691 8.428640 0.421590 0.000000
rs0696 8.976710 0.000000 0.000000
rs0703 8.386480 0.337270 0.084320
rs0708 8.850230 0.042160 0.000000
rs0710 8.302160 0.252960 0.000000
rs0713 8.344320 0.126480 0.042160
rs0720 8.512960 0.126480 0.000000
rs0722 8.386480 0.210800 0.000000
rs0724 8.512960 0.379430 0.126480
rs0726 8.344320 0.168640 0.000000
rs0727 8.217840 0.463750 0.000000
rs0731 8.386480 0.210800 0.337270
rs0733 8.512960 0.379430 0.000000
rs0734 8.428640 0.210800 0.000000
rs0738 8.386480 0.210800 0.084320
rs0740 8.302160 0.168640 0.000000
rs0741 8.470800 0.295110 0.000000
rs0743 8.260000 0.126480 0.126480
rs0744 8.597280 0.126470 0.000000
rs0746 8.512960 0.295110 0.000000
rs0747 8.892390 0.042160 0.084320
rs0751 8.976710 0.000000 0.000000
rs0752 8.344320 0.379430 0.000000
rs0754 8.428640 0.337270 0.084320
rs0756 8.386480 0.168640 0.000000
rs0758 8.512960 0.295110 0.000000
rs0763 8.428640 0.252950 0.042160
rs0766 8.512960 0.126480 0.000000
rs0767 8.344320 0.252960 0.000000
rs0768 8.428640 0.168640 0.084320
rs0769 8.428640 0.210800 0.000000
rs0774 8.344320 0.126480 0.000000
rs0775 8.344320 0.126480 0.084320
rs0777 8.175680 0.168640 0.000000
rs0778 8.344320 0.126480 0.000000
rs0779 8.555120 0.252950 0.084320
rs0781 8.765910 0.084320 0.000000
rs0782 8.260000 0.126480 0.000000
rs0786 8.344320 0.210800 0.084320
rs0788 8.344320 0.126480 0.000000
rs0790 8.260000 0.210800 0.000000
rs0793 8.470800 0.210790 0.084320
rs0794 8.808070 0.042160 0.000000
rs0797 8.765910 0.084320 0.000000
rs0799 8.344320 0.126480 0.084320
rs0800 8.512960 0.210790 0.000000
rs0802 8.344320 0.168640 0.000000
rs0804 8.217840 0.168640 0.084320
rs0805 8.091360 0.168640 0.000000
rs0806 8.512960 0.168630 0.000000
rs0809 8.892390 0.042160 0.084320
rs0810 8.302160 0.252960 0.000000
rs0811 8.512960 0.210790 0.000000
rs0812 8.892390 0.084320 0.084320
rs0815 8.344320 0.126480 0.000000
rs0818 8.344320 0.126480 0.000000
rs0823 8.892390 0.084320 0.084320
rs0828 8.344320 0.252960 0.000000
rs0831 8.934550 0.042160 0.000000
rs0832 8.217840 0.210800 0.084320
rs0833 8.765910 0.042160 0.000000
rs0834 8.512960 0.126480 0.000000
rs0836 8.850230 0.084320 0.252950
rs0838 8.808070 0.084320 0.000000
rs0839 8.428640 0.463750 0.000000
rs0840 8.344320 0.168640 0.084320
rs0842 8.302160 0.126480 0.000000
rs0843 8.470800 0.210790 0.000000
rs0845 8.892390 0.000000 0.084320
rs0846 8.428640 0.252950 0.000000
rs0847 8.470800 0.337270 0.000000
rs0850 8.428640 0.463750 0.084320
rs0853 8.386480 0.463750 0.000000
rs0854 8.597280 0.168630 0.000000
rs0855 8.386480 0.548070 0.463750
rs0856 9.018870 inf 0.000000
rs0860 8.934550 0.084320 0.000000
rs0865 9.018870 inf 0.126480
rs0866 8.555120 0.210790 0.000000
rs0868 8.470800 0.210790 0.000000
rs0869 8.344320 0.168640 0.084320
rs0871 8.260000 0.252960 0.000000
rs0872 8.512960 0.168630 0.000000
rs0880 8.512960 0.168630 0.042160
rs0887 8.555120 0.168630 0.000000
rs0891 8.892390 0.084320 0.000000
rs0892 8.639440 0.084310 0.084320
rs0893 8.344320 0.126480 0.000000
rs0897 8.470800 0.126480 0.000000
rs0899 8.428640 0.168640 0.084320
rs0900 8.302160 0.168640 0.000000
rs0901 8.175680 0.168640 0.000000
rs0906 8.302160 0.126480 0.042160
rs0907 8.386480 0.252960 0.000000
rs0909 8.386480 0.126480 0.000000
rs0916 8.386480 0.168640 0.084320
rs0919 8.344320 0.210800 0.000000
rs0920 8.386480 0.168640 0.000000
rs0921 8.555120 0.337270 0.084320
rs0922 8.428640 0.295110 0.000000
rs0923 8.302160 0.168640 0.000000
rs0927 8.428640 0.168640 0.084320
rs0930 8.386480 0.084320 0.000000
rs0932 8.344320 0.126480 0.000000
rs0933 8.302160 0.126480 0.084320
rs0934 8.428640 0.168640 0.000000
rs0935 8.344320 0.210800 0.000000
rs0944 8.344320 0.168640 0.042160
rs0945 8.512960 0.252950 0.000000
rs0946 8.597280 0.210790 0.000000
rs0948 8.512960 0.337270 0.084320
rs0950 8.302160 0.210800 0.000000
rs0953 8.850230 0.084320 0.000000
rs0957 8.217840 0.126480 0.084320
rs0958 8.428640 0.379430 0.000000
rs0959 8.217840 0.126480 0.000000
rs0960 8.260000 0.126480 0.084320
rs0962 8.386480 0.252960 0.000000
rs0967 8.386480 0.168640 0.000000
rs0968 8.217840 0.210800 0.084320
rs0970 8.428640 0.337270 0.000000
rs0976 8.217840 0.168640 0.000000
rs0977 8.344320 0.168640 0.084320
rs0979 8.217840 0.295120 0.000000
rs0980 8.470800 0.252950 0.000000
rs0981 8.344320 0.126480 0.084320
rs0982 8.175680 0.168640 0.000000
rs0983 8.344320 0.126480 0.000000
rs0984 8.428640 0.168640 0.084320
rs0985 8.302160 0.210800 0.000000
rs0986 8.302160 0.210800 0.000000
rs0989 8.512960 0.210790 0.126480
rs0991 8.512960 0.337270 0.000000
rs0995 8.512960 0.210790 0.000000
rs0996 8.344320 0.168640 0.084320
rs0997 8.512960 0.168630 0.000000
rs0999 8.428640 0.295110 0.000000
rs1001 8.302160 0.210800 0.126480
rs1002 8.344320 0.548070 0.000000
rs1003 8.470800 0.252950 0.000000
rs1010 8.976710 0.042160 0.084320
rs1014 8.217840 0.126480 0.000000
rs1016 8.934550 0.042160 0.000000
rs1017 8.217840 0.210800 0.084320
rs1020 8.344320 0.210800 0.000000
rs1021 8.386480 0.126480 0.000000
rs1028 8.470800 0.168640 0.084320
rs1029 8.386480 0.126480 0.000000
rs1030 8.344320 0.126480 0.000000
rs1031 8.386480 0.295110 0.084320
rs1032 8.302160 0.210800 0.000000
rs1034 8.344320 0.168640 0.000000
rs1035 8.302160 0.168640 0.126480
rs1038 8.344320 0.126480 0.000000
rs1040 8.302160 0.168640 0.000000
rs1041 8.344320 0.126480 0.084320
rs1043 8.175680 0.168640 0.000000
rs1045 8.512960 0.210790 0.000000
rs1047 8.386480 0.126480 0.084320
rs1048 8.470800 0.337270 0.000000
rs1049 8.597280 0.126470 0.000000
rs1050 8.302160 0.126480 0.126480
rs1052 8.386480 0.168640 0.000000
rs1053 8.175680 0.168640 0.000000
rs1054 8.091360 0.168640 0.042160
rs1055 8.344320 0.168640 0.000000
rs1057 8.934550 0.084320 0.000000
rs1058 8.428640 0.295110 0.042160
rs1059 8.555120 0.126470 0.000000
rs1060 8.175680 0.168640 0.000000
rs1062 8.850230 0.042160 0.084320
rs1065 8.386480 0.168640 0.000000
rs1068 8.428640 0.463750 0.000000
rs1070 8.302160 0.210800 0.042160
rs1072 8.386480 0.168640 0.000000
rs1073 8.386480 0.168640 0.000000
rs1074 8.344320 0.126480 0.126480
rs1076 8.850230 0.042160 0.000000
rs1077 8.555120 0.168630 0.000000
rs1078 8.428640 0.337270 0.084320
rs1079 8.850230 0.042160 0.000000
rs1080 8.428640 0.295110 0.000000
rs1081 8.470800 0.126480 0.126480
rs1082 8.765910 0.084320 0.000000
rs1083 8.302160 0.337280 0.000000
rs1084 8.386480 0.168640 0.126480
rs1087 8.428640 0.210800 0.000000
rs1091 8.765910 0.042160 0.000000
rs1098 8.344320 0.168640 0.084320
rs1100 8.428640 0.295110 0.000000
rs1102 8.976710 0.042160 0.000000
rs1103 8.175680 0.252960 0.042160
rs1104 8.428640 0.168640 0.000000
rs1105 8.344320 0.126480 0.000000
rs1108 8.260000 0.168640 0.084320
rs1109 8.512960 0.379430 0.000000
rs1110 8.428640 0.252950 0.000000
rs1113 8.091360 0.210800 0.084320
rs1114 8.428640 0.463750 0.000000
rs1117 8.344320 0.126480 0.000000
rs1118 8.639440 0.126470 0.126480
rs1119 8.260000 0.463750 0.000000
rs1120 8.976710 0.042160 0.000000
rs1121 8.934550 0.042160 0.126480
rs1122 8.850230 0.042160 0.000000
rs1124 8.386480 0.295110 0.000000
rs1125 8.470800 0.168640 0.084320
rs1126 8.344320 0.168640 0.000000
rs1128 8.260000 0.168640 0.000000
rs1131 8.934550 0.042160 0.084320
rs1132 8.302160 0.168640 0.000000
rs1135 8.344320 0.337270 0.000000
rs1137 8.428640 0.210800 0.042160
rs1142 8.344320 0.210800 0.000000
rs1143 8.344320 0.126480 0.000000
rs1145 8.639440 0.126470 0.084320
rs1146 8.976710 0.042160 0.000000
rs1147 8.302160 0.252960 0.000000
rs1149 8.175680 0.252960 0.084320
rs1151 8.386480 0.379430 0.000000
rs1154 8.428640 0.210800 0.000000
rs1156 8.344320 0.168640 0.084320
rs1157 8.344320 0.168640 0.000000
rs1159 8.344320 0.126480 0.000000
rs1163 8.302160 0.252960 0.084320
rs1164 8.133520 0.168640 0.000000
rs1165 8.470800 0.168640 0.000000
rs1166 8.386480 0.168640 0.084320
rs1169 8.470800 0.168640 0.000000
rs1170 8.386480 0.210800 0.000000
rs1171 8.386480 0.337270 0.084320
rs1172 8.260000 0.126480 0.000000
rs1174 8.512960 0.252950 0.000000
rs1176 8.555120 0.126470 0.084320
rs1178 8.470800 0.168640 0.000000
rs1179 8.344320 0.210800 0.000000
rs1182 8.428640 0.168640 0.084320
rs1183 8.512960 0.252950 0.000000
rs1184 8.302160 0.168640 0.000000
rs1185 8.428640 0.379430 0.084320
rs1187 8.344320 0.210800 0.000000
rs1188 8.260000 0.168640 0.000000
rs1191 8.512960 0.210790 0.084320
rs1192 8.302160 0.126480 0.000000
rs1193 8.512960 0.126480 0.000000
rs1195 8.470800 0.126480 0.084320
rs1198 8.260000 0.210800 0.000000
rs1200 8.344320 0.126480 0.000000
rs1202 8.386480 0.168640 0.084320
rs1205 8.555120 0.210790 0.000000
rs1206 8.892390 0.042160 0.000000
rs1207 8.512960 0.252950 0.084320
rs1208 8.260000 0.168640 0.000000
rs1209 8.344320 0.210800 0.000000
rs1210 8.892390 0.042160 0.042160
rs1211 8.639440 0.168630 0.000000
rs1212 8.386480 0.168640 0.000000
rs1213 8.934550 0.042160 0.084320
rs1217 8.934550 0.084320 0.000000
rs1220 8.470800 0.337270 0.000000
rs1229 8.976710 0.042160 0.084320
rs1236 8.428640 0.126480 0.000000
rs1238 8.512960 0.210790 0.000000
rs1245 8.344320 0.168640 0.084320
rs1248 8.470800 0.252950 0.000000
rs1257 8.260000 0.126480 0.000000
rs1258 8.470800 0.210790 0.084320
rs1259 8.302160 0.168640 0.000000
rs1260 8.260000 0.210800 0.000000
rs1261 8.217840 0.295120 0.252960
rs1262 8.302160 0.168640 0.000000
rs1263 8.386480 0.168640 0.000000
rs1264 8.260000 0.126480 0.084320
rs1265 8.344320 0.421590 0.000000
rs1266 8.302160 0.337280 0.000000
rs1267 8.976710 0.042160 0.590230
rs1269 8.091360 0.168640 0.000000
rs1270 8.302160 0.252960 0.000000
rs1276 8.302160 0.126480 0.084320
rs1278 8.470800 0.295110 0.000000
rs1280 8.386480 0.168640 0.000000
rs1281 8.302160 0.168640 0.084320
rs1283 8.260000 0.168640 0.000000
rs1284 8.217840 0.168640 0.000000
rs1285 8.344320 0.295120 0.084320
rs1286 8.470800 0.337270 0.000000
rs1289 8.344320 0.168640 0.000000
rs1290 8.175680 0.168640 0.084320
rs1291 8.344320 0.168640 0.000000
rs1292 8.428640 0.210800 0.000000
rs1293 8.428640 0.210800 0.126480
rs1294 8.597280 0.126470 0.000000
rs1295 8.217840 0.210800 0.000000
rs1296 8.175680 0.168640 0.505910
rs1297 8.217840 0.168640 0.000000
rs1298 8.344320 0.126480 0.000000
rs1299 8.302160 0.210800 0.084320
rs1301 8.976710 0.000000 0.000000
rs1302 8.260000 0.168640 0.000000
rs1303 8.217840 0.210800 0.042160
rs1304 8.217840 0.210800 0.000000
rs1310 8.386480 0.210800 0.000000
rs1337 8.470800 0.210790 0.084320
rs1359 8.302160 0.126480 0.000000
rs1368 8.217840 0.548070 0.000000
rs1437 8.850230 0.084320 0.042160
rs1518 8.892390 0.084320 0.000000
