rf0001 7.458970 0.758870 0.000000
rf0002 8.386480 0.210800 0.337280
rf0003 8.850230 0.042160 0.000000
rf0006 8.386480 0.210800 0.421600
rf0007 8.681590 0.168640 0.000000
rf0010 8.049200 0.295120 0.421590
rf0011 8.428640 0.168640 0.000000
rf0013 8.934550 0.042160 0.210800
rf0014 7.669770 0.716710 0.000000
rf0015 8.892390 0.084320 0.337270
rf0016 8.681590 0.168640 0.000000
rf0017 8.302160 0.168640 0.548070
rf0022 8.470800 0.252950 0.000000
rf0023 8.260000 0.168640 0.590230
rf0024 8.512960 0.210790 0.000000
rf0029 8.344320 0.168640 0.421600
rf0030 8.512960 0.252950 0.000000
rf0031 8.892390 0.042160 0.295110
rf0033 8.260000 0.084320 0.000000
rf0034 8.217840 0.168640 0.548070
rf0040 8.892390 0.042160 0.000000
rf0042 8.302160 0.295120 0.210800
rf0043 9.018870 0.000000 0.000000
rf0045 8.217840 0.126480 0.590230
rf0048 8.260000 0.126480 0.000000
rf0049 8.260000 0.168640 0.548070
rf0051 8.133520 0.210800 0.000000
rf0053 8.217840 0.126480 0.548070
rf0057 8.512960 0.252950 0.000000
rf0058 8.428640 0.210800 0.463760
rf0060 8.302160 0.084320 0.000000
rf0062 8.555120 0.210790 0.252960
rf0064 7.796250 0.463750 0.000000
rf0065 7.711930 0.548070 0.126480
rf0071 8.934550 0.042160 0.000000
rf0072 7.964880 0.295120 0.337270
rf0073 8.386480 0.252960 0.000000
rf0074 8.597280 0.252950 0.252960
rf0076 8.302160 0.126480 0.000000
rf0077 8.302160 0.252960 0.252960
rf0079 8.344320 0.126480 0.000000
rf0084 8.386480 0.295110 0.295120
rf0092 8.934550 0.084320 0.000000
rf0098 9.018870 -0.042160 0.632390
rf0099 8.302160 0.168640 0.000000
rf0104 8.175680 0.168640 0.548070
rf0107 8.007040 0.295120 0.000000
rf0108 8.175680 0.126480 0.548070
rf0109 8.470800 0.252950 0.000000
rf0111 8.470800 0.295110 0.210800
rf0117 7.627610 0.590230 0.000000
rf0119 8.260000 0.126480 0.632390
rf0125 8.808070 0.084320 0.000000
rf0126 9.018870 inf 0.210800
rf0127 8.344320 0.252960 0.000000
rf0128 8.133520 0.379440 0.379430
rf0129 8.386480 0.210800 0.000000
rf0132 8.512960 0.210790 0.252960
rf0134 8.428640 0.379430 0.000000
rf0138 8.934550 0.084320 0.126480
rf0143 8.386480 0.168640 0.000000
rf0150 8.892390 0.084320 0.379430
rf0154 8.260000 0.337280 0.000000
rf0156 8.892390 0.042160 0.463750
rf0157 8.217840 0.252960 0.000000
rf0164 8.892390 0.042160 0.463750
rf0166 8.976710 0.042160 0.000000
rf0167 8.976710 0.000000 0.590230
rf0169 8.049200 0.295120 0.000000
rf0171 9.061030 inf 0.210800
rf0173 9.061030 -0.042160 0.000000
rf0175 8.344320 0.210800 0.463760
rf0176 8.808070 0.042160 0.000000
rf0177 8.133520 0.295120 0.421590
rf0179 8.260000 0.126480 0.000000
rf0180 8.386480 0.252960 0.168640
rf0190 8.091360 0.252960 0.000000
rf0191 8.512960 0.379430 0.126480
rf0192 7.627610 0.590230 0.000000
rf0193 8.808070 0.084320 0.379430
rf0195 8.428640 0.421590 0.000000
rf0197 7.754090 0.505910 0.168640
rf0201 8.260000 0.252960 0.000000
rf0204 8.260000 0.210800 0.379440
rf0205 8.850230 0.084320 0.000000
rf0207 8.260000 0.168640 0.590230
rf0209 9.061030 inf 0.000000
rf0210 8.007040 0.337280 0.379430
rf0216 8.428640 0.505910 0.000000
rf0217 8.934550 0.042160 0.295110
rf0223 8.850230 0.042160 0.000000
rf0226 8.344320 0.252960 0.252960
rf0227 8.386480 0.168640 0.000000
rf0229 8.934550 0.000000 0.590230
rf0234 8.470800 0.337270 0.000000
rf0236 7.501130 0.758870 -0.042160
rf0237 8.808070 0.084320 0.000000
rf0238 7.501130 0.758870 -0.042160
rf0241 8.133520 0.210800 0.000000
rf0242 8.723750 0.168640 0.252950
rf0246 8.217840 0.210800 0.000000
rf0247 8.302160 0.168640 0.421600
rf0248 8.808070 0.126480 0.000000
rf0249 8.934550 0.042160 0.252960
rf0250 8.217840 0.252960 0.000000
rf0251 8.386480 0.252960 0.210800
rf0252 8.302160 0.252960 0.000000
rf0256 8.808070 0.084320 0.337270
rf0257 8.217840 0.126480 0.000000
rf0258 8.470800 0.252950 0.210800
rf0259 8.049200 0.337280 0.000000
rf0262 7.458970 0.801030 -0.084320
rf0263 8.344320 0.295120 0.000000
rf0264 8.470800 0.421590 0.084320
rf0265 8.260000 0.210800 0.000000
rf0266 8.217840 0.252960 0.295120
rf0267 8.386480 0.210800 0.000000
rf0268 8.302160 0.126480 0.674550
rf0272 8.217840 0.210800 0.000000
rf0280 7.796250 0.463750 0.210800
rf0283 8.850230 0.084320 0.000000
rf0284 8.217840 0.168640 0.505910
rf0287 8.639440 0.210790 0.000000
rf0292 8.808070 0.084320 0.379430
rf0294 8.892390 0.042160 0.000000
rf0295 8.639440 0.168630 0.252960
rf0297 8.470800 0.210790 0.000000
rf0298 8.386480 0.126480 0.632390
rf0299 8.302160 0.126480 0.000000
rf0300 8.344320 0.126480 0.548070
rf0303 8.344320 0.168640 0.000000
rf0305 8.091360 0.379440 0.421590
rf0306 7.501130 0.716710 0.000000
rf0309 8.597280 0.210790 0.168640
rf0315 8.976710 inf 0.000000
rf0316 8.765910 0.084320 0.379430
rf0320 7.796250 0.463750 0.000000
rf0323 8.470800 0.210790 0.295120
rf0324 8.850230 0.084320 0.000000
rf0325 8.892390 0.084320 0.295110
rf0328 8.470800 0.252950 0.000000
rf0332 8.260000 0.210800 0.337280
rf0333 8.850230 0.042160 0.000000
rf0335 8.217840 0.084320 0.632390
rf0338 7.627610 0.548070 0.000000
rf0339 8.808070 0.084320 0.295110
rf0340 8.260000 0.084320 0.000000
rf0342 8.133520 0.295120 0.421590
rf0343 8.681590 0.168640 0.000000
rf0348 8.976710 0.042160 0.252960
rf0351 8.344320 0.126480 0.000000
rf0354 8.765910 0.042160 0.463750
rf0358 8.217840 0.210800 0.000000
rf0363 8.175680 0.210800 0.421590
rf0364 8.386480 0.379430 0.000000
rf0365 8.217840 0.252960 0.337280
rf0366 8.260000 0.168640 0.000000
rf0367 7.458970 0.674550 -0.084320
rf0368 8.217840 0.168640 0.000000
rf0370 8.217840 0.210800 0.463750
rf0372 8.976710 inf 0.000000
rf0374 8.302160 0.042160 0.716710
rf0375 8.892390 0.084320 0.000000
rf0376 8.217840 0.210800 0.421590
rf0377 8.723750 0.168640 0.000000
rf0378 8.470800 0.379430 0.168640
rf0381 8.344320 0.295120 0.000000
rf0383 8.470800 0.421590 0.126480
rf0385 8.386480 0.126480 0.000000
rf0386 8.470800 0.379430 0.084320
rf0388 8.934550 0.042160 0.000000
rf0392 8.175680 0.168640 0.463750
rf0393 8.007040 0.295120 0.000000
rf0396 8.765910 0.126480 0.252950
rf0397 8.765910 0.168640 0.000000
rf0398 8.808070 0.084320 0.379430
rf0399 8.260000 0.252960 0.000000
rf0400 9.018870 inf 0.084320
rf0401 7.585450 0.632390 0.000000
rf0403 8.428640 0.210800 0.210800
rf0412 8.386480 0.252960 0.000000
rf0413 8.344320 0.252960 0.252960
rf0415 8.470800 0.210790 0.000000
rf0419 8.133520 0.210800 0.421590
rf0425 8.428640 0.337270 0.000000
rf0427 8.428640 0.337270 0.168640
rf0428 8.302160 0.210800 0.000000
rf0431 7.838410 0.421590 0.252960
rf0432 7.838410 0.505910 0.000000
rf0433 8.386480 0.168640 0.505920
rf0434 8.260000 0.295120 0.000000
rf0435 8.555120 0.252950 0.252960
rf0436 8.217840 0.210800 0.000000
rf0439 7.458970 0.674550 -0.084320
rf0441 7.754090 0.505910 0.000000
rf0448 8.386480 0.126480 0.548070
rf0453 8.049200 0.379440 0.000000
rf0454 8.049200 0.337280 0.421590
rf0455 8.976710 0.042160 0.000000
rf0456 8.133520 0.379440 0.379430
rf0459 7.754090 0.463750 0.000000
rf0460 8.808070 0.084320 0.337270
rf0461 8.386480 0.210800 0.000000
rf0462 8.217840 0.126480 0.590230
rf0463 8.934550 0.042160 0.000000
rf0464 8.217840 0.252960 0.379430
rf0465 8.302160 0.252960 0.000000
rf0466 8.428640 0.252950 0.252960
rf0467 8.049200 0.337280 0.000000
rf0471 8.344320 0.252960 0.505910
rf0474 8.049200 0.295120 0.000000
rf0476 8.302160 0.084320 0.674550
rf0477 8.049200 0.252960 0.000000
rf0479 8.217840 0.084320 0.590230
rf0480 7.458970 0.885350 0.000000
rf0482 8.133520 0.295120 0.421590
rf0485 8.049200 0.337280 0.000000
rf0487 8.260000 0.126480 0.632390
rf0488 8.428640 0.252950 0.000000
rf0496 8.007040 0.295120 0.379430
rf0499 8.260000 0.084320 0.000000
rf0500 8.850230 0.042160 0.505910
rf0503 8.175680 0.252960 0.000000
rf0505 8.260000 0.168640 0.590230
rf0506 8.470800 0.210790 0.000000
rf0507 8.386480 0.295110 0.379440
rf0510 8.892390 0.084320 0.000000
rf0513 8.850230 0.042160 0.463750
rf0518 7.754090 0.548070 0.000000
rf0524 7.458970 0.885350 -0.126480
rf0545 7.458970 0.885350 0.000000
rf0607 7.669770 0.505910 0.126480
rf0622 8.175680 0.210800 0.000000
rf0630 8.049200 0.210800 0.463750
rf0642 7.880560 0.379440 0.000000
rf0663 7.711930 0.463750 0.126480
rf0684 8.892390 0.042160 0.000000
rf0693 8.091360 0.210800 0.463750
rf0695 7.796250 0.505910 0.000000
rf0707 8.344320 0.252960 0.168640
rf0713 8.260000 0.126480 0.000000
rf0716 8.597280 0.210790 0.210800
rf0730 8.428640 0.295110 0.000000
rf0745 8.133520 0.252960 0.379430
rf0783 7.458970 0.674550 0.000000
rf0795 8.302160 0.295120 0.126480
rs0001 8.302160 0.252960 0.000000
rs0002 8.386480 0.210800 0.421600
rs0003 8.386480 0.252960 0.000000
rs0010 8.049200 0.295120 0.379430
rs0011 8.260000 0.168640 0.000000
rs0012 8.344320 0.295120 0.168640
rs0013 8.344320 0.168640 0.000000
rs0017 8.765910 0.168640 0.252950
rs0020 7.501130 0.758870 0.000000
rs0022 8.681590 0.210800 0.168630
rs0023 8.892390 0.042160 0.000000
rs0029 8.597280 0.210790 0.168640
rs0030 8.428640 0.252950 0.000000
rs0035 8.175680 0.210800 0.421590
rs0039 7.754090 0.505910 0.000000
rs0046 8.850230 0.084320 0.379430
rs0048 8.850230 0.042160 0.000000
rs0050 8.808070 0.084320 0.379430
rs0051 8.512960 0.295110 0.000000
rs0052 8.428640 0.337270 0.168640
rs0053 8.934550 0.042160 0.000000
rs0054 8.260000 0.126480 0.590230
rs0062 8.260000 0.126480 0.000000
rs0063 8.175680 0.252960 0.379430
rs0064 8.808070 0.084320 0.000000
rs0065 8.091360 0.379440 0.421590
rs0068 8.344320 0.126480 0.000000
rs0070 7.543290 0.674550 0.000000
rs0077 9.018870 inf 0.000000
rs0081 7.711930 0.548070 0.126480
rs0084 8.428640 0.168640 0.000000
rs0085 8.428640 0.210800 0.463760
rs0087 8.681590 0.126480 0.000000
rs0088 8.260000 0.210800 0.421590
rs0089 8.808070 0.084320 0.000000
rs0090 7.796250 0.421590 0.210800
rs0092 8.302160 0.210800 0.000000
rs0093 8.892390 0.042160 0.505910
rs0094 8.386480 0.210800 0.000000
rs0095 7.458970 0.590230 -0.042160
rs0096 8.808070 0.084320 0.000000
rs0097 8.217840 0.168640 0.463750
rs0098 8.470800 0.252950 0.000000
rs0104 8.850230 0.042160 0.421590
rs0105 7.458970 0.674550 0.000000
rs0107 8.639440 0.168630 0.252960
rs0109 8.765910 0.126480 0.000000
rs0111 7.458970 0.758870 -0.084320
rs0113 8.892390 0.042160 0.000000
rs0118 8.386480 0.168640 0.505920
rs0120 8.470800 0.252950 0.000000
rs0121 8.850230 0.042160 0.505910
rs0122 8.260000 0.210800 0.000000
rs0124 7.458970 0.632390 -0.042160
rs0127 8.386480 0.252960 0.000000
rs0128 8.850230 0.084320 0.379430
rs0133 8.723750 0.126480 0.000000
rs0134 8.765910 0.126480 0.295110
rs0135 8.512960 0.252950 0.000000
rs0136 8.681590 0.168640 0.210790
rs0137 8.428640 0.168640 0.000000
rs0138 8.217840 0.168640 0.548070
rs0140 7.754090 0.421590 0.000000
rs0141 8.049200 0.337280 0.421590
rs0143 8.850230 0.084320 0.000000
rs0145 8.808070 0.084320 0.337270
rs0146 8.302160 0.252960 0.000000
rs0147 8.428640 0.168640 0.421600
rs0148 8.934550 0.084320 0.000000
rs0149 8.344320 0.210800 0.505910
rs0150 7.501130 0.674550 0.000000
rs0156 8.344320 0.337270 0.126480
rs0159 8.850230 0.126480 0.000000
rs0163 8.512960 0.295110 0.126480
rs0165 8.344320 0.210800 0.000000
rs0166 8.555120 0.337270 0.210800
rs0167 8.260000 0.168640 0.000000
rs0168 8.217840 0.168640 0.505910
rs0170 8.302160 0.126480 0.000000
rs0171 8.344320 0.168640 0.463760
rs0172 8.386480 0.168640 0.000000
rs0174 8.049200 0.337280 0.379430
rs0175 8.470800 0.252950 0.000000
rs0178 8.260000 0.210800 0.379440
rs0180 8.428640 0.210800 0.000000
rs0181 8.765910 0.168640 0.210790
rs0183 8.808070 0.084320 0.000000
rs0189 8.808070 0.084320 0.337270
rs0193 8.428640 0.379430 0.000000
rs0194 8.934550 0.042160 0.295110
rs0195 9.018870 0.000000 0.000000
rs0196 8.681590 0.168640 0.210790
rs0201 8.976710 0.042160 0.000000
rs0202 8.723750 0.168640 0.210790
rs0203 8.934550 0.042160 0.000000
rs0206 8.892390 0.042160 0.379430
rs0209 8.765910 0.126480 0.000000
rs0210 8.302160 0.210800 0.548070
rs0211 9.018870 inf 0.000000
rs0212 8.302160 0.210800 0.590230
rs0215 7.543290 0.674550 0.000000
rs0218 8.302160 0.126480 0.632390
rs0220 8.217840 0.168640 0.000000
rs0221 8.512960 0.337270 0.126480
rs0224 8.470800 0.337270 0.000000
rs0225 8.428640 0.379430 0.084320
rs0226 8.344320 0.210800 0.000000
rs0227 8.892390 0.042160 0.463750
rs0228 8.302160 0.126480 0.000000
rs0231 8.386480 0.210800 0.379440
rs0236 8.260000 0.126480 0.000000
rs0237 8.850230 0.084320 0.252950
rs0239 8.808070 0.126480 0.000000
rs0240 9.018870 inf 0.084320
rs0241 8.386480 0.168640 0.000000
rs0242 8.386480 0.210800 0.337280
rs0243 8.808070 0.084320 0.000000
rs0244 8.934550 0.042160 0.210800
rs0246 8.260000 0.252960 0.000000
rs0247 8.007040 0.252960 0.379430
rs0250 8.470800 0.421590 0.000000
rs0255 8.302160 0.295120 0.210800
rs0256 8.344320 0.252960 0.000000
rs0257 8.302160 0.126480 0.632390
rs0259 8.597280 0.168630 0.000000
rs0260 9.018870 0.000000 0.505910
rs0261 8.681590 0.168640 0.000000
rs0262 8.260000 0.126480 0.548070
rs0263 8.892390 0.042160 0.000000
rs0264 7.711930 0.463750 0.168640
rs0266 8.681590 0.168640 0.000000
rs0267 8.765910 0.084320 0.295110
rs0268 8.765910 0.084320 0.000000
rs0269 8.302160 0.295120 0.210800
rs0270 8.976710 0.000000 0.000000
rs0273 8.344320 0.084320 0.632390
rs0274 8.428640 0.210800 0.000000
rs0275 8.344320 0.126480 0.505910
rs0276 8.344320 0.252960 0.000000
rs0277 7.796250 0.548070 0.210800
rs0280 8.850230 0.126480 0.000000
rs0282 8.639440 0.210790 0.210800
rs0283 8.217840 0.252960 0.000000
rs0289 8.428640 0.168640 0.505920
rs0297 8.217840 0.168640 0.000000
rs0303 8.175680 0.168640 0.548070
rs0306 8.470800 0.337270 0.000000
rs0308 8.892390 0.042160 0.548070
rs0313 8.934550 0.042160 0.000000
rs0314 8.386480 0.379430 0.168640
rs0315 8.470800 0.210790 0.000000
rs0316 8.765910 0.084320 0.337270
rs0318 8.007040 0.252960 0.000000
rs0320 8.723750 0.168640 0.252950
rs0323 8.428640 0.126480 0.000000
rs0328 8.386480 0.126480 0.674550
rs0331 8.428640 0.168640 0.000000
rs0334 8.428640 0.252950 0.210800
rs0337 8.470800 0.210790 0.000000
rs0339 8.892390 0.084320 0.337270
rs0340 8.470800 0.252950 0.000000
rs0341 8.302160 0.126480 0.590230
rs0343 8.428640 0.252950 0.000000
rs0344 8.302160 0.210800 0.379440
rs0345 7.458970 0.716710 0.000000
rs0349 7.796250 0.421590 0.210800
rs0350 8.639440 0.168630 0.000000
rs0354 8.302160 0.210800 0.337280
rs0358 8.470800 0.252950 0.000000
rs0364 7.458970 0.716710 -0.084320
rs0365 7.669770 0.674550 0.000000
rs0371 8.808070 0.126480 0.379430
rs0372 8.217840 0.295120 0.000000
rs0373 8.470800 0.252950 0.168640
rs0374 8.217840 0.168640 0.000000
rs0377 8.302160 0.252960 0.126480
rs0380 8.470800 0.210790 0.000000
rs0384 8.344320 0.210800 0.463760
rs0386 8.344320 0.252960 0.000000
rs0389 8.217840 0.252960 0.379430
rs0390 8.808070 0.168640 0.000000
rs0391 8.428640 0.252950 0.210800
rs0392 8.386480 0.252960 0.000000
rs0393 8.091360 0.337280 0.379430
rs0394 7.880560 0.379440 0.000000
rs0396 8.976710 0.042160 0.168640
rs0401 8.512960 0.337270 0.000000
rs0406 8.260000 0.252960 0.295120
rs0408 8.470800 0.210790 0.000000
rs0409 8.470800 0.295110 0.210800
rs0411 8.260000 0.168640 0.000000
rs0416 7.627610 0.590230 0.084320
rs0419 8.470800 0.295110 0.000000
rs0420 8.723750 0.168640 0.295110
rs0421 7.501130 0.674550 0.000000
rs0422 7.880560 0.379440 0.295110
rs0424 8.302160 0.210800 0.000000
rs0425 8.428640 0.210800 0.295120
rs0427 8.217840 0.210800 0.000000
rs0429 8.007040 0.295120 0.379430
rs0430 7.458970 0.716710 0.000000
rs0432 7.796250 0.295110 0.210800
rs0437 8.428640 0.210800 0.000000
rs0440 8.723750 0.168640 0.210790
rs0442 8.260000 0.168640 0.000000
rs0444 8.260000 0.126480 0.548070
rs0449 8.681590 0.168640 0.000000
rs0451 8.681590 0.210800 0.210790
rs0452 8.681590 0.168640 0.000000
rs0454 8.428640 0.126480 0.590230
rs0456 8.386480 0.210800 0.000000
rs0458 8.386480 0.463750 0.126480
rs0460 8.217840 0.168640 0.000000
rs0463 8.639440 0.168630 0.210800
rs0467 8.260000 0.126480 0.000000
rs0468 8.428640 0.295110 0.168640
rs0469 8.217840 0.252960 0.000000
rs0470 7.458970 0.801030 -0.084320
rs0472 7.458970 0.632390 0.000000
rs0473 8.175680 0.168640 0.505910
rs0477 8.428640 0.210800 0.000000
rs0480 8.344320 0.126480 0.632390
rs0485 8.049200 0.252960 0.000000
rs0493 8.260000 0.252960 0.210800
rs0494 8.639440 0.252950 0.000000
rs0495 7.754090 0.548070 0.168640
rs0496 8.470800 0.295110 0.000000
rs0502 8.934550 0.042160 0.295110
rs0503 8.681590 0.168640 0.000000
rs0505 8.892390 0.042160 0.505910
rs0508 8.260000 0.084320 0.000000
rs0512 8.428640 0.295110 0.379440
rs0516 8.344320 0.252960 0.000000
rs0517 8.976710 0.042160 0.421590
rs0519 8.386480 0.295110 0.000000
rs0520 8.217840 0.210800 0.463750
rs0521 8.428640 0.252950 0.000000
rs0522 8.470800 0.252950 0.252960
rs0526 8.344320 0.168640 0.000000
rs0528 8.934550 0.042160 0.379430
rs0529 8.386480 0.210800 0.000000
rs0531 9.018870 inf 0.126480
rs0532 8.470800 0.252950 0.000000
rs0534 8.386480 0.252960 0.252960
rs0536 8.302160 0.210800 0.000000
rs0537 8.934550 0.042160 0.252960
rs0538 8.470800 0.210790 0.000000
rs0541 8.892390 0.084320 0.252950
rs0543 8.260000 0.379440 0.000000
rs0545 7.458970 0.590230 -0.042160
rs0548 8.260000 0.337280 0.000000
rs0549 8.386480 0.126480 0.463760
rs0553 8.302160 0.168640 0.000000
rs0554 8.892390 0.084320 0.295110
rs0555 8.470800 0.295110 0.000000
rs0556 7.922720 0.295120 0.337270
rs0559 8.302160 0.252960 0.000000
rs0560 8.555120 0.252950 0.210800
rs0566 8.302160 0.252960 0.000000
rs0568 8.344320 0.084320 0.674550
rs0571 7.585450 0.632390 0.000000
rs0572 8.934550 0.000000 0.505910
rs0573 8.049200 0.295120 0.000000
rs0574 8.892390 0.042160 0.252950
rs0578 8.808070 0.126480 0.000000
rs0579 8.470800 0.463750 0.084320
rs0582 8.639440 0.168630 0.000000
rs0586 8.217840 0.126480 0.548070
rs0587 8.723750 0.168640 0.000000
rs0591 8.892390 0.042160 0.463750
rs0598 8.765910 0.168640 0.000000
rs0602 8.344320 0.210800 0.252960
rs0609 8.470800 0.210790 0.000000
rs0612 8.808070 0.126480 0.210790
rs0615 8.428640 0.379430 0.000000
rs0623 7.585450 0.674550 0.000000
rs0626 7.458970 0.632390 0.000000
rs0645 8.428640 0.252950 0.252960
rs0650 8.723750 0.168640 0.000000
rs0656 8.512960 0.168630 0.337280
rs0660 8.892390 0.084320 0.000000
rs0667 8.681590 0.210800 0.295110
rs0671 8.049200 0.337280 0.000000
rs0672 8.850230 0.084320 0.210790
rs0679 8.386480 0.421590 0.000000
rs0691 9.061030 inf 0.421590
rs0703 8.386480 0.505910 0.000000
rs0708 8.892390 0.084320 0.252950
rs0710 8.302160 0.252960 0.000000
rs0722 8.344320 0.168640 0.590230
rs0724 8.850230 0.042160 0.000000
rs0726 8.260000 0.168640 0.548070
rs0727 8.597280 0.168630 0.000000
rs0731 8.386480 0.295110 0.168640
rs0733 8.934550 0.042160 0.000000
rs0734 8.428640 0.252950 0.210800
rs0738 8.386480 0.252960 0.000000
rs0740 8.260000 0.210800 0.379440
rs0741 8.850230 0.042160 0.000000
rs0743 8.217840 0.126480 0.590230
rs0744 8.681590 0.168640 0.000000
rs0745 8.639440 0.168630 0.210800
rs0751 8.976710 0.000000 0.000000
rs0754 8.428640 0.421590 0.168640
rs0756 8.049200 0.337280 0.000000
rs0758 8.765910 0.126480 0.337270
rs0763 8.428640 0.295110 0.000000
rs0768 8.386480 0.210800 0.337280
rs0774 7.754090 0.590230 0.000000
rs0775 7.458970 0.674550 -0.084320
rs0777 8.049200 0.252960 0.000000
rs0778 8.049200 0.295120 0.421590
rs0779 8.765910 0.126480 0.000000
rs0781 8.808070 0.084320 0.295110
rs0782 8.133520 0.210800 0.000000
rs0788 8.302160 0.210800 0.421600
rs0790 8.217840 0.168640 0.000000
rs0793 8.470800 0.210790 0.379440
rs0797 8.765910 0.126480 0.000000
rs0798 8.639440 0.168630 0.210800
rs0802 8.302160 0.126480 0.000000
rs0804 8.217840 0.252960 0.379430
rs0805 7.458970 0.674550 0.000000
rs0806 8.512960 0.252950 0.210800
rs0808 8.934550 0.042160 0.000000
rs0809 8.892390 0.084320 0.295110
rs0810 8.260000 0.168640 0.000000
rs0811 8.555120 0.252950 0.210800
rs0812 8.892390 0.084320 0.000000
rs0815 8.007040 0.295120 0.379430
rs0818 8.260000 0.126480 0.000000
rs0823 8.892390 0.084320 0.210800
rs0831 8.976710 0.000000 0.000000
rs0832 8.260000 0.295120 0.210800
rs0833 8.765910 0.126480 0.000000
rs0834 8.470800 0.210790 0.337280
rs0839 8.892390 0.084320 0.000000
rs0840 8.344320 0.210800 0.295120
rs0842 7.796250 0.421590 0.000000
rs0843 8.470800 0.295110 0.252960
rs0846 8.428640 0.379430 0.000000
rs0847 8.808070 0.042160 0.421590
rs0850 8.976710 0.000000 0.000000
rs0855 8.976710 0.000000 0.674550
rs0866 8.512960 0.252950 0.000000
rs0868 8.470800 0.252950 0.210800
rs0869 8.386480 0.210800 0.000000
rs0871 8.302160 0.421590 0.084320
rs0875 8.386480 0.210800 0.000000
rs0880 8.470800 0.252950 0.337280
rs0887 8.555120 0.210790 0.000000
rs0893 8.217840 0.168640 0.505910
rs0896 8.892390 0.084320 0.000000
rs0897 8.428640 0.210800 0.379440
rs0900 8.302160 0.210800 0.000000
rs0906 8.217840 0.168640 0.505910
rs0907 8.386480 0.210800 0.000000
rs0909 8.049200 0.295120 0.421590
rs0916 8.344320 0.168640 0.000000
rs0920 8.344320 0.126480 0.632390
rs0921 8.850230 0.084320 0.000000
rs0923 7.458970 0.843190 -0.084320
rs0930 7.711930 0.463750 0.000000
rs0932 7.754090 0.505910 0.168640
rs0933 7.669770 0.590230 0.000000
rs0934 8.428640 0.210800 0.379440
rs0935 8.344320 0.295120 0.000000
rs0944 8.344320 0.126480 0.548070
rs0950 8.302160 0.337280 0.000000
rs0953 8.850230 0.126480 0.210790
rs0954 8.976710 0.042160 0.000000
rs0957 8.133520 0.210800 0.463750
rs0958 8.428640 0.421590 0.000000
rs0959 7.458970 0.758870 -0.084320
rs0960 7.458970 0.674550 0.000000
rs0962 8.386480 0.337270 0.126480
rs0967 8.386480 0.210800 0.000000
rs0970 8.470800 0.337270 0.168640
rs0974 8.808070 0.126480 0.000000
rs0976 7.669770 0.548070 0.084320
rs0978 8.428640 0.210800 0.000000
rs0980 8.976710 0.000000 0.505910
rs0981 8.217840 0.168640 0.000000
rs0982 7.458970 0.674550 -0.084320
rs0983 8.302160 0.210800 0.000000
rs0984 8.428640 0.210800 0.252960
rs0985 8.302160 0.252960 0.000000
rs0986 7.458970 0.843190 -0.126480
rs0989 8.512960 0.295110 0.000000
rs0991 8.808070 0.084320 0.379430
rs0995 8.512960 0.295110 0.000000
rs0996 7.754090 0.632390 0.168640
rs0997 8.512960 0.210790 0.000000
rs1000 8.681590 0.168640 0.252950
rs1001 8.344320 0.252960 0.000000
rs1004 8.976710 0.042160 0.210800
rs1014 8.049200 0.252960 0.000000
rs1016 8.934550 0.042160 0.379430
rs1017 8.175680 0.168640 0.000000
rs1021 8.049200 0.295120 0.421590
rs1023 8.765910 0.126480 0.000000
rs1025 8.765910 0.168640 0.168630
rs1028 8.470800 0.210790 0.000000
rs1029 8.344320 0.126480 0.590230
rs1030 7.458970 0.674550 0.000000
rs1034 8.302160 0.210800 0.463750
rs1035 8.302160 0.252960 0.000000
rs1036 8.512960 0.210790 0.210800
rs1038 7.458970 0.632390 0.000000
rs1040 7.585450 0.716710 0.000000
rs1041 7.458970 0.590230 0.000000
rs1043 8.091360 0.210800 0.421590
rs1045 8.260000 0.337280 0.000000
rs1047 7.838410 0.421590 0.252960
rs1048 8.892390 0.042160 0.000000
rs1050 7.543290 0.674550 0.000000
rs1052 8.344320 0.252960 0.000000
rs1054 8.091360 0.252960 0.337270
rs1055 8.049200 0.337280 0.000000
rs1057 9.018870 0.000000 0.210800
rs1059 8.555120 0.210790 0.000000
rs1060 7.964880 0.295120 0.337270
rs1062 8.850230 0.084320 0.000000
rs1065 8.386480 0.168640 0.463760
rs1070 8.302160 0.337280 0.000000
rs1072 8.386480 0.126480 0.548070
rs1073 7.458970 0.632390 0.000000
rs1074 8.302160 0.168640 0.463750
rs1075 8.850230 0.126480 0.000000
rs1079 8.850230 0.084320 0.379430
rs1080 8.428640 0.337270 0.000000
rs1081 8.428640 0.168640 0.463760
rs1082 8.808070 0.084320 0.000000
rs1083 8.597280 0.168630 0.337280
rs1084 8.386480 0.168640 0.000000
rs1087 8.428640 0.210800 0.379440
rs1091 8.765910 0.126480 0.000000
rs1098 8.302160 0.168640 0.505910
rs1100 8.512960 0.252950 0.000000
rs1102 8.976710 0.042160 0.168640
rs1103 8.386480 0.210800 0.000000
rs1104 8.049200 0.379440 0.337270
rs1105 7.627610 0.505910 0.000000
rs1106 8.976710 inf 0.084320
rs1108 8.217840 0.126480 0.000000
rs1109 8.850230 0.084320 0.337270
rs1110 8.428640 0.295110 0.000000
rs1111 8.892390 0.084320 0.168640
rs1112 8.765910 0.168640 0.000000
rs1113 8.049200 0.252960 0.421590
rs1114 8.850230 0.084320 0.000000
rs1116 8.850230 0.084320 0.210790
rs1117 8.302160 0.126480 0.000000
rs1118 8.681590 0.168640 0.252950
rs1120 9.018870 inf 0.000000
rs1121 8.892390 0.084320 0.337270
rs1122 8.892390 0.084320 0.000000
rs1123 8.808070 0.126480 0.252950
rs1125 8.428640 0.210800 0.000000
rs1126 8.302160 0.126480 0.548070
rs1128 8.302160 0.210800 0.000000
rs1129 8.808070 0.126480 0.210790
rs1131 8.934550 0.042160 0.000000
rs1132 7.754090 0.548070 0.168640
rs1137 8.470800 0.252950 0.000000
rs1142 8.344320 0.168640 0.548070
rs1143 7.501130 0.674550 0.000000
rs1150 8.470800 0.210790 0.210800
rs1152 8.765910 0.168640 0.000000
rs1154 8.470800 0.210790 0.210800
rs1156 8.302160 0.126480 0.000000
rs1157 8.302160 0.126480 0.548070
rs1159 8.260000 0.126480 0.000000
rs1163 8.470800 0.210790 0.252960
rs1164 7.458970 0.674550 0.000000
rs1168 8.808070 0.126480 0.168630
rs1169 8.470800 0.210790 0.000000
rs1170 8.386480 0.210800 0.463760
rs1171 8.386480 0.379430 0.000000
rs1172 7.627610 0.548070 0.084320
rs1178 8.470800 0.210790 0.000000
rs1179 8.344320 0.295120 0.168640
rs1182 8.428640 0.210800 0.000000
rs1183 8.512960 0.337270 0.168640
rs1184 8.260000 0.210800 0.000000
rs1185 8.765910 0.084320 0.421590
rs1187 8.386480 0.210800 0.000000
rs1188 8.133520 0.210800 0.463750
rs1190 8.765910 0.126480 0.000000
rs1191 8.555120 0.252950 0.168640
rs1192 7.458970 0.758870 0.000000
rs1195 8.091360 0.295120 0.379430
rs1197 8.723750 0.126480 0.000000
rs1198 8.302160 0.337280 0.126480
rs1200 8.007040 0.295120 0.000000
rs1202 7.627610 0.674550 0.042160
rs1205 8.765910 0.126480 0.000000
rs1207 8.555120 0.252950 0.168640
rs1208 8.217840 0.168640 0.000000
rs1209 8.470800 0.210790 0.252960
rs1211 8.808070 0.126480 0.000000
rs1212 8.386480 0.126480 0.548070
rs1213 8.976710 0.000000 0.000000
rs1214 8.808070 0.126480 0.168630
rs1220 8.765910 0.084320 0.000000
rs1229 9.018870 0.000000 0.337280
rs1236 8.049200 0.295120 0.000000
rs1238 8.512960 0.337270 0.168640
rs1245 7.543290 0.801030 0.000000
rs1248 8.470800 0.337270 0.126480
rs1254 8.808070 0.126480 0.000000
rs1257 8.217840 0.126480 0.548070
rs1258 8.428640 0.337270 0.000000
rs1259 8.386480 0.210800 0.295120
rs1261 8.428640 0.210800 0.000000
rs1262 8.260000 0.168640 0.505910
rs1264 8.217840 0.168640 0.000000
rs1265 8.428640 0.379430 0.126480
rs1266 8.597280 0.168630 0.000000
rs1267 8.976710 0.042160 0.295120
rs1269 8.091360 0.126480 0.000000
rs1270 8.428640 0.210800 0.252960
rs1276 8.260000 0.168640 0.000000
rs1278 8.470800 0.379430 0.126480
rs1280 8.091360 0.295120 0.000000
rs1281 8.260000 0.168640 0.505910
rs1282 8.681590 0.210800 0.000000
rs1283 7.458970 0.758870 -0.084320
rs1284 8.175680 0.168640 0.000000
rs1286 8.470800 0.379430 0.126480
rs1289 8.091360 0.295120 0.000000
rs1290 8.175680 0.210800 0.421590
rs1291 8.344320 0.168640 0.000000
rs1292 8.091360 0.379440 0.379430
rs1293 8.428640 0.252950 0.000000
rs1294 8.639440 0.168630 0.252960
rs1296 7.754090 0.421590 0.000000
rs1297 8.217840 0.168640 0.463750
rs1298 7.585450 0.716710 0.000000
rs1299 8.049200 0.295120 0.421590
rs1301 8.976710 0.042160 0.000000
rs1302 7.458970 0.758870 -0.084320
rs1304 8.217840 0.210800 0.000000
rs1310 8.344320 0.252960 0.379440
rs1337 8.470800 0.295110 0.000000
rs1359 8.260000 0.210800 0.421590
rs1364 8.934550 0.084320 0.000000
rs1368 8.765910 0.042160 0.801030
rs1437 8.850230 0.084320 0.000000
