rf0001 7.762240 0.415350 0.000000
rf0003 8.850060 0.059330 0.171410
rf0006 8.454490 0.125260 0.000000
rf0007 8.645680 0.138450 0.270310
rf0008 8.942360 0.072520 0.000000
rf0010 8.058920 0.184600 0.408760
rf0011 8.454490 0.085710 0.000000
rf0014 8.236930 0.210970 0.217560
rf0015 8.935770 0.039550 0.000000
rf0017 8.236930 0.171410 0.164820
rf0019 8.454490 0.197780 0.000000
rf0020 8.461080 0.204380 0.375790
rf0023 8.236930 0.158220 0.000000
rf0024 8.606120 0.118680 0.421940
rf0028 8.236930 0.349420 0.000000
rf0029 8.243520 0.164820 0.534020
rf0030 8.685240 0.079110 0.000000
rf0031 8.935770 0.013180 0.323050
rf0032 8.428120 0.131850 0.000000
rf0033 8.197370 0.164820 0.382390
rf0034 8.236930 0.138440 0.000000
rf0040 8.935770 0.013180 0.547210
rf0042 8.381970 0.145040 0.000000
rf0043 8.935770 0.019770 0.349420
rf0045 8.058920 0.204380 0.000000
rf0048 8.138030 0.178010 0.474690
rf0049 8.236930 0.204370 0.000000
rf0051 8.157810 0.178010 0.375790
rf0053 8.058920 0.171410 0.000000
rf0058 8.454490 0.112080 0.375800
rf0059 8.045730 0.184600 0.000000
rf0060 8.236930 0.138440 0.303270
rf0061 8.236930 0.237340 0.000000
rf0062 8.494050 0.112070 0.336240
rf0064 7.874320 0.270310 0.000000
rf0065 8.058920 0.191190 0.290090
rf0068 8.236930 0.276890 0.000000
rf0071 8.935770 0.013180 0.382390
rf0072 7.880910 0.217570 0.000000
rf0073 8.322630 0.098890 0.507650
rf0074 8.599530 0.164820 0.000000
rf0076 8.236930 0.171410 0.487880
rf0077 8.322630 0.184600 0.000000
rf0079 8.236930 0.257120 0.323050
rf0083 8.236930 0.237340 0.000000
rf0084 8.606120 0.118680 0.270310
rf0092 8.935770 0.059330 0.000000
rf0098 8.764350 0.112080 0.309870
rf0099 8.236930 0.204370 0.000000
rf0102 8.454490 0.210970 0.375790
rf0104 8.052330 0.217560 0.000000
rf0106 7.801800 0.309860 0.421940
rf0107 8.058920 0.204380 0.000000
rf0108 8.006180 0.217560 0.408760
rf0109 8.599530 0.092300 0.000000
rf0110 7.755650 0.547200 0.454900
rf0111 8.599530 0.118670 0.000000
rf0117 7.544680 0.448310 0.382390
rf0118 8.236930 0.303270 0.000000
rf0119 8.236930 0.184590 0.461500
rf0120 7.458970 0.731810 0.000000
rf0122 7.762240 0.514240 0.408750
rf0125 8.803910 0.085710 0.000000
rf0126 8.935770 0.059330 0.501060
rf0128 8.236930 0.230740 0.000000
rf0129 8.461080 0.138450 0.441730
rf0132 8.461080 0.098890 0.000000
rf0134 8.757760 0.079110 0.210980
rf0141 8.058920 0.375790 0.000000
rf0143 8.441300 0.085710 0.270310
rf0145 8.461080 0.158230 0.000000
rf0147 8.764350 0.138450 0.428540
rf0150 8.935770 0.000000 0.000000
rf0154 8.408340 0.138450 0.468100
rf0155 8.461080 0.210970 0.000000
rf0156 8.929170 0.000000 0.270310
rf0157 8.236930 0.164820 0.000000
rf0160 8.764350 0.098890 0.283490
rf0164 8.935770 0.006590 0.000000
rf0165 8.764350 0.138450 0.243930
rf0167 8.935770 0.039550 0.000000
rf0169 8.124850 0.197780 0.243930
rf0170 8.764350 0.105490 0.000000
rf0171 8.678650 0.250520 0.461500
rf0172 8.461080 0.217570 0.000000
rf0173 8.935770 -0.013190 0.276900
rf0175 8.461080 0.118670 0.000000
rf0176 8.757760 0.118670 0.461500
rf0177 8.124850 0.184600 0.000000
rf0179 8.111660 0.197790 0.474690
rf0180 8.599530 0.085710 0.000000
rf0181 8.454490 0.151630 0.435120
rf0191 8.764350 0.118670 0.000000
rf0192 7.755650 0.415350 0.237350
rf0193 8.764350 0.112080 0.000000
rf0195 8.764350 0.098890 0.362600
rf0197 8.058920 0.178010 0.000000
rf0199 8.461080 0.263720 0.402170
rf0201 8.243520 0.171410 0.000000
rf0204 8.236930 0.118670 0.527430
rf0205 8.909390 0.006600 0.000000
rf0206 8.751170 0.112070 0.402170
rf0207 8.236930 0.178000 0.000000
rf0209 8.935770 0.065920 0.217570
rf0210 7.768830 0.362610 0.000000
rf0216 8.929170 -0.006590 0.388980
rf0217 8.935770 0.019770 0.000000
rf0218 8.434710 0.151640 0.362610
rf0223 8.863240 0.039560 0.000000
rf0226 8.606120 0.138450 0.356010
rf0227 8.461080 0.138450 0.000000
rf0229 8.935770 -0.013190 0.145040
rf0234 8.764350 0.098890 0.000000
rf0236 8.058920 0.204380 0.290080
rf0237 8.764350 0.112080 0.000000
rf0238 7.683130 0.534020 0.000000
rf0241 8.072100 0.151640 0.000000
rf0242 8.586350 0.085700 0.527430
rf0245 8.757760 0.092300 0.000000
rf0246 8.177590 0.125260 0.527430
rf0247 8.236930 0.178000 0.000000
rf0249 8.935770 0.052740 -0.098890
rf0250 8.138030 0.131860 0.000000
rf0251 8.566570 0.092300 0.151630
rf0252 8.335820 0.217560 0.000000
rf0256 8.764350 0.105490 0.290090
rf0257 8.157810 0.204380 0.000000
rf0258 8.606120 0.112080 0.270310
rf0259 8.065510 0.283490 0.000000
rf0262 7.531490 0.712030 0.428540
rf0263 8.461080 0.145040 0.000000
rf0264 8.757760 0.098890 0.441720
rf0265 8.236930 0.125260 0.000000
rf0266 8.217150 0.105480 0.224150
rf0267 8.461080 0.145040 0.000000
rf0268 8.236930 0.237340 0.362610
rf0269 8.250110 0.296680 0.000000
rf0272 8.091880 0.178010 0.395570
rf0273 8.058920 0.276900 0.000000
rf0280 7.900690 0.257120 0.461500
rf0283 8.929170 0.000000 0.000000
rf0284 8.105070 0.171410 0.243930
rf0292 8.856650 0.046150 0.000000
rf0294 8.935770 0.006590 0.210970
rf0296 8.236930 0.283490 0.000000
rf0297 8.461080 0.158230 0.369200
rf0298 8.236930 0.243930 0.000000
rf0299 8.236930 0.184590 0.237340
rf0300 8.236930 0.164820 0.000000
rf0302 8.803910 0.118670 0.428530
rf0303 8.454490 0.092300 0.000000
rf0305 8.236930 0.171410 0.369200
rf0306 7.762240 0.415350 0.000000
rf0314 8.454490 0.210970 0.276900
rf0316 8.757760 0.079110 0.000000
rf0318 8.190780 0.131850 0.501050
rf0320 7.979800 0.210980 0.000000
rf0322 8.461080 0.158230 0.408760
rf0323 8.480860 0.171410 0.000000
rf0326 8.236930 0.191190 0.507650
rf0328 8.546790 0.138450 0.000000
rf0331 8.157810 0.184600 0.415350
rf0332 8.236930 0.125260 0.000000
rf0333 8.764350 0.112080 0.428540
rf0335 8.058920 0.243930 0.000000
rf0338 7.458970 0.487870 0.197780
rf0339 8.764350 0.131860 0.000000
rf0340 8.098480 0.210970 0.118680
rf0341 8.764350 0.145040 0.000000
rf0342 8.144630 0.158220 0.461500
rf0343 8.685240 0.079110 0.000000
rf0348 9.034660 -0.019780 0.474690
rf0351 8.236930 0.171410 0.000000
rf0354 8.757760 0.079110 0.553800
rf0358 8.138030 0.138450 0.000000
rf0360 8.408340 0.164820 0.283490
rf0363 8.052330 0.151630 0.000000
rf0364 8.744570 0.065930 0.402170
rf0365 8.236930 0.118670 0.000000
rf0366 8.157810 0.145040 0.408750
rf0367 7.458970 0.553800 0.000000
rf0368 8.118250 0.178010 0.402160
rf0370 8.230330 0.118670 0.000000
rf0374 8.065510 0.329640 0.336240
rf0376 8.072100 0.164830 0.000000
rf0378 8.757760 0.092300 0.329640
rf0381 8.454490 0.158230 0.000000
rf0383 8.896210 0.013180 0.171420
rf0385 8.243520 0.224150 0.000000
rf0386 8.764350 0.105490 0.283490
rf0387 8.757760 0.085710 0.000000
rf0388 8.935770 0.039550 0.388980
rf0391 8.236930 0.151630 0.000000
rf0392 8.105070 0.171410 0.435130
rf0393 7.992990 0.184600 0.000000
rf0395 8.935770 0.026370 0.580170
rf0396 8.757760 0.092300 0.000000
rf0398 8.757760 0.098890 0.263720
rf0399 8.250110 0.178010 0.000000
rf0400 9.061030 -0.039560 0.349430
rf0401 7.788610 0.402170 0.000000
rf0403 8.454490 0.105480 0.402160
rf0412 8.461080 0.145040 0.000000
rf0413 8.461080 0.191190 0.217570
rf0415 8.513820 0.125270 0.000000
rf0417 8.935770 0.019770 0.448320
rf0418 8.434710 0.178010 0.000000
rf0419 8.045730 0.158230 0.342830
rf0425 8.606120 0.171420 0.000000
rf0426 7.458970 0.784550 0.178000
rf0427 8.724800 0.059330 0.000000
rf0428 8.243520 0.191190 0.487870
rf0430 8.309450 0.191190 0.000000
rf0431 7.979800 0.230750 0.316460
rf0432 8.058920 0.217560 0.000000
rf0433 8.461080 0.224160 0.481280
rf0434 8.263300 0.197780 0.000000
rf0436 8.236930 0.250520 0.388970
rf0439 7.564460 0.507640 0.000000
rf0441 7.762240 0.369200 0.540610
rf0443 7.557860 0.639510 0.000000
rf0448 8.236930 0.224150 0.461500
rf0450 8.810500 0.098890 0.000000
rf0452 8.236930 0.191190 0.428540
rf0453 8.236930 0.191190 0.000000
rf0454 8.118250 0.217570 0.395570
rf0455 8.935770 0.032960 0.000000
rf0456 8.236930 0.210970 0.441720
rf0459 7.795200 0.316460 0.000000
rf0460 8.764350 0.118670 0.217560
rf0461 8.395150 0.125270 0.000000
rf0462 8.065510 0.283490 0.092300
rf0463 8.764350 0.138450 0.000000
rf0464 8.157810 0.125260 0.356010
rf0465 8.289670 0.230750 0.000000
rf0466 8.553380 0.131860 0.184600
rf0467 8.124850 0.243930 0.000000
rf0471 8.454490 0.171410 0.454910
rf0473 8.737980 0.065930 0.000000
rf0474 8.032550 0.164820 0.362610
rf0476 8.157810 0.191190 0.000000
rf0477 8.058920 0.164820 0.309870
rf0478 8.461080 0.270310 0.000000
rf0479 8.032550 0.204380 0.243940
rf0480 8.236930 0.184590 0.000000
rf0482 8.105070 0.217560 0.336230
rf0485 8.236930 0.151630 0.000000
rf0487 8.236930 0.131850 0.441720
rf0488 8.553380 0.125270 0.000000
rf0496 8.025950 0.197790 0.309870
rf0497 8.276480 0.276900 0.000000
rf0498 7.854540 0.461500 0.250530
rf0499 8.085290 0.204380 0.000000
rf0500 8.764350 0.131860 0.448310
rf0503 8.091880 0.145050 0.000000
rf0505 8.236930 0.204370 0.329640
rf0507 8.606120 0.118680 0.000000
rf0510 8.843470 0.065920 0.408750
rf0511 8.072100 0.276900 0.000000
rf0513 8.863240 0.039560 -0.052740
rf0518 8.065510 0.237340 0.000000
rf0524 8.058920 0.342830 0.290080
rf0545 7.458970 1.048260 0.000000
rf0583 7.557860 0.771360 0.309860
rf0591 8.461080 0.237340 0.000000
rf0607 7.755650 0.362600 0.362610
rf0622 8.058920 0.224150 0.000000
rf0630 7.834760 0.276900 0.342830
rf0632 8.236930 0.362600 0.000000
rf0642 7.900690 0.224160 0.375790
rf0644 8.454490 0.210970 0.000000
rf0663 7.762240 0.336240 0.520840
rf0684 8.922580 0.000000 0.000000
rf0693 8.058920 0.210970 0.369200
rf0695 8.058920 0.197780 0.000000
rf0701 8.236930 0.290080 0.395570
rf0707 8.461080 0.197790 0.000000
rf0713 8.236930 0.230740 0.435130
rf0730 8.606120 0.118680 0.000000
rf0739 8.236930 0.197780 0.290080
rf0745 8.223740 0.112080 0.000000
rf0783 7.458970 0.685660 0.356010
rf0795 8.454490 0.131860 0.000000
rs0001 8.256700 0.151640 0.375790
rs0002 8.454490 0.098890 0.000000
rs0003 8.441300 0.112080 0.336230
rs0010 8.065510 0.178010 0.000000
rs0011 8.236930 0.164820 0.461500
rs0012 8.461080 0.138450 0.000000
rs0013 8.454490 0.098890 0.435130
rs0017 8.757760 0.105480 0.000000
rs0019 8.935770 0.013180 0.197780
rs0020 7.729280 0.474680 0.000000
rs0023 8.757760 0.158230 0.395580
rs0030 8.461080 0.151640 0.000000
rs0035 8.098480 0.158220 0.481280
rs0038 8.757760 0.065930 0.000000
rs0039 7.874320 0.309860 0.448320
rs0041 8.461080 0.151640 0.000000
rs0042 8.757760 0.112080 0.230750
rs0045 8.461080 0.197790 0.000000
rs0046 8.896210 0.026370 0.540610
rs0047 8.058920 0.329640 0.000000
rs0048 8.764350 0.131860 0.494470
rs0050 8.764350 0.118670 0.000000
rs0051 8.658870 0.105480 0.171410
rs0052 8.678650 0.098890 0.000000
rs0054 8.138030 0.197790 0.349420
rs0062 8.111660 0.171410 0.000000
rs0063 8.025950 0.210980 0.309860
rs0064 8.757760 0.105480 0.000000
rs0065 8.236930 0.164820 0.468100
rs0068 8.236930 0.263710 0.000000
rs0070 7.788610 0.441720 0.356010
rs0077 8.935770 0.065920 0.000000
rs0081 8.058920 0.184600 0.599950
rs0082 8.236930 0.296670 0.000000
rs0083 8.236930 0.237340 0.309860
rs0084 8.461080 0.105490 0.000000
rs0085 8.461080 0.151640 0.468100
rs0087 8.606120 0.184600 0.000000
rs0088 8.236930 0.164820 0.342830
rs0089 8.803910 0.092300 0.000000
rs0090 7.821580 0.296670 0.454900
rs0092 8.283070 0.224160 0.000000
rs0093 8.935770 0.013180 0.323050
rs0094 8.461080 0.151640 0.000000
rs0095 7.458970 0.534020 0.329640
rs0096 8.843470 0.059330 0.000000
rs0097 8.105070 0.158230 0.408760
rs0098 8.606120 0.118680 0.000000
rs0099 8.236930 0.441720 -0.072520
rs0103 8.639090 0.145040 0.000000
rs0104 8.810500 0.092300 0.191190
rs0105 7.458970 0.646100 0.000000
rs0106 8.236930 0.191190 0.388980
rs0111 7.755650 0.441720 0.000000
rs0113 8.935770 0.006590 0.204380
rs0118 8.434710 0.105490 0.000000
rs0120 8.553380 0.118670 0.408760
rs0121 8.883020 0.026370 0.000000
rs0122 8.236930 0.151630 0.230750
rs0123 8.830280 0.065930 0.000000
rs0124 7.458970 0.580170 0.362610
rs0126 8.691830 0.118670 0.000000
rs0127 8.461080 0.138450 0.342830
rs0128 8.764350 0.131860 0.000000
rs0129 9.061030 -0.039560 0.316460
rs0130 8.236930 0.145040 0.000000
rs0132 8.236930 0.342820 0.342830
rs0133 8.764350 0.098890 0.000000
rs0134 8.757760 0.105480 0.547210
rs0135 8.599530 0.131860 0.000000
rs0137 8.428120 0.079110 0.349420
rs0138 8.171000 0.158220 0.000000
rs0140 7.762240 0.283490 0.375790
rs0141 8.236930 0.151630 0.000000
rs0143 8.929170 0.006600 0.382390
rs0145 8.757760 0.105480 0.000000
rs0146 8.316040 0.138450 0.395570
rs0147 8.428120 0.079110 0.000000
rs0148 8.935770 0.019770 -0.079110
rs0149 8.461080 0.145040 0.000000
rs0150 7.702910 0.474680 0.388970
rs0153 8.757760 0.118670 0.000000
rs0154 8.243520 0.329640 0.454900
rs0156 8.467670 0.210980 0.000000
rs0158 8.236930 0.415340 0.415350
rs0163 8.718200 0.072520 0.000000
rs0165 8.388560 0.118670 0.323050
rs0166 8.579750 0.105490 0.000000
rs0167 8.177590 0.145040 0.369200
rs0168 8.111660 0.164820 0.000000
rs0170 8.236930 0.131850 0.316460
rs0171 8.256700 0.230750 0.000000
rs0172 8.250110 0.250530 0.507650
rs0174 8.171000 0.151630 0.000000
rs0175 8.474270 0.125260 0.362610
rs0178 8.190780 0.118670 0.000000
rs0179 8.461080 0.243940 0.296680
rs0180 8.421520 0.118680 0.000000
rs0182 8.764350 0.131860 0.435130
rs0183 8.843470 0.059330 0.000000
rs0184 8.236930 0.257120 0.349420
rs0185 8.566570 0.197780 0.000000
rs0188 8.935770 0.032960 0.566990
rs0189 8.757760 0.105480 0.000000
rs0192 8.118250 0.210970 0.375790
rs0193 8.737980 0.072520 0.000000
rs0195 8.836870 0.065930 0.356010
rs0200 7.630380 0.243940 0.000000
rs0201 9.041250 -0.019780 0.309870
rs0203 8.935770 0.052740 0.000000
rs0206 8.935770 0.013180 0.217560
rs0209 8.744570 0.092300 0.000000
rs0210 8.236930 0.283490 0.270310
rs0211 8.935770 0.059330 0.000000
rs0212 8.236930 0.303270 0.336230
rs0215 7.814980 0.428540 0.000000
rs0218 8.236930 0.158220 0.342830
rs0220 8.118250 0.151640 0.000000
rs0221 8.757760 0.079110 0.191190
rs0224 8.698420 0.079120 0.000000
rs0225 8.757760 0.085710 0.250530
rs0226 8.316040 0.145040 0.000000
rs0227 8.896210 0.019780 0.356010
rs0228 8.236930 0.118670 0.000000
rs0231 8.441300 0.092300 0.362600
rs0236 8.236930 0.164820 0.000000
rs0237 8.883020 0.046150 0.309860
rs0240 9.061030 -0.026370 0.000000
rs0241 8.408340 0.105480 0.270310
rs0242 8.461080 0.164820 0.000000
rs0243 8.757760 0.105480 0.329640
rs0246 8.236930 0.105480 0.000000
rs0247 7.940250 0.197780 0.362600
rs0250 8.817090 0.079120 0.000000
rs0251 8.236930 0.276890 0.342820
rs0255 8.388560 0.138450 0.000000
rs0256 8.342410 0.131860 -0.118670
rs0257 8.236930 0.164820 0.000000
rs0259 8.566570 0.085700 0.468100
rs0260 8.935770 0.032960 0.000000
rs0262 8.144630 0.151630 0.270310
rs0263 8.757760 0.112080 0.000000
rs0264 7.755650 0.303270 0.309870
rs0267 8.757760 0.085710 0.000000
rs0268 8.757760 0.085710 0.349420
rs0269 8.381970 0.145040 0.000000
rs0270 8.757760 0.131860 0.428540
rs0273 8.236930 0.138440 0.000000
rs0274 8.414930 0.131860 0.527430
rs0275 8.236930 0.164820 0.000000
rs0276 8.454490 0.118670 0.276900
rs0277 8.065510 0.217560 0.000000
rs0280 8.764350 0.131860 0.494470
rs0282 8.639090 0.092300 0.000000
rs0283 8.236930 0.145040 0.006600
rs0284 8.256700 0.178010 0.000000
rs0288 8.935770 0.032960 0.178010
rs0289 8.454490 0.105480 0.000000
rs0290 8.256700 0.283500 -0.026370
rs0297 8.138030 0.171420 0.000000
rs0303 8.065510 0.356010 0.395580
rs0306 8.751170 0.072520 0.000000
rs0308 8.935770 -0.006600 0.217560
rs0313 8.935770 0.006590 0.000000
rs0314 8.606120 0.171420 0.388980
rs0316 8.757760 0.092300 0.000000
rs0318 7.920470 0.210970 0.507650
rs0320 8.744570 0.079120 0.000000
rs0323 8.263300 0.184600 0.441720
rs0325 7.458970 0.501060 0.000000
rs0328 8.236930 0.257120 0.342830
rs0330 8.461080 0.243940 0.000000
rs0331 8.454490 0.072520 0.461500
rs0334 8.520420 0.125260 0.000000
rs0336 8.606120 0.138450 0.210970
rs0337 8.520420 0.125260 0.000000
rs0339 8.935770 0.026370 0.230750
rs0340 8.559970 0.118680 0.000000
rs0341 8.236930 0.125260 0.243930
rs0343 8.461080 0.158230 0.000000
rs0344 8.243520 0.171410 0.382380
rs0345 7.604010 0.501060 0.000000
rs0349 7.847950 0.283490 0.224150
rs0350 8.599530 0.085710 0.000000
rs0354 8.269890 0.164820 0.342830
rs0358 8.678650 0.079110 0.000000
rs0363 8.256700 0.243940 0.296680
rs0364 7.735870 0.408760 0.000000
rs0365 8.236930 0.138440 0.349420
rs0367 8.144630 0.164820 0.000000
rs0371 8.757760 0.118670 0.421940
rs0372 8.236930 0.217560 0.000000
rs0373 8.480860 0.131860 0.487870
rs0374 8.236930 0.178000 0.000000
rs0376 8.606120 0.197790 0.527430
rs0377 8.461080 0.250530 0.000000
rs0380 8.461080 0.131860 0.369200
rs0384 8.283070 0.197790 0.000000
rs0386 8.381970 0.125260 0.474680
rs0389 8.236930 0.197780 0.000000
rs0391 8.612720 0.118670 0.402160
rs0392 8.250110 0.118670 0.000000
rs0393 8.217150 0.118670 0.619730
rs0394 7.900690 0.230750 0.000000
rs0401 8.757760 0.079110 0.382390
rs0408 8.447900 0.105480 0.000000
rs0409 8.705020 0.079110 0.593360
rs0410 8.236930 0.138440 0.000000
rs0411 8.210550 0.125270 0.395570
rs0416 7.762240 0.382390 0.000000
rs0417 7.458970 0.435130 0.408760
rs0418 8.197370 0.145040 0.000000
rs0419 8.599530 0.138450 0.501060
rs0420 8.705020 0.072520 0.000000
rs0421 7.636980 0.441720 0.309860
rs0422 7.966620 0.210970 0.000000
rs0423 8.236930 0.316450 0.375790
rs0424 8.250110 0.158230 0.000000
rs0425 8.461080 0.158230 0.461500
rs0427 8.236930 0.131850 0.000000
rs0428 8.461080 0.224160 0.224160
rs0429 8.058920 0.184600 0.000000
rs0430 7.716090 0.428540 0.395570
rs0432 7.966620 0.184600 0.000000
rs0433 8.757760 0.098890 0.270300
rs0435 8.236930 0.336230 0.000000
rs0437 8.362190 0.092300 0.356010
rs0442 8.236930 0.158220 0.000000
rs0444 8.151220 0.158230 0.454910
rs0449 8.698420 0.092300 0.000000
rs0452 8.711610 0.092300 0.474680
rs0453 9.061030 -0.032960 0.000000
rs0454 8.236930 0.230740 0.257120
rs0456 8.461080 0.125270 0.000000
rs0458 8.764350 0.105490 0.402160
rs0460 8.124850 0.178000 0.000000
rs0463 8.579750 0.079120 0.375790
rs0467 8.236930 0.178000 0.000000
rs0468 8.606120 0.138450 0.415350
rs0469 8.078700 0.204370 0.000000
rs0470 7.755650 0.501050 0.421940
rs0472 7.472160 0.560390 0.000000
rs0473 8.098480 0.178000 -0.171410
rs0476 8.935770 -0.019780 0.000000
rs0477 8.322630 0.098890 -0.039560
rs0480 8.236930 0.210970 0.000000
rs0485 8.052330 0.171410 0.408750
rs0492 7.458970 0.580170 0.000000
rs0493 8.296260 0.178010 0.178010
rs0494 8.632500 0.158220 0.000000
rs0495 8.065510 0.243940 0.421940
rs0496 8.612720 0.138450 0.000000
rs0505 8.935770 0.013180 0.243930
rs0508 8.171000 0.184600 0.000000
rs0512 8.606120 0.171420 0.487880
rs0516 8.349000 0.131860 0.000000
rs0517 8.935770 0.059330 0.290080
rs0519 8.474270 0.191190 0.000000
rs0520 8.236930 0.145040 0.408760
rs0521 8.461080 0.158230 0.000000
rs0522 8.606120 0.118680 0.184600
rs0524 8.461080 0.270310 0.000000
rs0526 8.256700 0.204380 0.441720
rs0528 8.935770 0.046150 0.000000
rs0529 8.355600 0.112070 0.388980
rs0531 9.061030 -0.046150 0.000000
rs0532 8.540200 0.125260 0.421940
rs0534 8.461080 0.158230 0.000000
rs0536 8.236930 0.151630 0.527430
rs0538 8.480860 0.138450 0.000000
rs0541 8.935770 0.013180 0.375790
rs0542 8.757760 0.072520 0.000000
rs0543 8.454490 0.191190 0.534020
rs0545 7.458970 0.606540 0.000000
rs0546 8.171000 0.184600 0.461490
rs0548 8.335820 0.184600 0.000000
rs0549 8.289670 0.178000 0.553800
rs0553 8.236930 0.178000 0.000000
rs0554 8.935770 0.013180 0.441720
rs0555 8.606120 0.125270 0.000000
rs0556 7.966620 0.217560 -0.098890
rs0559 8.355600 0.145040 0.000000
rs0560 8.691830 0.085710 0.283490
rs0562 8.606120 0.098900 0.000000
rs0564 8.236930 0.164820 0.257120
rs0566 8.309450 0.171410 0.000000
rs0568 8.236930 0.158220 0.461500
rs0571 7.768830 0.395570 0.000000
rs0572 8.757760 0.118670 0.270300
rs0573 8.144630 0.164820 0.000000
rs0574 8.935770 0.000000 0.402160
rs0578 8.757760 0.112080 0.000000
rs0579 8.843470 0.052740 0.481280
rs0585 8.236930 0.263710 0.000000
rs0586 8.072100 0.191200 0.263710
rs0588 8.757760 0.039560 0.000000
rs0591 8.935770 0.006590 0.454910
rs0598 8.718200 0.098890 0.000000
rs0599 8.751170 0.112070 0.243940
rs0602 8.606120 0.131860 0.000000
rs0609 8.461080 0.138450 0.323050
rs0615 8.757760 0.079110 0.000000
rs0616 8.672050 0.151640 0.138450
rs0617 9.061030 -0.059340 0.000000
rs0618 8.414930 0.151640 0.224160
rs0620 8.461080 0.158230 0.000000
rs0623 8.058920 0.210970 0.250530
rs0626 7.458970 0.494460 0.000000
rs0627 8.757760 0.105480 0.356020
rs0630 8.388560 0.197790 0.000000
rs0637 8.757760 0.092300 0.527430
rs0638 8.935770 -0.006600 0.000000
rs0640 8.751170 0.039550 0.263710
rs0641 8.566570 0.164820 0.000000
rs0644 8.269890 0.263710 0.415350
rs0645 8.606120 0.131860 0.000000
rs0656 8.447900 0.085700 0.316460
rs0660 8.935770 0.039550 0.000000
rs0667 8.658870 0.098890 0.369200
rs0670 8.948950 0.039560 0.000000
rs0671 8.124850 0.184600 0.336240
rs0677 8.606120 0.184600 0.000000
rs0679 8.757760 0.072520 0.415350
rs0691 8.935770 0.006590 0.000000
rs0696 8.764350 0.158230 0.276900
rs0703 8.935770 -0.013190 0.000000
rs0708 8.856650 0.059340 0.263710
rs0710 8.461080 0.178010 0.000000
rs0713 7.458970 0.494460 0.309870
rs0720 8.236930 0.151630 0.000000
rs0722 8.236930 0.276890 0.349430
rs0724 8.896210 0.019780 0.000000
rs0726 8.236930 0.164820 0.415350
rs0727 8.540200 0.138450 0.000000
rs0731 8.461080 0.184600 0.382380
rs0733 8.764350 0.125270 0.000000
rs0734 8.599530 0.079120 0.243930
rs0738 8.606120 0.098900 0.000000
rs0740 8.236930 0.257120 0.263710
rs0741 8.830280 0.065930 0.000000
rs0743 8.058920 0.204380 0.507650
rs0744 8.586350 0.112070 0.000000
rs0746 8.461080 0.184600 0.468100
rs0747 8.764350 0.125270 0.000000
rs0751 8.935770 0.059330 0.178000
rs0752 8.606120 0.158230 0.000000
rs0754 8.737980 0.092300 0.316460
rs0756 8.230330 0.112080 0.000000
rs0758 8.757760 0.092300 0.428540
rs0763 8.652270 0.092300 0.000000
rs0766 8.401750 0.138450 0.342830
rs0767 8.236930 0.270300 0.000000
rs0768 8.461080 0.158230 0.316460
rs0769 8.236930 0.204370 0.000000
rs0774 8.078700 0.250520 0.454900
rs0775 7.458970 0.632910 0.000000
rs0777 7.992990 0.197790 0.415350
rs0778 8.131440 0.178010 0.000000
rs0779 8.757760 0.092300 0.164820
rs0781 8.764350 0.112080 0.000000
rs0782 8.045730 0.164820 0.356020
rs0786 8.236930 0.171410 0.000000
rs0788 8.236930 0.178000 0.316460
rs0790 8.236930 0.164820 0.000000
rs0793 8.461080 0.151640 0.230750
rs0794 8.757760 0.098890 0.000000
rs0797 8.764350 0.105490 0.290080
rs0799 7.755650 0.421940 0.000000
rs0800 8.454490 0.118670 0.415350
rs0802 8.236930 0.184590 0.000000
rs0804 8.111660 0.138450 0.336230
rs0805 7.458970 0.527430 0.000000
rs0806 8.652270 0.098900 -0.072520
rs0809 8.935770 0.019770 0.000000
rs0810 8.236930 0.243930 0.296680
rs0811 8.678650 0.085700 0.000000
rs0812 8.935770 0.026370 0.362610
rs0815 8.065510 0.210970 0.000000
rs0818 8.144630 0.164820 0.402160
rs0823 8.935770 0.039550 0.000000
rs0828 8.461080 0.197790 0.468100
rs0831 8.935770 0.019770 0.000000
rs0832 8.309450 0.164820 0.309870
rs0833 8.711610 0.125260 0.000000
rs0834 8.428120 0.112080 0.250530
rs0836 8.764350 0.138450 0.000000
rs0838 8.757760 0.125260 -0.105490
rs0839 8.935770 0.032960 0.000000
rs0840 8.316040 0.151630 0.580170
rs0842 7.880910 0.270310 0.000000
rs0843 8.599530 0.138450 0.164820
rs0845 8.764350 0.118670 0.000000
rs0846 8.711610 0.079110 0.316460
rs0847 8.764350 0.105490 0.000000
rs0850 8.935770 0.019770 0.514240
rs0853 8.757760 0.098890 0.000000
rs0854 8.289670 0.204380 0.336230
rs0855 8.935770 0.006590 0.000000
rs0856 9.061030 -0.026370 0.408750
rs0860 8.935770 0.026370 0.000000
rs0865 8.935770 0.039550 0.369200
rs0866 8.480860 0.210970 0.000000
rs0868 8.678650 0.072520 0.336230
rs0869 8.375370 0.112080 0.000000
rs0871 8.474270 0.178000 -0.085710
rs0872 8.236930 0.184590 0.000000
rs0880 8.461080 0.164820 0.250530
rs0887 8.474270 0.151630 0.000000
rs0891 8.935770 0.000000 0.250530
rs0892 8.929170 0.006600 0.000000
rs0893 8.138030 0.151640 0.230750
rs0897 8.454490 0.085710 0.000000
rs0899 7.564460 0.599940 0.329640
rs0900 8.236930 0.125260 0.000000
rs0901 8.236930 0.316450 0.527430
rs0906 8.124850 0.158220 0.000000
rs0907 8.461080 0.171420 0.461500
rs0909 8.065510 0.210970 0.000000
rs0916 8.236930 0.191190 0.290080
rs0919 8.236930 0.184590 0.000000
rs0920 8.236930 0.230740 0.237340
rs0921 8.764350 0.131860 0.000000
rs0922 8.461080 0.250530 0.323050
rs0923 7.762240 0.580170 0.000000
rs0927 8.461080 0.118670 0.402170
rs0930 7.762240 0.402160 0.000000
rs0932 8.058920 0.191190 0.435130
rs0933 7.847950 0.349420 0.000000
rs0934 8.461080 0.131860 0.191190
rs0935 8.461080 0.151640 0.000000
rs0944 8.236930 0.210970 0.501060
rs0945 8.461080 0.237340 0.000000
rs0946 8.461080 0.191190 0.342820
rs0948 8.606120 0.178010 0.000000
rs0950 8.408340 0.125260 0.224160
rs0953 8.883020 0.039560 0.000000
rs0957 8.052330 0.171410 0.250530
rs0958 8.850060 0.046150 0.000000
rs0959 7.722680 0.441720 0.395570
rs0960 7.524900 0.606540 0.000000
rs0962 8.606120 0.164830 0.224160
rs0967 8.461080 0.138450 0.000000
rs0968 8.236930 0.151630 0.514240
rs0970 8.764350 0.092300 0.000000
rs0976 7.782020 0.362610 0.118680
rs0977 7.458970 0.487870 0.000000
rs0979 8.236930 0.415340 0.329640
rs0980 8.757760 0.079110 0.000000
rs0981 8.118250 0.164820 0.263720
rs0982 7.458970 0.613130 0.000000
rs0983 8.243520 0.158230 0.204370
rs0984 8.461080 0.112080 0.000000
rs0985 8.296260 0.184600 0.441730
rs0986 8.065510 0.303270 0.000000
rs0989 8.606120 0.112080 0.309860
rs0991 8.830280 0.065930 0.000000
rs0995 8.718200 0.065930 0.388980
rs0996 8.236930 0.151630 0.000000
rs0997 8.606120 0.085710 0.276900
rs0999 8.461080 0.164820 0.000000
rs1001 8.421520 0.118680 0.388980
rs1002 8.757760 0.125260 0.000000
rs1003 8.381970 0.145040 0.375790
rs1010 8.935770 0.052740 0.000000
rs1014 7.999580 0.178010 0.441730
rs1016 8.935770 0.046150 0.000000
rs1017 8.091880 0.191190 0.309860
rs1020 8.065510 0.257120 0.000000
rs1021 8.138030 0.171420 0.369200
rs1028 8.461080 0.145040 0.000000
rs1029 8.236930 0.171410 0.454910
rs1030 7.735870 0.415350 0.000000
rs1031 8.461080 0.197790 0.243940
rs1032 8.236930 0.191190 0.000000
rs1034 8.250110 0.224160 0.349430
rs1035 8.269890 0.138450 0.000000
rs1038 7.458970 0.619730 0.323050
rs1040 8.065510 0.257120 0.000000
rs1041 7.458970 0.501060 0.421940
rs1043 8.032550 0.184600 0.000000
rs1045 8.289670 0.237340 0.329640
rs1047 8.058920 0.178010 0.000000
rs1048 8.909390 0.006600 0.270310
rs1049 8.480860 0.164820 0.000000
rs1050 7.762240 0.415350 0.474690
rs1052 8.461080 0.145040 0.000000
rs1053 8.210550 0.105490 0.316460
rs1054 8.236930 0.151630 0.000000
rs1055 8.177590 0.151630 0.237350
rs1057 8.935770 0.059330 0.000000
rs1058 8.474270 0.296680 0.283490
rs1059 8.461080 0.164820 0.000000
rs1060 7.874320 0.210970 0.323050
rs1062 8.902800 0.026370 0.000000
rs1065 8.447900 0.085700 0.395570
rs1068 8.757760 0.092300 0.000000
rs1070 8.421520 0.118680 0.349420
rs1072 8.447900 0.065920 0.000000
rs1073 7.458970 0.534020 0.092300
rs1074 8.236930 0.158220 0.000000
rs1076 8.757760 0.092300 0.323050
rs1077 8.236930 0.171410 0.000000
rs1078 8.236930 0.342820 0.303270
rs1079 8.764350 0.131860 0.000000
rs1080 8.606120 0.178010 0.329650
rs1081 8.414930 0.098890 0.000000
rs1082 8.764350 0.105490 0.204370
rs1083 8.599530 0.164820 0.000000
rs1084 8.454490 0.085710 0.329650
rs1087 8.573160 0.112080 0.000000
rs1091 8.731390 0.112080 0.309870
rs1098 8.236930 0.138440 0.000000
rs1100 8.619310 0.145040 0.369200
rs1102 9.061030 -0.032960 0.000000
rs1103 8.302850 0.112080 0.197780
rs1104 8.203960 0.178010 0.000000
rs1105 7.544680 0.514240 0.474690
rs1108 8.058920 0.250530 0.000000
rs1109 8.909390 0.019780 0.369200
rs1110 8.705020 0.059330 0.000000
rs1113 8.058920 0.263710 0.323050
rs1114 8.863240 0.052750 0.000000
rs1117 8.236930 0.151630 0.421940
rs1118 8.665460 0.085710 0.000000
rs1119 8.461080 0.283490 0.342830
rs1120 8.935770 0.065920 0.000000
rs1121 8.935770 0.046150 0.270310
rs1122 8.909390 0.013190 0.000000
rs1124 8.454490 0.151630 0.369200
rs1125 8.461080 0.138450 0.000000
rs1126 8.236930 0.151630 0.441730
rs1128 8.236930 0.138440 0.000000
rs1131 8.935770 0.046150 0.382380
rs1132 7.986400 0.243930 0.000000
rs1135 8.236930 0.323040 0.514250
rs1137 8.559970 0.112080 0.000000
rs1142 8.236930 0.303270 0.250520
rs1143 7.755650 0.415350 0.000000
rs1145 8.599530 0.125270 0.342830
rs1146 8.935770 0.013180 0.000000
rs1147 8.236930 0.263710 0.362610
rs1149 8.236930 0.250520 0.000000
rs1151 8.461080 0.296680 0.382380
rs1154 8.579750 0.105490 0.000000
rs1156 8.236930 0.158220 0.191190
rs1157 8.236930 0.151630 0.000000
rs1159 8.203960 0.138450 0.309870
rs1163 8.461080 0.131860 0.000000
rs1164 7.458970 0.566980 0.323050
rs1165 8.223740 0.125260 0.000000
rs1166 7.458970 0.613130 0.375790
rs1169 8.586350 0.079110 0.000000
rs1170 8.461080 0.184600 0.534020
rs1171 8.718200 0.079120 0.000000
rs1172 7.755650 0.329640 0.276900
rs1174 8.592940 0.164820 0.000000
rs1176 7.702910 0.441720 0.257120
rs1178 8.599530 0.085710 0.000000
rs1179 8.454490 0.118670 0.507650
rs1182 8.461080 0.184600 0.000000
rs1183 8.724800 0.092290 0.210970
rs1184 8.236930 0.197780 0.000000
rs1185 8.757760 0.092300 0.375800
rs1187 8.414930 0.112080 0.000000
rs1188 8.058920 0.171410 0.382390
rs1191 8.639090 0.098890 0.000000
rs1192 7.663350 0.566980 0.263710
rs1193 7.861130 0.323050 0.000000
rs1195 8.019360 0.145040 0.184600
rs1198 8.414930 0.118670 0.000000
rs1200 8.058920 0.171410 0.270310
rs1202 8.065510 0.270310 0.000000
rs1205 8.731390 0.079110 0.270310
rs1206 8.935770 0.013180 0.000000
rs1207 8.731390 0.065930 0.290090
rs1208 8.236930 0.257120 0.000000
rs1209 8.454490 0.125260 0.303270
rs1210 8.764350 0.138450 0.000000
rs1211 8.757760 0.092300 0.487880
rs1212 8.243520 0.243930 0.000000
rs1213 8.935770 0.006590 0.395570
rs1217 8.935770 0.039550 0.000000
rs1220 8.757760 0.098890 0.375800
rs1229 8.935770 0.052740 0.000000
rs1236 8.058920 0.191190 0.382390
rs1238 8.606120 0.125270 0.000000
rs1245 8.065510 0.290090 0.408750
rs1248 8.757760 0.085710 0.000000
rs1257 8.078700 0.178000 0.263710
rs1258 8.705020 0.065930 0.000000
rs1259 8.309450 0.112070 0.204380
rs1260 8.236930 0.151630 0.000000
rs1261 8.388560 0.131860 0.441730
rs1262 8.236930 0.204370 0.000000
rs1263 7.458970 0.599950 0.342820
rs1264 8.105070 0.171410 0.000000
rs1265 8.737980 0.085710 0.382390
rs1266 8.513820 0.118680 0.000000
rs1267 9.041250 -0.032960 0.481280
rs1269 7.650160 0.804330 0.000000
rs1270 8.441300 0.118670 0.303270
rs1276 8.177590 0.138450 0.000000
rs1278 8.764350 0.105490 0.428530
rs1280 8.085290 0.197780 0.000000
rs1281 8.236930 0.131850 0.375790
rs1283 7.458970 0.580170 0.000000
rs1284 8.052330 0.158220 0.323050
rs1285 8.296260 0.217560 0.000000
rs1286 8.757760 0.072520 0.421950
rs1289 8.151220 0.151630 0.000000
rs1290 8.144630 0.151630 0.356020
rs1291 8.269890 0.184600 0.000000
rs1292 8.151220 0.283490 0.329640
rs1293 8.592940 0.079110 0.000000
rs1294 8.592940 0.112080 0.276900
rs1295 7.847950 0.441720 0.000000
rs1296 7.762240 0.309860 0.309860
rs1297 8.144630 0.158220 0.000000
rs1298 7.564460 0.560390 0.230750
rs1299 8.171000 0.164820 0.000000
rs1301 8.929170 0.006600 0.342830
rs1302 7.669940 0.527430 0.000000
rs1303 8.461080 0.382390 -0.079110
rs1304 8.236930 0.112070 0.000000
rs1310 8.461080 0.131860 0.441730
rs1337 8.705020 0.072520 0.000000
rs1359 8.217150 0.112070 0.665880
rs1368 8.770950 0.065920 0.000000
rs1437 8.922580 0.013190 0.481280
rs1518 8.935770 0.032960 0.000000
