rf0002 -0.259360 0.125260 0.000000
rf0003 0.123020 0.026370 0.342820
rf0010 -0.516480 0.151630 0.000000
rf0011 -0.312100 0.145040 0.085710
rf0013 -0.200030 0.032970 0.000000
rf0015 0.215320 0.026370 0.171410
rf0016 -0.107730 0.085710 0.000000
rf0022 -0.252770 0.065930 0.046150
rf0024 -0.127500 0.138450 0.000000
rf0029 -0.424180 0.131850 0.079120
rf0030 -0.265950 0.237340 0.000000
rf0031 0.155990 0.046150 0.184600
rf0040 0.195540 0.026380 0.000000
rf0048 -0.496700 0.151630 0.072520
rf0053 -0.542850 0.125260 0.000000
rf0060 -0.463740 0.145040 0.072520
rf0062 -0.173650 0.098890 0.000000
rf0064 -0.635150 0.158220 0.065930
rf0065 -0.476930 0.131860 0.000000
rf0072 -0.734050 0.178010 0.079110
rf0073 -0.490110 0.158230 0.000000
rf0092 0.248290 0.019780 0.138450
rf0125 0.096650 0.059340 0.000000
rf0127 -0.298920 0.052740 0.059330
rf0129 -0.318700 0.164820 0.000000
rf0132 -0.213210 0.092300 0.079120
rf0134 -0.325290 0.349420 0.000000
rf0138 -0.068170 0.039560 0.039560
rf0164 0.202140 0.019780 0.000000
rf0166 -0.015430 0.046150 0.059330
rf0169 -0.496700 0.151630 0.000000
rf0176 0.090060 -0.006590 0.534020
rf0180 -0.430780 0.243940 0.000000
rf0190 -0.292330 0.105490 0.059330
rf0201 -0.582410 0.191190 0.000000
rf0204 -0.523070 0.158220 0.079120
rf0205 0.136210 0.059330 0.000000
rf0223 0.109840 0.039550 0.296680
rf0234 0.076870 0.052750 0.000000
rf0237 0.063690 0.046150 0.263720
rf0241 -0.734050 0.217570 0.000000
rf0248 -0.114320 0.065930 0.046150
rf0249 0.221920 0.032960 0.000000
rf0250 -0.635150 0.178000 0.065930
rf0251 -0.358250 0.184600 0.000000
rf0258 -0.292330 0.230750 0.072520
rf0263 -0.476930 0.217570 0.000000
rf0267 -0.424180 0.197780 0.052750
rf0271 0.004350 0.178010 0.000000
rf0283 0.136210 0.039560 0.224160
rf0284 -0.575820 0.158230 0.000000
rf0287 -0.081350 0.125260 0.085710
rf0292 0.103240 0.032970 0.000000
rf0295 -0.074760 0.105480 0.079120
rf0298 -0.397810 0.158230 0.000000
rf0306 -0.549450 0.131860 0.092300
rf0309 -0.140690 0.079110 0.000000
rf0315 0.030720 0.145050 0.052740
rf0319 0.004350 0.151640 0.000000
rf0324 -0.160470 0.019780 0.032960
rf0338 -0.490110 0.138450 0.000000
rf0339 0.096650 0.026370 0.342830
rf0343 -0.107730 0.105490 0.000000
rf0348 0.261470 0.013190 0.118670
rf0351 -0.470330 0.145040 0.000000
rf0354 -0.457150 0.468100 0.026370
rf0358 -0.589000 0.158220 0.000000
rf0363 -0.635150 0.171410 0.065930
rf0364 -0.430780 0.395580 0.000000
rf0366 -0.490110 0.131860 0.065930
rf0372 -0.147280 0.032960 0.000000
rf0375 -0.028610 0.079110 0.079120
rf0377 -0.153880 0.019780 0.000000
rf0383 0.136210 0.039560 0.402160
rf0385 -0.378030 0.151630 0.000000
rf0386 0.063690 0.019780 0.382390
rf0388 0.228510 0.026370 0.000000
rf0396 0.030720 0.059340 0.178000
rf0397 -0.002240 0.065930 0.000000
rf0399 -0.331880 0.118670 0.072520
rf0400 0.301030 inf 0.000000
rf0403 -0.496700 0.210970 0.059340
rf0415 -0.279140 0.164820 0.000000
rf0419 -0.654930 0.191190 0.059340
rf0428 -0.516480 0.184600 0.000000
rf0439 -0.780200 0.158230 0.059330
rf0444 -0.002240 0.145040 0.000000
rf0474 -0.529670 0.118670 0.105480
rf0477 -0.443960 0.112080 0.000000
rf0488 -0.378030 0.204380 0.079120
rf0496 -0.542850 0.158220 0.000000
rf0499 -0.523070 0.138440 0.059340
rf0500 0.103240 0.013190 0.000000
rf0503 -0.397810 0.098890 0.046150
rf0513 0.109840 0.046150 0.000000
rf0630 -0.773600 0.151630 0.059340
rf0795 -0.529670 0.217570 0.000000
rs0001 -0.542850 0.171410 0.065930
rs0003 -0.476930 0.191200 0.000000
rs0010 -0.397810 0.125260 0.065930
rs0012 -0.496700 0.224150 0.000000
rs0013 -0.476930 0.171420 0.065920
rs0022 -0.140690 0.065930 0.000000
rs0029 -0.134100 0.092300 0.046150
rs0030 -0.417590 0.210970 0.000000
rs0046 0.123020 0.046150 0.237340
rs0051 -0.200030 0.204380 0.000000
rs0052 -0.358250 0.296670 0.079120
rs0053 -0.015430 0.052750 0.000000
rs0054 -0.536260 0.138450 0.079110
rs0062 -0.523070 0.138440 0.000000
rs0087 -0.496700 0.454900 0.046150
rs0088 -0.523070 0.151630 0.000000
rs0089 0.109840 0.059330 0.263720
rs0090 -0.536260 0.112080 0.000000
rs0092 -0.490110 0.178010 0.065930
rs0093 0.202140 0.026370 0.000000
rs0094 -0.443960 0.197780 0.052740
rs0095 -0.668120 0.178010 0.000000
rs0096 0.096650 0.032970 0.303270
rs0097 -0.569220 0.145040 0.000000
rs0098 -0.279140 0.257120 0.065930
rs0104 0.109840 0.019780 0.000000
rs0107 -0.153880 0.085710 0.092300
rs0109 -0.153880 0.092300 0.000000
rs0113 0.155990 0.046150 0.191190
rs0122 -0.556040 0.164820 0.000000
rs0124 -0.509890 0.145040 0.072520
rs0127 -0.463740 0.217560 0.000000
rs0133 0.070280 0.039560 0.250530
rs0134 0.063690 0.059330 0.000000
rs0136 -0.061580 0.072530 0.092300
rs0138 -0.509890 0.171410 0.000000
rs0140 -0.674710 0.191190 0.052740
rs0141 -0.404400 0.131850 0.000000
rs0143 0.136210 0.046150 0.230750
rs0145 0.076870 0.006600 0.000000
rs0146 -0.529670 0.184600 0.065930
rs0147 -0.338480 0.138450 0.000000
rs0150 -0.397810 0.092300 0.112080
rs0156 -0.496700 0.230750 0.000000
rs0159 0.116430 0.052740 0.118670
rs0163 -0.252770 0.243940 0.000000
rs0167 -0.549450 0.145050 0.079110
rs0168 -0.589000 0.164820 0.000000
rs0172 -0.305510 0.145040 0.085710
rs0175 -0.331880 0.158230 0.000000
rs0181 -0.186840 0.032960 0.046150
rs0183 0.090060 0.046150 0.000000
rs0196 -0.002240 0.098890 0.092300
rs0201 0.281250 0.006590 0.000000
rs0203 0.228510 0.026370 0.151640
rs0206 0.155990 0.046150 0.000000
rs0218 -0.457150 0.151640 0.072520
rs0221 -0.028610 0.085700 0.000000
rs0225 -0.298920 0.336240 0.059330
rs0226 -0.483520 0.171420 0.000000
rs0231 -0.424180 0.178000 0.065930
rs0237 0.136210 0.052740 0.000000
rs0240 0.301030 inf 0.079110
rs0242 -0.358250 0.184600 0.000000
rs0243 0.050500 0.032970 0.323050
rs0244 0.004350 0.158230 0.000000
rs0247 -0.668120 0.178010 0.059330
rs0256 -0.516480 0.171410 0.000000
rs0259 -0.232990 0.125260 0.079110
rs0261 -0.147280 0.065930 0.000000
rs0262 -0.503300 0.138450 0.065920
rs0264 -0.562630 0.118670 0.000000
rs0266 -0.127500 0.065920 0.072530
rs0267 0.030720 0.052750 0.000000
rs0268 0.030720 0.052750 0.237340
rs0273 -0.437370 0.131860 0.000000
rs0275 -0.457150 0.138450 0.065920
rs0276 -0.450550 0.197780 0.000000
rs0282 -0.173650 0.145040 0.098900
rs0306 -0.292330 0.316460 0.000000
rs0315 -0.252770 0.098890 0.079110
rs0316 0.037320 0.052740 0.000000
rs0318 -0.707670 0.171410 0.079120
rs0320 -0.041800 0.085710 0.000000
rs0323 -0.345070 0.131860 0.072520
rs0334 -0.351660 0.178010 0.000000
rs0337 -0.358250 0.184600 0.079120
rs0339 0.215320 0.026370 0.000000
rs0341 -0.470330 0.145040 0.072520
rs0344 -0.503300 0.178010 0.000000
rs0345 -0.575820 0.151640 0.092300
rs0349 -0.635150 0.171410 0.000000
rs0350 -0.140690 0.052740 0.303270
rs0351 -0.002240 0.131860 0.000000
rs0354 -0.529670 0.197790 0.072520
rs0358 -0.272550 0.243940 0.000000
rs0373 -0.430780 0.230750 0.046150
rs0386 -0.549450 0.243940 0.000000
rs0391 -0.298920 0.263720 0.072520
rs0392 -0.608780 0.191190 0.000000
rs0393 -0.397810 0.125260 0.065930
rs0406 -0.298920 0.079120 0.000000
rs0416 -0.549450 0.131860 0.092300
rs0419 -0.470330 0.349420 0.000000
rs0421 -0.523070 0.145040 0.092300
rs0424 -0.503300 0.171420 0.000000
rs0425 -0.351660 0.164820 0.079120
rs0429 -0.509890 0.145040 0.000000
rs0430 -0.523070 0.145040 0.065930
rs0432 -0.806570 0.243940 0.000000
rs0437 -0.536260 0.210970 0.065930
rs0440 -0.153880 0.059340 0.000000
rs0444 -0.509890 0.145040 0.059330
rs0452 -0.292330 0.290090 0.000000
rs0460 -0.529670 0.138450 0.085700
rs0463 -0.140690 0.039560 0.000000
rs0468 -0.463740 0.323050 0.046150
rs0472 -0.523070 0.105480 0.000000
rs0473 -0.608780 0.178000 0.072520
rs0477 -0.628560 0.243930 0.000000
rs0485 -0.523070 0.131850 0.072530
rs0493 -0.569220 0.178000 0.000000
rs0495 -0.483520 0.145040 0.072520
rs0503 -0.114320 0.085710 0.000000
rs0505 0.215320 0.019780 0.329640
rs0508 -0.490110 0.158230 0.000000
rs0516 -0.523070 0.191190 0.065930
rs0517 0.248290 0.019780 0.000000
rs0519 -0.476930 0.230750 0.059330
rs0520 -0.397810 0.112080 0.000000
rs0528 0.221920 0.026370 0.158230
rs0532 -0.417590 0.243940 0.000000
rs0536 -0.523070 0.151630 0.072530
rs0538 -0.312100 0.158220 0.000000
rs0541 0.182360 0.026370 0.197790
rs0549 -0.417590 0.138450 0.000000
rs0554 0.202140 0.032960 0.178010
rs0555 -0.252770 0.237340 0.000000
rs0556 -0.819750 0.257120 0.039560
rs0560 -0.068170 0.085710 0.000000
rs0571 -0.608780 0.158230 0.072520
rs0573 -0.437370 0.125270 0.000000
rs0574 0.149390 0.032970 0.224150
rs0582 -0.087950 0.125270 0.000000
rs0586 -0.575820 0.145040 0.079110
rs0591 0.202140 0.026370 0.000000
rs0612 -0.114320 0.046150 0.039560
rs0650 -0.114320 0.059340 0.000000
rs0656 -0.272550 0.112080 0.079110
rs0660 0.221920 0.019770 0.000000
rs0672 -0.087950 0.092300 0.079110
rs0679 -0.450550 0.441720 0.000000
rs0724 0.116430 0.046150 0.243930
rs0731 -0.463740 0.217560 0.000000
rs0741 0.109840 0.046150 0.290090
rs0745 -0.153880 0.098900 0.000000
rs0751 0.248290 0.019780 0.158230
rs0763 -0.305510 0.237340 0.000000
rs0768 -0.351660 0.178010 0.085710
rs0775 -0.450550 0.105480 0.000000
rs0779 0.037320 0.065920 0.224160
rs0781 0.050500 0.046150 0.000000
rs0788 -0.509890 0.158230 0.065930
rs0797 0.037320 0.046150 0.000000
rs0798 -0.153880 0.065930 0.079110
rs0804 -0.621970 0.171420 0.000000
rs0805 -0.720860 0.164820 0.085710
rs0806 -0.206620 0.237340 0.000000
rs0808 -0.107730 0.032970 0.032960
rs0809 0.208730 0.026370 0.000000
rs0812 0.202140 0.019780 0.210970
rs0815 -0.496700 0.138450 0.000000
rs0823 0.208730 0.026370 0.158230
rs0833 0.030720 0.032970 0.000000
rs0839 0.228510 0.019780 0.230750
rs0842 -0.523070 0.131850 0.000000
rs0847 0.057090 0.019780 0.382380
rs0868 -0.272550 0.237350 0.000000
rs0869 -0.490110 0.184600 0.065930
rs0871 -0.569220 0.243930 0.000000
rs0896 -0.094540 0.072520 0.052740
rs0906 -0.523070 0.138440 0.000000
rs0909 -0.397810 0.138450 0.079120
rs0916 -0.424180 0.145040 0.000000
rs0932 -0.463740 0.145040 0.085710
rs0933 -0.523070 0.131850 0.000000
rs0944 -0.470330 0.158230 0.065930
rs0950 -0.562630 0.250530 0.000000
rs0957 -0.648340 0.184600 0.065930
rs0958 0.103240 0.032970 0.000000
rs0959 -0.635150 0.158220 0.065930
rs0960 -0.549450 0.138450 0.000000
rs0967 -0.417590 0.184600 0.052740
rs0970 0.050500 0.039560 0.000000
rs0974 0.057090 0.072530 0.151630
rs0978 -0.331880 0.092300 0.000000
rs0981 -0.490110 0.131860 0.065930
rs0983 -0.509890 0.171410 0.000000
rs0984 -0.417590 0.178010 0.059340
rs0985 -0.523070 0.191190 0.000000
rs0991 0.096650 0.046150 0.270300
rs0995 -0.101130 0.105480 0.000000
rs0997 -0.219800 0.151630 0.085710
rs1004 -0.041800 0.092300 0.000000
rs1014 -0.654930 0.191190 0.059340
rs1016 0.221920 0.026370 0.000000
rs1021 -0.417590 0.105490 0.085710
rs1023 -0.087950 0.072520 0.000000
rs1025 -0.120910 0.059330 0.052740
rs1029 -0.430780 0.131860 0.000000
rs1030 -0.437370 0.092300 0.092300
rs1035 -0.523070 0.184590 0.000000
rs1036 -0.232990 0.072520 0.065930
rs1038 -0.397810 0.052740 0.000000
rs1046 0.090060 0.105480 0.151640
rs1047 -0.397810 0.105480 0.000000
rs1050 -0.523070 0.118670 0.085710
rs1052 -0.450550 0.197780 0.000000
rs1055 -0.457150 0.131860 0.079110
rs1060 -0.694490 0.191190 0.000000
rs1062 0.129620 0.039550 0.230750
rs1072 -0.378030 0.158230 0.000000
rs1074 -0.496700 0.164820 0.065930
rs1075 0.129620 0.046150 0.000000
rs1081 -0.345070 0.158230 0.065930
rs1082 0.043910 0.046150 0.000000
rs1084 -0.417590 0.164820 0.059340
rs1091 0.030720 0.032970 0.000000
rs1098 -0.463740 0.138450 0.072520
rs1100 -0.351660 0.276900 0.000000
rs1102 0.287840 0.000000 0.105480
rs1103 -0.668120 0.250530 0.000000
rs1105 -0.437370 0.092300 0.092300
rs1106 0.004350 0.085710 0.000000
rs1109 0.149390 0.052750 0.250520
rs1110 -0.298920 0.257120 0.000000
rs1111 -0.153880 0.013190 0.032960
rs1112 -0.153880 0.052750 0.000000
rs1116 -0.087950 0.052750 0.046150
rs1117 -0.476930 0.151640 0.000000
rs1118 -0.094540 0.118670 0.125260
rs1121 0.215320 0.026370 0.000000
rs1126 -0.463740 0.151640 0.072520
rs1129 -0.094540 0.079110 0.000000
rs1131 0.221920 0.026370 0.138450
rs1137 -0.364850 0.210970 0.000000
rs1143 -0.496700 0.131850 0.065930
rs1150 -0.173650 0.046150 0.000000
rs1152 -0.028610 0.085700 0.092300
rs1154 -0.371440 0.210970 0.000000
rs1159 -0.483520 0.145040 0.072520
rs1163 -0.556040 0.283490 0.000000
rs1168 0.030720 0.052750 0.105480
rs1169 -0.292330 0.171420 0.000000
rs1178 -0.331880 0.184600 0.085710
rs1179 -0.490110 0.197780 0.000000
rs1182 -0.298920 0.210970 0.079110
rs1185 -0.358250 0.408750 0.000000
rs1188 -0.549450 0.145050 0.092300
rs1191 -0.246180 0.230750 0.000000
rs1195 -0.252770 0.138450 0.079110
rs1197 -0.081350 0.072520 0.000000
rs1198 -0.575820 0.224160 0.052740
rs1200 -0.516480 0.151630 0.000000
rs1209 -0.509890 0.243940 0.059330
rs1212 -0.378030 0.145040 0.000000
rs1214 -0.285730 0.026370 0.026370
rs1220 0.037320 0.026370 0.000000
rs1248 0.076870 0.039560 0.342820
rs1258 -0.298920 0.270310 0.000000
rs1259 -0.536260 0.184600 0.072520
rs1264 -0.556040 0.138450 0.000000
rs1266 -0.536260 0.356010 0.039560
rs1267 0.274660 0.006590 0.000000
rs1270 -0.556040 0.257120 0.052740
rs1276 -0.516480 0.145040 0.000000
rs1284 -0.608780 0.158230 0.072520
rs1290 -0.661520 0.171410 0.000000
rs1291 -0.470330 0.151630 0.065930
rs1293 -0.351660 0.204380 0.000000
rs1296 -0.681300 0.184600 0.052750
rs1297 -0.608780 0.164820 0.000000
rs1337 -0.265950 0.303270 0.052750
rs1359 -0.523070 0.138440 0.000000
rs1437 0.129620 0.046150 0.164820
