rf0002 7.023050 0.368420 0.000000
rf0003 7.529630 0.276320 0.322370
rf0010 7.207260 0.230270 0.000000
rf0011 6.977000 0.276320 inf
rf0013 7.713840 0.230270 0.000000
rf0015 7.207260 0.506580 0.092100
rf0016 6.977000 0.322370 0.000000
rf0022 7.161210 0.322370 0.092100
rf0024 6.977000 0.276320 0.000000
rf0029 7.161210 0.276320 0.092100
rf0030 6.977000 0.460530 0.000000
rf0031 7.345420 0.276320 0.184210
rf0040 7.345420 0.276320 0.000000
rf0048 7.115160 0.230260 0.092110
rf0053 7.253320 0.230260 0.000000
rf0060 7.023050 0.184210 inf
rf0062 6.977000 0.322370 0.000000
rf0064 7.345420 0.230260 0.138160
rf0065 7.069110 0.184210 0.000000
rf0072 7.805950 0.414470 0.092110
rf0073 7.437530 0.736840 0.000000
rf0092 7.391470 0.276320 0.184210
rf0125 7.207260 0.322370 0.000000
rf0127 7.253320 0.460520 0.092110
rf0129 6.977000 0.276320 0.000000
rf0132 6.977000 0.322370 inf
rf0134 6.977000 0.598680 0.000000
rf0138 6.977000 0.184210 inf
rf0164 7.207260 0.414480 0.000000
rf0166 6.977000 0.184210 inf
rf0169 7.069110 0.230260 0.000000
rf0176 6.977000 0.875000 -0.092110
rf0180 6.977000 0.414470 0.000000
rf0190 6.977000 0.276320 inf
rf0201 7.299370 0.322370 0.000000
rf0204 7.345420 0.322370 0.138160
rf0205 7.207260 0.690790 0.000000
rf0223 6.977000 0.414470 -0.046050
rf0234 6.977000 0.506580 0.000000
rf0237 7.299370 0.368420 0.184210
rf0241 7.944110 0.460520 0.000000
rf0248 7.345420 0.322370 0.184210
rf0249 7.207260 0.322370 0.000000
rf0250 7.621740 0.506580 0.092110
rf0251 6.977000 0.322370 0.000000
rf0258 6.977000 0.460530 inf
rf0263 7.023050 0.414480 0.000000
rf0267 6.977000 0.322370 inf
rf0271 6.977000 0.276320 0.000000
rf0283 7.161210 0.414470 0.092100
rf0284 7.299370 0.230260 0.000000
rf0287 6.977000 0.322370 inf
rf0292 7.253320 0.322360 0.000000
rf0295 6.977000 0.322370 inf
rf0298 6.977000 0.230260 0.000000
rf0306 7.115160 0.184210 0.092110
rf0309 6.977000 0.276320 0.000000
rf0315 7.161210 0.230260 0.092100
rf0319 6.977000 0.276320 0.000000
rf0324 7.345420 0.184210 0.184210
rf0338 7.391470 0.322370 0.000000
rf0339 7.529630 0.368420 0.230260
rf0343 6.977000 0.460530 0.000000
rf0348 7.207260 0.414480 0.138150
rf0351 7.115160 0.230260 0.000000
rf0354 6.977000 0.828950 -0.046050
rf0358 7.483580 0.368420 0.000000
rf0363 7.575680 0.460530 0.092100
rf0364 6.977000 0.644740 0.000000
rf0366 7.207260 0.230270 0.092100
rf0372 7.621740 0.184210 0.000000
rf0375 6.977000 0.276320 inf
rf0377 6.977000 0.230260 0.000000
rf0383 6.977000 1.059210 -0.046050
rf0385 6.977000 0.276320 0.000000
rf0386 6.977000 0.598680 -0.046050
rf0388 7.253320 0.506570 0.000000
rf0396 7.161210 0.276320 0.138160
rf0397 7.115160 0.184210 0.000000
rf0399 6.977000 0.276320 inf
rf0400 7.805950 0.138160 0.000000
rf0403 7.161210 0.598680 0.092100
rf0415 6.977000 0.368420 0.000000
rf0419 7.575680 0.368430 0.092100
rf0428 7.207260 0.276320 0.000000
rf0439 7.391470 0.230270 0.092100
rf0444 7.069110 0.322360 0.000000
rf0474 7.391470 0.322370 0.092100
rf0477 7.161210 0.230260 0.000000
rf0488 6.977000 0.506580 inf
rf0496 7.345420 0.230260 0.000000
rf0499 7.069110 0.230260 0.046060
rf0500 6.977000 0.736840 0.000000
rf0503 7.115160 0.230260 0.092110
rf0513 6.977000 0.506580 0.000000
rf0630 7.529630 0.276320 0.138160
rf0795 7.115160 0.414470 0.000000
rs0001 7.299370 0.414470 0.092110
rs0003 7.115160 0.506580 0.000000
rs0010 7.023050 0.230270 inf
rs0012 7.115160 0.460520 0.000000
rs0013 6.977000 0.276320 inf
rs0022 7.345420 0.276320 0.000000
rs0029 7.023050 0.322370 0.000000
rs0030 7.069110 0.460520 0.000000
rs0046 7.207260 0.368420 0.138150
rs0051 6.977000 0.414470 0.000000
rs0052 6.977000 0.552630 inf
rs0053 6.977000 0.230260 0.000000
rs0054 7.069110 0.230260 0.046060
rs0062 7.207260 0.230270 0.000000
rs0087 6.977000 1.059210 -0.046050
rs0088 7.161210 0.230260 0.000000
rs0089 6.977000 0.460530 -0.046050
rs0090 7.299370 0.276310 0.000000
rs0092 7.069110 0.230260 0.046060
rs0093 7.253320 0.414470 0.000000
rs0094 6.977000 0.322370 inf
rs0095 7.391470 0.230270 0.000000
rs0096 7.299370 0.322370 0.230260
rs0097 7.345420 0.322370 0.000000
rs0098 6.977000 0.368420 inf
rs0104 7.483580 0.230260 0.000000
rs0107 7.115160 0.322370 0.092110
rs0109 7.713840 0.322370 0.000000
rs0113 7.253320 0.368420 0.138160
rs0122 7.207260 0.276320 0.000000
rs0124 7.161210 0.184210 0.092100
rs0127 7.069110 0.506570 0.000000
rs0133 6.977000 0.506580 -0.046050
rs0134 6.977000 0.460530 0.000000
rs0136 6.977000 0.276320 inf
rs0138 7.161210 0.230260 0.000000
rs0140 7.621740 0.368420 0.092110
rs0141 6.977000 0.230260 0.000000
rs0143 7.253320 0.368420 0.184210
rs0145 7.713840 0.230270 0.000000
rs0146 7.299370 0.414470 0.092110
rs0147 6.977000 0.322370 0.000000
rs0150 6.977000 0.230260 inf
rs0156 7.023050 0.552630 0.000000
rs0159 7.115160 0.230260 0.092110
rs0163 6.977000 0.552630 0.000000
rs0167 7.253320 0.230260 0.138160
rs0168 7.345420 0.276320 0.000000
rs0172 6.977000 0.230260 inf
rs0175 7.023050 0.506580 0.000000
rs0181 7.621740 0.230260 0.230270
rs0183 7.207260 0.276320 0.000000
rs0196 6.977000 0.276320 inf
rs0201 7.391470 0.322370 0.000000
rs0203 7.299370 0.276310 0.184210
rs0206 7.253320 0.322360 0.000000
rs0218 7.023050 0.230270 inf
rs0221 6.977000 0.506580 0.000000
rs0225 6.977000 0.552630 -0.046050
rs0226 7.207260 0.322370 0.000000
rs0231 7.069110 0.276310 0.046060
rs0237 7.023050 0.276320 0.000000
rs0240 7.667790 0.184210 0.414470
rs0242 6.977000 0.276320 0.000000
rs0243 7.621740 0.276310 0.322370
rs0244 7.529630 0.230260 0.000000
rs0247 7.483580 0.276310 0.092110
rs0256 7.207260 0.414480 0.000000
rs0259 7.069110 0.460520 0.046060
rs0261 7.299370 0.276310 0.000000
rs0262 7.253320 0.230260 0.138160
rs0264 7.391470 0.276320 0.000000
rs0266 7.161210 0.276320 0.092100
rs0267 6.977000 0.506580 0.000000
rs0268 6.977000 0.506580 -0.046050
rs0273 7.023050 0.184210 0.000000
rs0275 7.115160 0.230260 0.092110
rs0276 7.023050 0.322370 0.000000
rs0282 7.207260 0.322370 0.184210
rs0306 6.977000 0.598680 0.000000
rs0315 7.115160 0.276310 0.092110
rs0316 6.977000 0.506580 0.000000
rs0318 7.621740 0.368420 0.092110
rs0320 7.253320 0.276310 0.000000
rs0323 6.977000 0.276320 inf
rs0334 6.977000 0.368420 0.000000
rs0337 6.977000 0.460530 inf
rs0339 7.391470 0.322370 0.000000
rs0341 7.115160 0.230260 0.092110
rs0344 7.253320 0.322360 0.000000
rs0345 7.253320 0.184210 0.138160
rs0349 7.391470 0.276320 0.000000
rs0350 7.898050 0.230270 0.598680
rs0351 6.977000 0.322370 0.000000
rs0354 7.299370 0.414470 0.092110
rs0358 6.977000 0.414470 0.000000
rs0373 7.161210 0.690790 0.092100
rs0386 7.299370 0.506580 0.000000
rs0391 6.977000 0.322370 inf
rs0392 7.667790 0.690790 0.000000
rs0393 6.977000 0.230260 inf
rs0406 7.023050 0.276320 0.000000
rs0416 7.207260 0.184210 0.092100
rs0419 7.023050 0.828950 0.000000
rs0421 7.299370 0.230260 0.138160
rs0424 7.253320 0.368420 0.000000
rs0425 6.977000 0.322370 inf
rs0429 7.161210 0.184210 0.000000
rs0430 7.115160 0.184210 0.046050
rs0432 8.404630 0.230260 0.000000
rs0437 7.437530 0.736840 0.046060
rs0440 7.161210 0.230260 0.000000
rs0444 7.161210 0.184210 0.092100
rs0452 6.977000 0.828950 0.000000
rs0460 7.207260 0.184210 0.138150
rs0463 8.312530 0.230260 0.000000
rs0468 6.977000 0.644740 inf
rs0472 7.299370 0.230260 0.000000
rs0473 7.345420 0.276320 0.092100
rs0477 7.667790 0.644740 0.000000
rs0485 7.253320 0.184210 0.138160
rs0493 7.207260 0.276320 0.000000
rs0495 7.023050 0.230270 inf
rs0503 7.115160 0.230260 0.000000
rs0505 7.161210 0.967110 0.046050
rs0508 7.023050 0.184210 0.000000
rs0516 7.253320 0.414470 0.092110
rs0517 7.391470 0.368420 0.000000
rs0519 7.023050 0.552630 0.000000
rs0520 7.069110 0.230260 0.000000
rs0528 7.207260 0.368420 0.138150
rs0532 7.023050 0.552630 0.000000
rs0536 7.253320 0.276310 0.138160
rs0538 6.977000 0.368420 0.000000
rs0541 7.667790 0.276320 0.230260
rs0549 7.023050 0.276320 0.000000
rs0554 7.207260 0.460530 0.138150
rs0555 6.977000 0.414470 0.000000
rs0556 8.082260 0.414480 0.138150
rs0560 6.977000 0.368420 0.000000
rs0571 7.207260 0.230270 0.092100
rs0573 7.115160 0.230260 0.000000
rs0574 7.713840 0.276320 0.230260
rs0582 6.977000 0.322370 0.000000
rs0586 7.253320 0.230260 0.092110
rs0591 6.977000 0.598680 0.000000
rs0612 7.023050 0.230270 inf
rs0650 7.483580 0.276310 0.000000
rs0656 7.023050 0.368420 0.000000
rs0660 7.207260 0.552630 0.000000
rs0672 7.345420 0.230260 0.184210
rs0679 6.977000 0.690790 0.000000
rs0724 7.207260 0.276320 0.138150
rs0731 7.023050 0.460530 0.000000
rs0741 6.977000 0.828950 -0.046050
rs0745 7.161210 0.322370 0.000000
rs0751 7.253320 0.460520 0.138160
rs0763 6.977000 0.414470 0.000000
rs0768 6.977000 0.276320 inf
rs0775 7.023050 0.184210 0.000000
rs0779 7.253320 0.414470 0.184210
rs0781 7.253320 0.276310 0.000000
rs0788 7.161210 0.276320 0.092100
rs0797 7.345420 0.276320 0.000000
rs0798 7.161210 0.276320 0.138160
rs0804 7.621740 0.460520 0.000000
rs0805 7.805950 0.414470 0.138160
rs0806 6.977000 0.368420 0.000000
rs0808 6.977000 0.230260 inf
rs0809 7.391470 0.322370 0.000000
rs0812 7.621740 0.276310 0.184210
rs0815 7.069110 0.230260 0.000000
rs0823 7.345420 0.276320 0.184210
rs0833 7.852000 0.230260 0.000000
rs0839 7.115160 0.460520 0.092110
rs0842 7.299370 0.184210 0.000000
rs0847 6.977000 0.736840 -0.092110
rs0868 6.977000 0.368420 0.000000
rs0869 7.253320 0.552630 0.092110
rs0871 7.069110 0.921050 0.000000
rs0896 7.391470 0.184210 0.230260
rs0906 7.253320 0.276310 0.000000
rs0909 6.977000 0.230260 inf
rs0916 7.069110 0.276310 0.000000
rs0932 7.115160 0.184210 0.092110
rs0933 7.115160 0.184210 0.000000
rs0944 7.023050 0.230270 inf
rs0950 7.253320 0.506570 0.000000
rs0957 7.437530 0.322360 0.092110
rs0958 6.977000 0.552630 0.000000
rs0959 7.115160 0.184210 0.092110
rs0960 7.161210 0.184210 0.000000
rs0967 6.977000 0.322370 inf
rs0970 6.977000 0.460530 0.000000
rs0974 7.207260 0.276320 0.138150
rs0978 7.207260 0.506580 0.000000
rs0981 7.207260 0.230270 0.092100
rs0983 7.299370 0.368420 0.000000
rs0984 7.069110 0.368420 0.046060
rs0985 7.161210 0.276320 0.000000
rs0991 6.977000 0.460530 -0.046050
rs0995 6.977000 0.414470 0.000000
rs0997 6.977000 0.322370 inf
rs1004 7.207260 0.230270 0.000000
rs1014 7.529630 0.322370 0.092100
rs1016 7.299370 0.368420 0.000000
rs1021 7.023050 0.230270 inf
rs1023 7.345420 0.230260 0.000000
rs1025 7.161210 0.230260 0.138160
rs1029 6.977000 0.230260 0.000000
rs1030 7.069110 0.184210 0.046060
rs1035 7.391470 0.460530 0.000000
rs1036 7.299370 0.414470 0.138160
rs1038 6.977000 0.230260 0.000000
rs1046 7.207260 0.276320 0.138150
rs1047 6.977000 0.230260 0.000000
rs1050 7.115160 0.184210 0.092110
rs1052 6.977000 0.322370 0.000000
rs1055 7.069110 0.230260 0.046060
rs1060 7.713840 0.414480 0.000000
rs1062 7.391470 0.322370 0.230260
rs1072 6.977000 0.276320 0.000000
rs1074 7.207260 0.276320 0.092100
rs1075 7.299370 0.230260 0.000000
rs1081 7.023050 0.322370 0.000000
rs1082 7.345420 0.230260 0.000000
rs1084 6.977000 0.276320 inf
rs1091 7.759890 0.276320 0.000000
rs1098 7.115160 0.230260 0.092110
rs1100 6.977000 0.690790 0.000000
rs1102 7.253320 0.368420 0.138160
rs1103 7.621740 0.598680 0.000000
rs1105 7.069110 0.184210 inf
rs1106 7.437530 0.184210 0.000000
rs1109 7.345420 0.414470 0.184210
rs1110 6.977000 0.368420 0.000000
rs1111 7.345420 0.184210 0.184210
rs1112 7.483580 0.276310 0.000000
rs1116 6.977000 0.230260 inf
rs1117 7.069110 0.230260 0.000000
rs1118 6.977000 0.414470 -0.046050
rs1121 7.299370 0.322370 0.000000
rs1126 7.115160 0.230260 0.092110
rs1129 7.253320 0.276310 0.000000
rs1131 7.253320 0.322360 0.138160
rs1137 6.977000 0.506580 0.000000
rs1143 7.069110 0.184210 0.046060
rs1150 7.115160 0.368420 0.000000
rs1152 7.115160 0.230260 0.092110
rs1154 6.977000 0.506580 0.000000
rs1159 7.115160 0.184210 0.092110
rs1163 7.207260 0.736850 0.000000
rs1168 7.161210 0.184210 0.138160
rs1169 6.977000 0.368420 0.000000
rs1178 6.977000 0.460530 inf
rs1179 7.069110 0.460520 0.000000
rs1182 6.977000 0.276320 inf
rs1185 6.977000 0.736840 0.000000
rs1188 7.345420 0.230260 0.092100
rs1191 6.977000 0.598680 0.000000
rs1195 6.977000 0.230260 inf
rs1197 7.069110 0.230260 0.000000
rs1198 7.207260 0.644740 0.046050
rs1200 7.161210 0.230260 0.000000
rs1209 7.207260 0.644740 0.092100
rs1212 6.977000 0.230260 0.000000
rs1214 7.852000 0.276320 0.276320
rs1220 6.977000 0.644740 0.000000
rs1248 6.977000 0.552630 inf
rs1258 6.977000 0.460530 0.000000
rs1259 7.437530 0.598680 0.092110
rs1264 7.253320 0.276310 0.000000
rs1266 7.253320 0.967100 0.046060
rs1267 7.253320 0.506570 0.000000
rs1270 7.253320 0.552630 0.092110
rs1276 7.207260 0.230270 0.000000
rs1284 7.483580 0.322370 0.092110
rs1290 7.391470 0.276320 0.000000
rs1291 7.115160 0.230260 0.092110
rs1293 6.977000 0.414470 0.000000
rs1296 7.483580 0.322370 0.092110
rs1297 7.299370 0.230260 0.000000
rs1337 6.977000 0.414470 inf
rs1359 7.299370 0.276310 0.000000
rs1437 7.253320 0.322360 0.138160
