rf0002 7.023020 0.230270 0.000000
rf0003 6.976970 0.598680 -0.046050
rf0010 7.207230 0.184210 0.000000
rf0011 6.976970 0.230260 inf
rf0013 7.667760 0.184210 0.000000
rf0015 6.976970 0.644740 -0.046050
rf0016 6.976970 0.230260 0.000000
rf0022 7.115130 0.230260 0.092110
rf0024 6.976970 0.230260 0.000000
rf0029 7.115130 0.230260 0.092110
rf0030 6.976970 0.322370 0.000000
rf0031 7.253290 0.230260 0.184220
rf0040 6.976970 0.506580 0.000000
rf0048 7.069070 0.184220 0.046050
rf0053 7.253290 0.184210 0.000000
rf0060 6.976970 0.230260 inf
rf0062 6.976970 0.230260 0.000000
rf0064 7.299340 0.230260 0.092110
rf0065 7.023020 0.184210 0.000000
rf0072 7.805920 0.552630 0.092110
rf0073 7.345390 0.322370 0.000000
rf0092 7.207230 0.414480 0.138160
rf0125 6.976970 0.368420 0.000000
rf0127 7.253290 0.230260 0.138160
rf0129 6.976970 0.230260 0.000000
rf0132 6.976970 0.230260 inf
rf0134 6.976970 0.368420 0.000000
rf0138 6.976970 0.184210 inf
rf0164 6.976970 0.460530 0.000000
rf0166 6.976970 0.184210 inf
rf0169 7.069070 0.184220 0.000000
rf0176 6.976970 0.506580 inf
rf0180 6.976970 0.276320 0.000000
rf0190 6.976970 0.230260 inf
rf0201 7.253290 0.230260 0.000000
rf0204 7.299340 0.230260 0.138160
rf0205 6.976970 0.690790 0.000000
rf0223 6.976970 0.322370 inf
rf0234 6.976970 0.322370 0.000000
rf0237 6.976970 0.460530 -0.046050
rf0241 7.944070 0.552640 0.000000
rf0248 7.299340 0.322370 0.138160
rf0249 7.115130 0.368420 0.000000
rf0250 7.575650 0.322370 0.092100
rf0251 6.976970 0.230260 0.000000
rf0258 6.976970 0.322370 inf
rf0263 7.023020 0.230270 0.000000
rf0267 6.976970 0.230260 inf
rf0271 6.976970 0.230260 0.000000
rf0283 6.976970 0.414470 -0.046050
rf0284 7.253290 0.230260 0.000000
rf0287 6.976970 0.230260 inf
rf0292 6.976970 0.414470 0.000000
rf0295 6.976970 0.230260 inf
rf0298 6.976970 0.230260 0.000000
rf0306 7.069070 0.184220 0.046050
rf0309 6.976970 0.184210 0.000000
rf0315 7.161180 0.184210 0.092110
rf0319 6.976970 0.276320 0.000000
rf0324 7.253290 0.230260 0.138160
rf0338 7.345390 0.322370 0.000000
rf0339 6.976970 0.644740 -0.046050
rf0343 6.976970 0.322370 0.000000
rf0348 6.976970 0.644740 -0.046050
rf0351 7.069070 0.230270 0.000000
rf0354 6.976970 0.460530 inf
rf0358 7.437500 0.276310 0.000000
rf0363 7.575650 0.322370 0.138150
rf0364 6.976970 0.368420 0.000000
rf0366 7.161180 0.184210 0.092110
rf0372 7.621710 0.230260 0.000000
rf0375 6.976970 0.230260 inf
rf0377 6.976970 0.230260 0.000000
rf0383 6.976970 0.736840 -0.046050
rf0385 6.976970 0.230260 0.000000
rf0386 6.976970 0.414470 inf
rf0388 6.976970 0.644740 0.000000
rf0396 6.976970 0.368420 -0.046050
rf0397 7.069070 0.184220 0.000000
rf0399 6.976970 0.230260 inf
rf0400 7.851970 0.184210 0.000000
rf0403 7.115130 0.276310 0.092110
rf0415 6.976970 0.276320 0.000000
rf0419 7.529600 0.322370 0.092100
rf0428 7.161180 0.230260 0.000000
rf0439 7.391440 0.276320 0.092100
rf0444 7.023020 0.322370 0.000000
rf0474 7.345390 0.276320 0.092100
rf0477 7.115130 0.184210 0.000000
rf0488 6.976970 0.322370 inf
rf0496 7.299340 0.276310 0.000000
rf0499 7.069070 0.184220 0.046050
rf0500 6.976970 0.506580 0.000000
rf0503 7.069070 0.230270 0.046050
rf0513 6.976970 0.322370 0.000000
rf0630 7.483550 0.322370 0.092110
rf0795 7.069070 0.230270 0.000000
rs0001 7.253290 0.230260 0.092110
rs0003 7.115130 0.230260 0.000000
rs0010 7.023020 0.184210 inf
rs0012 7.069070 0.230270 0.000000
rs0013 6.976970 0.230260 inf
rs0022 7.253290 0.184210 0.000000
rs0029 7.023020 0.230270 inf
rs0030 7.023020 0.322370 0.000000
rs0046 6.976970 0.414470 -0.046050
rs0051 6.976970 0.276320 0.000000
rs0052 6.976970 0.368420 inf
rs0053 6.976970 0.184210 0.000000
rs0054 7.069070 0.184220 0.046050
rs0062 7.161180 0.184210 0.000000
rs0087 6.976970 0.506580 inf
rs0088 7.115130 0.184210 0.000000
rs0089 6.976970 0.322370 inf
rs0090 7.299340 0.230260 0.000000
rs0092 7.023020 0.230270 inf
rs0093 6.976970 0.460530 0.000000
rs0094 6.976970 0.276320 inf
rs0095 7.391440 0.276320 0.000000
rs0096 6.976970 0.460530 -0.046050
rs0097 7.345390 0.230260 0.000000
rs0098 6.976970 0.276320 inf
rs0104 6.976970 0.506580 0.000000
rs0107 7.023020 0.276320 0.000000
rs0109 7.575650 0.368420 0.000000
rs0113 7.207230 0.230270 0.184210
rs0122 7.207230 0.184210 0.000000
rs0124 7.161180 0.184210 0.092110
rs0127 7.023020 0.322370 0.000000
rs0133 6.976970 0.368420 inf
rs0134 6.976970 0.368420 0.000000
rs0136 6.976970 0.230260 inf
rs0138 7.115130 0.230260 0.000000
rs0140 7.621710 0.460520 0.092110
rs0141 6.976970 0.184210 0.000000
rs0143 6.976970 0.460530 -0.046050
rs0145 6.976970 0.690790 0.000000
rs0146 7.253290 0.230260 0.092110
rs0147 6.976970 0.230260 0.000000
rs0150 6.976970 0.184210 inf
rs0156 6.976970 0.276320 0.000000
rs0159 7.023020 0.276320 inf
rs0163 6.976970 0.368420 0.000000
rs0167 7.207230 0.184210 0.092100
rs0168 7.345390 0.230260 0.000000
rs0172 6.976970 0.184210 inf
rs0175 7.023020 0.322370 0.000000
rs0181 7.437500 0.276310 0.138160
rs0183 6.976970 0.414470 0.000000
rs0196 6.976970 0.230260 inf
rs0201 7.207230 0.460530 0.000000
rs0203 7.207230 0.276320 0.184210
rs0206 6.976970 0.460530 0.000000
rs0218 6.976970 0.230260 inf
rs0221 6.976970 0.322370 0.000000
rs0225 6.976970 0.368420 inf
rs0226 7.161180 0.230260 0.000000
rs0231 7.023020 0.230270 inf
rs0237 6.976970 0.322370 0.000000
rs0240 6.976970 1.013160 -0.138160
rs0242 6.976970 0.230260 0.000000
rs0243 6.976970 0.644740 -0.046050
rs0244 7.483550 0.230260 0.000000
rs0247 7.483550 0.276310 0.138160
rs0256 7.207230 0.230270 0.000000
rs0259 7.023020 0.322370 0.000000
rs0261 7.253290 0.138150 0.000000
rs0262 7.207230 0.184210 0.092100
rs0264 7.391440 0.230270 0.000000
rs0266 7.115130 0.184210 0.092110
rs0267 6.976970 0.368420 0.000000
rs0268 6.976970 0.368420 inf
rs0273 6.976970 0.230260 0.000000
rs0275 7.069070 0.184220 0.046050
rs0276 6.976970 0.276320 0.000000
rs0282 6.976970 0.368420 -0.046050
rs0306 6.976970 0.368420 0.000000
rs0315 7.069070 0.230270 0.046050
rs0316 6.976970 0.368420 0.000000
rs0318 7.621710 0.460520 0.092110
rs0320 6.976970 0.414470 0.000000
rs0323 6.976970 0.230260 inf
rs0334 6.976970 0.276320 0.000000
rs0337 6.976970 0.322370 inf
rs0339 7.207230 0.322370 0.000000
rs0341 7.069070 0.184220 0.046050
rs0344 7.207230 0.230270 0.000000
rs0345 7.207230 0.230270 0.092100
rs0349 7.391440 0.276320 0.000000
rs0350 7.207230 0.552630 0.092100
rs0351 6.976970 0.276320 0.000000
rs0354 7.253290 0.276310 0.092110
rs0358 6.976970 0.276320 0.000000
rs0373 7.069070 0.368430 0.046050
rs0386 7.253290 0.230260 0.000000
rs0391 6.976970 0.276320 inf
rs0392 7.621710 0.368420 0.000000
rs0393 6.976970 0.230260 inf
rs0406 7.023020 0.230270 0.000000
rs0416 7.207230 0.184210 0.092100
rs0419 6.976970 0.414470 0.000000
rs0421 7.299340 0.184210 0.138160
rs0424 7.207230 0.230270 0.000000
rs0425 6.976970 0.276320 inf
rs0429 7.115130 0.184210 0.000000
rs0430 7.115130 0.184210 0.092110
rs0432 8.404600 0.230260 0.000000
rs0437 7.391440 0.368420 0.092100
rs0440 7.069070 0.230270 0.000000
rs0444 7.115130 0.184210 0.092110
rs0452 6.976970 0.506580 0.000000
rs0460 7.161180 0.184210 0.092110
rs0463 7.345390 0.782900 0.000000
rs0468 6.976970 0.368420 inf
rs0472 7.299340 0.230260 0.000000
rs0473 7.299340 0.230260 0.092110
rs0477 7.621710 0.414470 0.000000
rs0485 7.207230 0.184210 0.092100
rs0493 7.115130 0.230260 0.000000
rs0495 7.023020 0.184210 inf
rs0503 7.069070 0.184220 0.000000
rs0505 6.976970 1.105260 -0.092100
rs0508 6.976970 0.230260 0.000000
rs0516 7.207230 0.230270 0.092100
rs0517 6.976970 0.644740 0.000000
rs0519 6.976970 0.322370 inf
rs0520 7.023020 0.230270 0.000000
rs0528 6.976970 0.506580 -0.046050
rs0532 6.976970 0.368420 0.000000
rs0536 7.207230 0.184210 0.092100
rs0538 6.976970 0.276320 0.000000
rs0541 7.483550 0.276310 0.322370
rs0549 7.023020 0.230270 0.000000
rs0554 6.976970 0.644740 -0.046050
rs0555 6.976970 0.276320 0.000000
rs0556 8.220390 0.368420 0.230260
rs0560 6.976970 0.276320 0.000000
rs0571 7.207230 0.184210 0.092100
rs0573 7.069070 0.230270 0.000000
rs0574 6.976970 0.828950 -0.138160
rs0582 6.976970 0.230260 0.000000
rs0586 7.253290 0.184210 0.138160
rs0591 6.976970 0.414470 0.000000
rs0612 6.976970 0.184210 inf
rs0650 7.391440 0.184210 0.000000
rs0656 7.023020 0.276320 inf
rs0660 6.976970 0.552630 0.000000
rs0672 7.253290 0.230260 0.138160
rs0679 6.976970 0.414470 0.000000
rs0724 6.976970 0.368420 -0.046050
rs0731 6.976970 0.322370 0.000000
rs0741 6.976970 0.552630 -0.046050
rs0745 7.023020 0.276320 0.000000
rs0751 6.976970 0.552630 -0.046050
rs0763 6.976970 0.276320 0.000000
rs0768 6.976970 0.230260 inf
rs0775 7.023020 0.184210 0.000000
rs0779 6.976970 0.460530 -0.046050
rs0781 6.976970 0.414470 0.000000
rs0788 7.115130 0.230260 0.092110
rs0797 6.976970 0.460530 0.000000
rs0798 7.115130 0.184210 0.092110
rs0804 7.575650 0.322370 0.000000
rs0805 7.851970 0.506580 0.138160
rs0806 6.976970 0.276320 0.000000
rs0808 6.976970 0.184210 inf
rs0809 7.207230 0.322370 0.000000
rs0812 6.976970 0.782890 -0.138160
rs0815 7.069070 0.184220 0.000000
rs0823 7.207230 0.322370 0.138160
rs0833 7.023020 0.736840 0.000000
rs0839 6.976970 0.460530 inf
rs0842 7.253290 0.184210 0.000000
rs0847 6.976970 0.506580 inf
rs0868 6.976970 0.276320 0.000000
rs0869 7.207230 0.276320 0.092100
rs0871 7.023020 0.322370 0.000000
rs0896 7.299340 0.230260 0.138160
rs0906 7.253290 0.184210 0.000000
rs0909 6.976970 0.184210 inf
rs0916 7.023020 0.230270 0.000000
rs0932 7.115130 0.184210 0.092110
rs0933 7.115130 0.184210 0.000000
rs0944 6.976970 0.230260 inf
rs0950 7.207230 0.230270 0.000000
rs0957 7.437500 0.276310 0.092110
rs0958 6.976970 0.368420 0.000000
rs0959 7.115130 0.184210 0.092110
rs0960 7.161180 0.184210 0.000000
rs0967 6.976970 0.230260 inf
rs0970 6.976970 0.322370 0.000000
rs0974 7.115130 0.276310 0.092110
rs0978 7.207230 0.230270 0.000000
rs0981 7.161180 0.184210 0.092110
rs0983 7.253290 0.230260 0.000000
rs0984 7.023020 0.276320 inf
rs0985 7.115130 0.230260 0.000000
rs0991 6.976970 0.368420 inf
rs0995 6.976970 0.322370 0.000000
rs0997 6.976970 0.276320 inf
rs1004 7.207230 0.184210 0.000000
rs1014 7.483550 0.322370 0.092110
rs1016 7.207230 0.322370 0.000000
rs1021 7.023020 0.184210 inf
rs1023 7.253290 0.184210 0.000000
rs1025 7.115130 0.184210 0.092110
rs1029 6.976970 0.230260 0.000000
rs1030 7.069070 0.184220 0.046050
rs1035 7.345390 0.276320 0.000000
rs1036 7.253290 0.184210 0.138160
rs1038 6.976970 0.184210 0.000000
rs1046 7.207230 0.230270 0.138160
rs1047 6.976970 0.184210 0.000000
rs1050 7.115130 0.138160 0.092110
rs1052 6.976970 0.230260 0.000000
rs1055 7.069070 0.184220 inf
rs1060 7.713810 0.460530 0.000000
rs1062 6.976970 0.552630 -0.092100
rs1072 6.976970 0.230260 0.000000
rs1074 7.161180 0.184210 0.092110
rs1075 7.253290 0.230260 0.000000
rs1081 6.976970 0.276320 inf
rs1082 6.976970 0.460530 0.000000
rs1084 6.976970 0.230260 inf
rs1091 6.976970 0.782890 0.000000
rs1098 7.069070 0.230270 0.046050
rs1100 6.976970 0.414470 0.000000
rs1102 6.976970 0.782890 -0.046050
rs1103 7.575650 0.368420 0.000000
rs1105 7.069070 0.184220 inf
rs1106 7.483550 0.184210 0.000000
rs1109 6.976970 0.552630 -0.046050
rs1110 6.976970 0.276320 0.000000
rs1111 7.299340 0.184210 0.138160
rs1112 7.345390 0.276320 0.000000
rs1116 6.976970 0.184210 inf
rs1117 7.023020 0.230270 0.000000
rs1118 6.976970 0.322370 inf
rs1121 7.207230 0.322370 0.000000
rs1126 7.069070 0.230270 0.046050
rs1129 7.207230 0.230270 0.000000
rs1131 7.161180 0.368420 0.138160
rs1137 6.976970 0.322370 0.000000
rs1143 7.069070 0.184220 inf
rs1150 7.115130 0.230260 0.000000
rs1152 7.069070 0.230270 0.046050
rs1154 6.976970 0.322370 0.000000
rs1159 7.069070 0.184220 0.046050
rs1163 7.161180 0.276320 0.000000
rs1168 7.161180 0.138160 0.138160
rs1169 6.976970 0.276320 0.000000
rs1178 6.976970 0.322370 inf
rs1179 7.069070 0.230270 0.000000
rs1182 6.976970 0.230260 inf
rs1185 6.976970 0.506580 0.000000
rs1188 7.299340 0.230260 0.092110
rs1191 6.976970 0.368420 0.000000
rs1195 6.976970 0.184210 inf
rs1197 6.976970 0.276320 0.000000
rs1198 7.207230 0.230270 0.092100
rs1200 7.161180 0.184210 0.000000
rs1209 7.161180 0.276320 0.092110
rs1212 6.976970 0.184210 0.000000
rs1214 7.759860 0.322370 0.230260
rs1220 6.976970 0.414470 0.000000
rs1248 6.976970 0.368420 inf
rs1258 6.976970 0.322370 0.000000
rs1259 7.391440 0.276320 0.092100
rs1264 7.253290 0.184210 0.000000
rs1266 7.207230 0.414480 0.092100
rs1267 6.976970 0.690790 0.000000
rs1270 7.207230 0.230270 0.138160
rs1276 7.161180 0.230260 0.000000
rs1284 7.437500 0.276310 0.092110
rs1290 7.345390 0.276320 0.000000
rs1291 7.069070 0.230270 0.046050
rs1293 6.976970 0.276320 0.000000
rs1296 7.483550 0.322370 0.092110
rs1297 7.253290 0.184210 0.000000
rs1337 6.976970 0.276320 inf
rs1359 7.253290 0.230260 0.000000
rs1437 7.207230 0.276320 0.184210
