rf0001 7.947480 0.065390 0.000000
rf0003 8.732160 0.065390 0.457730
rf0006 8.241740 0.196170 0.000000
rf0007 8.830250 0.065390 0.098080
rf0008 8.961030 inf 0.000000
rf0010 7.947480 0.065390 0.130780
rf0011 8.405210 0.098090 0.000000
rf0014 8.176350 0.130780 0.196170
rf0015 8.535990 0.065390 0.000000
rf0017 7.980180 0.228860 0.065390
rf0019 8.209040 0.163480 0.000000
rf0020 8.372520 0.196170 0.425030
rf0023 8.143650 0.098090 0.000000
rf0024 8.601380 0.098090 0.065390
rf0028 8.176350 0.196170 0.000000
rf0029 8.209040 0.065390 0.392340
rf0030 8.568690 0.098080 0.000000
rf0031 8.241740 0.261560 0.098080
rf0032 8.307130 0.228860 0.000000
rf0033 8.209040 0.065390 0.294260
rf0034 7.947480 0.228870 0.000000
rf0040 8.797550 0.032700 0.523120
rf0042 8.209040 0.098090 0.000000
rf0043 8.830250 0.065390 0.130780
rf0045 7.947480 0.098090 0.000000
rf0048 7.947480 0.261560 0.457730
rf0049 8.209040 0.098090 0.000000
rf0051 7.947480 0.261560 0.098080
rf0053 7.947480 0.130780 0.000000
rf0058 8.307130 0.163470 0.326950
rf0059 7.391660 0.457740 0.000000
rf0060 8.110960 0.098080 0.326950
rf0061 8.209040 0.457730 0.000000
rf0062 8.503300 0.065390 0.098090
rf0064 7.947480 0.000000 0.000000
rf0065 7.947480 0.130780 0.425040
rf0068 8.241740 0.098080 0.000000
rf0071 8.830250 0.032690 0.130780
rf0072 7.358970 0.621210 0.000000
rf0073 8.209040 0.065390 0.457730
rf0074 8.830250 0.065390 0.000000
rf0076 8.209040 0.098090 0.326950
rf0077 8.209040 0.098090 0.000000
rf0079 8.241740 0.130780 0.098080
rf0083 8.209040 0.098090 0.000000
rf0084 8.339820 0.261560 0.294250
rf0092 8.895640 0.032690 0.000000
rf0098 8.307130 0.065390 0.065390
rf0099 8.176350 0.098080 0.000000
rf0102 8.241740 0.130780 0.392340
rf0104 7.947480 0.196170 0.000000
rf0106 8.274430 0.196170 0.294250
rf0107 7.947480 0.163480 0.000000
rf0108 7.947480 0.032700 0.425030
rf0109 8.470600 0.098090 0.000000
rf0110 8.176350 0.065390 0.326950
rf0111 8.339820 0.130780 0.000000
rf0117 7.947480 0.196170 0.392340
rf0118 7.947480 0.326950 0.000000
rf0119 8.176350 0.130780 0.130780
rf0120 7.358970 0.588510 0.000000
rf0122 7.914790 0.196170 0.000000
rf0125 8.372520 0.065390 0.000000
rf0126 8.862940 0.065390 0.392340
rf0128 8.274430 0.228870 0.000000
rf0129 8.339820 0.196170 0.261560
rf0132 8.470600 0.065390 0.000000
rf0134 8.568690 0.098080 0.130780
rf0141 8.209040 0.065390 0.000000
rf0143 8.274430 0.098090 0.490420
rf0145 8.437910 0.098080 0.000000
rf0147 8.764860 0.065390 0.392340
rf0150 8.699470 0.032690 0.000000
rf0154 8.241740 0.065390 0.490430
rf0155 8.797550 0.065390 0.000000
rf0156 8.699470 0.098080 0.098090
rf0157 8.143650 0.065390 0.000000
rf0160 8.601380 0.196170 -0.065390
rf0164 8.601380 0.065390 0.000000
rf0165 8.732160 0.098090 0.294250
rf0167 8.634080 0.098080 0.000000
rf0169 8.241740 0.326950 0.196170
rf0170 8.405210 0.065390 0.000000
rf0171 8.830250 0.065390 0.457730
rf0172 8.634080 0.130780 0.000000
rf0173 8.372520 0.098080 0.228860
rf0175 8.274430 0.098090 0.000000
rf0176 8.601380 0.065390 0.261560
rf0177 8.209040 0.098090 0.000000
rf0179 7.947480 0.163480 0.392340
rf0180 8.307130 0.130780 0.000000
rf0181 8.274430 0.130780 0.130780
rf0191 8.699470 0.065390 0.000000
rf0192 7.947480 0.228870 0.098090
rf0193 8.732160 0.065390 0.000000
rf0195 8.503300 0.130780 0.098090
rf0197 8.241740 0.261560 0.000000
rf0199 7.489750 0.457730 0.359650
rf0201 8.241740 0.032690 0.000000
rf0204 8.241740 0.294250 0.392340
rf0205 8.699470 0.065390 0.000000
rf0206 8.764860 0.065390 0.392340
rf0207 8.209040 0.098090 0.000000
rf0209 8.862940 0.065390 0.196170
rf0210 7.947480 0.196170 0.000000
rf0216 8.764860 0.065390 0.359640
rf0217 8.764860 0.065390 0.000000
rf0218 8.209040 0.555820 0.457730
rf0223 8.732160 0.032700 0.000000
rf0226 8.339820 0.163480 0.065390
rf0227 8.274430 0.130780 0.000000
rf0229 8.568690 0.098080 0.490430
rf0234 8.601380 0.098090 0.000000
rf0236 7.947480 0.196170 0.163470
rf0237 8.732160 0.065390 0.000000
rf0238 8.143650 0.098090 0.326950
rf0241 7.947480 0.098090 0.000000
rf0242 8.339820 0.065390 0.294250
rf0245 8.928330 inf 0.000000
rf0246 7.947480 0.228870 0.392340
rf0247 8.176350 0.098080 0.000000
rf0249 8.535990 0.065390 -0.065390
rf0250 7.947480 0.163480 0.000000
rf0251 8.405210 0.098090 0.359650
rf0252 8.241740 0.130780 0.000000
rf0256 8.699470 0.065390 0.065390
rf0257 8.143650 0.098090 0.000000
rf0258 8.274430 0.261560 0.065390
rf0259 8.241740 0.130780 0.000000
rf0262 7.947480 0.130780 0.196170
rf0263 8.274430 0.098090 0.000000
rf0264 8.601380 0.098090 0.130780
rf0265 7.980180 0.228860 0.000000
rf0266 7.947480 0.196170 0.098080
rf0267 8.209040 0.130780 0.000000
rf0268 8.241740 0.098080 0.098090
rf0269 8.209040 0.228870 0.000000
rf0272 7.947480 0.261560 0.555810
rf0273 8.209040 0.065390 0.000000
rf0280 7.947480 0.098090 0.163470
rf0283 8.470600 0.065390 0.000000
rf0284 7.947480 0.196170 0.065390
rf0292 8.699470 0.065390 0.000000
rf0294 8.634080 0.098080 0.163480
rf0296 7.358970 0.326950 0.000000
rf0297 8.274430 0.098090 0.228870
rf0298 8.241740 0.294250 0.000000
rf0299 8.241740 0.261560 0.196170
rf0300 8.241740 0.065390 0.000000
rf0302 8.241740 0.261560 0.261560
rf0303 8.666770 0.000000 0.000000
rf0305 8.176350 0.163470 0.130780
rf0306 8.241740 0.032690 0.000000
rf0314 8.274430 0.163480 0.457730
rf0316 8.241740 0.261560 0.000000
rf0318 8.241740 0.326950 0.196170
rf0320 7.947480 0.130780 0.000000
rf0322 8.372520 0.261560 0.098080
rf0323 8.339820 0.196170 0.000000
rf0326 8.209040 0.098090 0.163470
rf0328 8.601380 0.098090 0.000000
rf0331 8.176350 0.163470 0.098090
rf0332 8.241740 0.065390 0.000000
rf0333 8.339820 0.130780 0.392340
rf0335 7.947480 0.261560 0.000000
rf0338 8.241740 0.261560 0.098080
rf0339 8.241740 0.294250 0.000000
rf0340 7.980180 0.196170 0.098090
rf0341 8.862940 0.065390 0.000000
rf0342 8.241740 0.000000 0.261560
rf0343 8.241740 0.261560 0.000000
rf0348 8.862940 0.032700 0.065390
rf0351 8.176350 0.130780 0.000000
rf0354 8.241740 0.294250 0.196170
rf0358 7.947480 0.196170 0.000000
rf0360 8.274430 0.228870 0.098080
rf0363 7.947480 0.098090 0.000000
rf0364 8.535990 0.098090 0.196170
rf0365 8.241740 0.065390 0.000000
rf0366 8.241740 0.261560 0.326950
rf0367 7.947480 0.196170 0.000000
rf0368 7.980180 0.196170 0.130780
rf0370 8.176350 0.098080 0.000000
rf0374 8.339820 0.163480 0.228860
rf0376 8.307130 0.098080 0.000000
rf0378 8.372520 0.196170 0.098090
rf0381 8.274430 0.130780 0.000000
rf0383 8.241740 0.098080 0.326950
rf0385 8.241740 0.261560 0.000000
rf0386 8.535990 0.130780 0.098080
rf0387 8.437910 0.196170 0.000000
rf0388 8.732160 0.032700 0.098090
rf0391 8.176350 0.098080 0.000000
rf0392 7.947480 0.163480 0.425040
rf0393 7.947480 0.261560 0.000000
rf0395 8.797550 0.065390 0.032690
rf0396 8.732160 0.065390 0.000000
rf0398 8.241740 0.261560 0.523120
rf0399 8.241740 0.098080 0.000000
rf0400 8.928330 inf 0.425040
rf0401 7.947480 0.130780 0.000000
rf0403 8.274430 0.098090 0.130780
rf0412 8.241740 0.261560 0.000000
rf0413 8.307130 0.098080 0.163480
rf0415 8.470600 0.098090 0.000000
rf0417 8.241740 0.261560 0.392340
rf0418 8.535990 0.196170 0.000000
rf0419 7.947480 0.098090 0.098080
rf0425 8.372520 0.294250 0.000000
rf0426 7.947480 0.228870 0.326950
rf0427 8.568690 0.098080 0.000000
rf0428 8.110960 0.098080 0.130780
rf0430 8.209040 0.098090 0.000000
rf0431 7.947480 0.098090 0.130780
rf0432 8.209040 0.098090 0.000000
rf0433 8.372520 0.261560 0.228860
rf0434 8.176350 0.098080 0.000000
rf0436 8.176350 0.163470 0.098080
rf0439 7.358970 0.621210 0.000000
rf0441 7.947480 0.098090 0.163470
rf0443 7.947480 0.261560 0.000000
rf0448 8.307130 0.130780 0.163470
rf0450 8.372520 0.098080 0.000000
rf0452 8.503300 0.163470 0.065390
rf0453 8.274430 0.196170 0.000000
rf0454 8.209040 0.130780 0.098080
rf0455 8.764860 0.065390 0.000000
rf0456 8.274430 0.228870 0.326950
rf0459 7.947480 0.032700 0.000000
rf0460 8.666770 0.065390 0.098080
rf0461 8.241740 0.065390 0.000000
rf0462 7.947480 0.261560 0.490420
rf0463 8.535990 0.098090 0.000000
rf0464 7.947480 0.163480 0.457730
rf0465 8.209040 0.130780 0.000000
rf0466 8.307130 0.163470 0.098080
rf0467 8.339820 0.228870 0.000000
rf0471 8.274430 0.228870 0.261560
rf0473 8.535990 0.196170 0.000000
rf0474 7.947480 0.098090 0.359640
rf0476 8.143650 0.130780 0.000000
rf0477 7.947480 0.196170 0.359650
rf0478 8.928330 inf 0.000000
rf0479 7.947480 0.163480 0.098080
rf0480 8.241740 0.098080 0.000000
rf0482 8.241740 0.261560 0.359640
rf0485 7.947480 0.261560 0.000000
rf0487 8.241740 0.294250 0.065390
rf0488 8.241740 0.261560 0.000000
rf0496 7.947480 0.163480 0.228870
rf0497 8.241740 0.392340 0.000000
rf0498 7.947480 0.261560 0.098090
rf0499 8.241740 0.196170 0.000000
rf0500 8.241740 0.065390 0.490420
rf0503 8.241740 0.130780 0.000000
rf0505 8.241740 0.261560 0.130780
rf0507 8.274430 0.228870 0.000000
rf0510 7.947480 0.163480 0.228870
rf0511 8.176350 0.098080 0.000000
rf0513 8.699470 0.065390 0.392340
rf0518 8.176350 0.098080 0.000000
rf0524 8.143650 0.098090 0.163470
rf0545 8.274430 0.294260 0.000000
rf0583 7.947480 0.261560 0.098080
rf0591 8.176350 0.098080 0.000000
rf0607 7.947480 0.163480 0.294260
rf0622 8.143650 0.098090 0.000000
rf0630 7.358970 0.621210 0.326950
rf0632 8.241740 0.196170 0.000000
rf0642 7.947480 0.032700 0.130780
rf0644 8.209040 0.261560 0.000000
rf0663 7.358970 0.621210 0.326950
rf0684 8.666770 0.065390 0.000000
rf0693 7.947480 0.261560 0.392340
rf0695 8.241740 0.065390 0.000000
rf0701 8.209040 0.065390 0.326950
rf0707 8.405210 0.065390 0.000000
rf0713 8.176350 0.098080 0.555810
rf0730 8.437910 0.098080 0.000000
rf0739 8.241740 0.326950 0.425030
rf0745 7.947480 0.065390 0.000000
rf0783 7.947480 0.098090 0.098080
rf0795 8.241740 0.000000 0.000000
rs0001 8.176350 0.065390 0.359640
rs0002 8.274430 0.098090 0.000000
rs0003 8.241740 0.261560 0.098090
rs0010 8.110960 0.098080 0.000000
rs0011 8.176350 0.130780 0.065390
rs0012 8.274430 0.098090 0.000000
rs0013 8.241740 0.098080 1000000007.358970
rs0017 8.176350 0.065390 0.000000
rs0019 8.862940 0.032700 0.163470
rs0020 7.457060 0.621200 0.000000
rs0023 8.666770 0.065390 0.425040
rs0030 8.241740 0.098080 0.000000
rs0035 7.947480 0.163480 0.425040
rs0038 8.797550 0.065390 0.000000
rs0039 7.947480 0.065390 0.555820
rs0041 8.339820 0.261560 0.000000
rs0042 8.241740 0.098080 0.425040
rs0045 8.274430 0.130780 0.000000
rs0046 8.797550 0.032700 0.784680
rs0047 8.666770 0.032700 0.000000
rs0048 8.634080 0.098080 0.294260
rs0050 8.764860 0.065390 0.000000
rs0051 8.601380 0.098090 0.523120
rs0052 8.470600 0.098090 0.000000
rs0054 7.947480 0.228870 0.196170
rs0062 7.947480 0.130780 0.000000
rs0063 8.274430 0.130780 0.425040
rs0064 8.699470 0.098080 0.000000
rs0065 8.241740 0.098080 0.392340
rs0068 8.241740 0.163470 0.000000
rs0070 7.947480 0.228870 0.425030
rs0077 8.797550 0.065390 0.000000
rs0081 8.241740 0.261560 0.196170
rs0082 7.947480 0.261560 0.000000
rs0083 7.947480 0.228870 0.130780
rs0084 8.241740 0.261560 0.000000
rs0085 8.307130 0.228860 0.425030
rs0087 8.405210 0.130780 0.000000
rs0088 8.143650 0.098090 0.098080
rs0089 8.601380 0.098090 0.000000
rs0090 7.947480 0.065390 0.326950
rs0092 8.241740 0.261560 0.000000
rs0093 8.764860 0.065390 0.523120
rs0094 8.274430 0.098090 0.000000
rs0095 7.358970 0.588510 0.098080
rs0096 8.732160 0.032700 0.000000
rs0097 7.947480 0.163480 0.359640
rs0098 8.405210 0.065390 0.000000
rs0099 8.241740 0.392340 0.425040
rs0103 8.862940 0.065390 0.000000
rs0104 8.699470 0.065390 0.457730
rs0105 8.143650 0.098090 0.000000
rs0106 8.176350 0.098080 0.294260
rs0111 7.947480 0.196170 0.000000
rs0113 8.470600 0.065390 0.130780
rs0118 8.307130 0.196170 0.000000
rs0120 8.274430 0.098090 0.588510
rs0121 8.699470 0.065390 0.000000
rs0122 8.143650 0.098090 0.425040
rs0123 8.372520 0.065390 0.000000
rs0124 8.961030 -0.196170 0.130780
rs0126 8.307130 0.098080 0.000000
rs0127 8.274430 0.130780 0.163480
rs0128 8.797550 0.098090 0.000000
rs0129 8.928330 inf 0.425040
rs0130 8.241740 0.098080 0.000000
rs0132 8.176350 0.098080 0.326950
rs0133 8.405210 0.032700 0.000000
rs0134 8.437910 0.065390 0.425030
rs0135 8.568690 0.130780 0.000000
rs0137 8.274430 0.065390 0.425030
rs0138 7.947480 0.261560 0.000000
rs0140 7.358970 0.588510 0.098080
rs0141 8.143650 0.098090 0.000000
rs0143 8.764860 0.065390 0.490430
rs0145 8.405210 0.098090 0.000000
rs0146 8.176350 0.098080 0.425040
rs0147 8.372520 0.065390 0.000000
rs0148 8.862940 0.065390 0.425030
rs0149 8.307130 0.163470 0.000000
rs0150 7.947480 0.130780 0.294260
rs0153 8.895640 0.032690 0.000000
rs0154 8.176350 0.130780 0.228870
rs0156 8.274430 0.098090 0.000000
rs0158 8.176350 0.130780 0.130780
rs0163 8.568690 0.065390 0.000000
rs0165 8.241740 0.098080 0.163480
rs0166 8.568690 0.098080 0.000000
rs0167 7.980180 0.228860 0.065390
rs0168 7.947480 0.163480 0.000000
rs0170 8.110960 0.098080 0.196170
rs0171 8.209040 0.098090 0.000000
rs0172 8.339820 0.163480 0.163480
rs0174 7.947480 0.228870 0.000000
rs0175 8.307130 0.098080 0.425040
rs0178 8.241740 0.425030 0.000000
rs0179 8.241740 0.359640 0.098080
rs0180 8.339820 0.196170 0.000000
rs0182 8.535990 0.261560 0.065390
rs0183 8.764860 0.032690 0.000000
rs0184 8.241740 0.098080 0.228860
rs0185 8.862940 0.032700 0.000000
rs0188 8.895640 0.032690 0.425040
rs0189 8.241740 0.261560 0.000000
rs0192 8.241740 0.261560 0.359640
rs0193 8.503300 0.098080 0.000000
rs0195 8.241740 0.294250 0.359640
rs0200 7.358970 0.228870 0.000000
rs0201 8.241740 0.261560 0.065390
rs0203 8.470600 0.065390 0.000000
rs0206 8.764860 0.065390 0.196170
rs0209 8.732160 0.098090 0.000000
rs0210 8.241740 0.130780 0.425040
rs0211 8.601380 0.098090 0.000000
rs0212 8.241740 0.098080 0.163480
rs0215 7.947480 0.163480 0.000000
rs0218 8.241740 0.261560 0.065390
rs0220 7.947480 0.196170 0.000000
rs0221 8.666770 0.065390 0.490420
rs0224 8.372520 0.065390 0.000000
rs0225 8.535990 0.098090 0.163470
rs0226 8.176350 0.098080 0.000000
rs0227 8.764860 0.065390 0.425040
rs0228 8.110960 0.098080 0.000000
rs0231 8.241740 0.098080 0.163480
rs0236 7.947480 0.294260 0.000000
rs0237 8.470600 0.065390 0.065390
rs0240 8.928330 inf 0.000000
rs0241 8.241740 0.065390 0.425040
rs0242 8.307130 0.130780 0.000000
rs0243 8.699470 0.065390 0.098080
rs0246 7.947480 0.261560 0.000000
rs0247 7.391660 0.555820 0.425030
rs0250 8.601380 0.130780 0.000000
rs0251 8.176350 0.130780 0.098090
rs0255 8.241740 0.065390 0.000000
rs0256 8.241740 0.065390 0.392340
rs0257 8.241740 0.261560 0.000000
rs0259 8.503300 0.065390 0.098090
rs0260 8.568690 0.065390 0.000000
rs0262 7.947480 0.196170 0.359650
rs0263 8.830250 0.065390 0.000000
rs0264 7.358970 0.621210 0.392340
rs0267 8.241740 0.261560 0.000000
rs0268 8.241740 0.261560 0.457730
rs0269 8.241740 0.326950 0.000000
rs0270 8.928330 0.000000 0.294250
rs0273 8.143650 0.098090 0.000000
rs0274 8.241740 0.098080 0.163480
rs0275 8.241740 0.261560 0.000000
rs0276 8.209040 0.130780 0.359650
rs0277 8.241740 0.261560 0.000000
rs0280 8.830250 0.098080 0.425040
rs0282 8.372520 0.065390 0.000000
rs0283 8.241740 0.130780 -0.065390
rs0284 8.176350 0.098080 0.000000
rs0288 8.732160 0.065390 0.457730
rs0289 8.307130 0.130780 0.000000
rs0290 8.241740 0.261560 0.359640
rs0297 8.143650 0.065390 0.000000
rs0303 7.947480 0.261560 0.163480
rs0306 8.339820 0.065390 0.000000
rs0308 8.699470 0.098080 0.098090
rs0313 8.634080 0.098080 0.000000
rs0314 8.307130 0.098080 0.098090
rs0316 8.241740 0.261560 0.000000
rs0318 7.358970 0.621210 0.163470
rs0320 8.699470 0.065390 0.000000
rs0323 8.241740 0.098080 0.392340
rs0325 7.358970 0.588510 0.000000
rs0328 8.241740 0.163470 0.130780
rs0330 8.307130 0.359640 0.000000
rs0331 8.339820 0.163480 0.163470
rs0334 8.437910 0.065390 0.000000
rs0336 8.307130 0.228860 0.490420
rs0337 8.307130 0.130780 0.000000
rs0339 8.797550 0.032700 0.098080
rs0340 8.339820 0.163480 0.000000
rs0341 8.143650 0.065390 0.228870
rs0343 8.241740 0.130780 0.000000
rs0344 8.176350 0.098080 0.294250
rs0345 7.358970 0.621210 0.000000
rs0349 7.391660 0.555820 0.098080
rs0350 8.372520 0.098080 0.000000
rs0354 8.176350 0.098080 0.392340
rs0358 8.470600 0.065390 0.000000
rs0363 8.209040 0.098090 0.294250
rs0364 7.947480 0.130780 0.000000
rs0365 8.176350 0.098080 0.130780
rs0367 7.555140 0.425040 0.000000
rs0371 8.764860 0.065390 0.163470
rs0372 8.176350 0.098080 0.000000
rs0373 8.307130 0.130780 0.196170
rs0374 8.176350 0.098080 0.000000
rs0376 8.372520 0.294250 0.163470
rs0377 8.437910 0.130780 0.000000
rs0380 8.274430 0.098090 0.425030
rs0384 8.241740 0.098080 0.000000
rs0386 8.241740 0.098080 0.359640
rs0389 7.947480 0.163480 0.000000
rs0391 8.241740 0.261560 0.359640
rs0392 7.947480 0.196170 0.000000
rs0393 8.176350 0.098080 0.163470
rs0394 7.947480 0.065390 0.000000
rs0401 8.634080 0.130780 0.392340
rs0408 8.241740 0.098080 0.000000
rs0409 8.241740 -0.032700 0.359650
rs0410 8.241740 0.261560 0.000000
rs0411 7.947480 0.196170 0.425040
rs0416 8.241740 0.065390 0.000000
rs0417 7.947480 0.228870 0.359640
rs0418 7.947480 0.228870 0.000000
rs0419 8.339820 0.130780 0.425040
rs0420 8.241740 0.294250 0.000000
rs0421 8.961030 -0.098090 0.425040
rs0422 8.241740 0.261560 0.000000
rs0423 8.176350 0.228860 0.425030
rs0424 7.980180 0.163470 0.000000
rs0425 8.241740 0.065390 0.359650
rs0427 8.176350 0.098080 0.000000
rs0428 8.274430 0.261560 0.359640
rs0429 7.947480 0.196170 0.000000
rs0430 7.947480 0.196170 0.457730
rs0432 7.947480 0.000000 0.000000
rs0433 8.372520 0.294250 0.163480
rs0435 8.176350 0.163470 0.000000
rs0437 8.209040 0.065390 0.523120
rs0442 8.241740 0.000000 0.000000
rs0444 7.947480 0.130780 0.425040
rs0449 8.437910 0.163470 0.000000
rs0452 8.503300 0.098080 0.163470
rs0453 8.830250 0.032690 0.000000
rs0454 8.241740 0.261560 0.425030
rs0456 8.241740 0.065390 0.000000
rs0458 8.666770 0.000000 0.523120
rs0460 7.947480 0.163480 0.000000
rs0463 8.241740 0.425030 0.130780
rs0467 8.143650 0.098090 0.000000
rs0468 8.241740 0.261560 0.523120
rs0469 8.241740 0.196170 0.000000
rs0470 7.947480 0.196170 0.457730
rs0472 7.358970 0.555820 0.000000
rs0473 7.947480 0.196170 0.425030
rs0476 8.241740 0.359640 0.000000
rs0477 8.241740 0.261560 0.425030
rs0480 8.274430 0.098090 0.000000
rs0485 7.947480 0.130780 0.359650
rs0492 8.241740 0.130780 0.000000
rs0493 8.209040 0.098090 0.392340
rs0494 8.241740 0.294250 0.000000
rs0495 7.947480 0.228870 0.555810
rs0496 8.503300 0.163470 0.000000
rs0505 8.764860 0.065390 -0.098090
rs0508 7.980180 0.228860 0.000000
rs0512 8.241740 0.261560 0.457730
rs0516 8.143650 0.130780 0.000000
rs0517 8.797550 0.065390 0.490420
rs0519 8.307130 0.098080 0.000000
rs0520 8.143650 0.098090 0.425030
rs0521 8.274430 0.098090 0.000000
rs0522 8.241740 0.000000 -0.098090
rs0524 8.241740 0.130780 0.000000
rs0526 8.209040 0.098090 0.163470
rs0528 8.830250 0.032690 0.000000
rs0529 8.209040 0.098090 0.359640
rs0531 8.862940 0.032700 0.000000
rs0532 8.307130 0.098080 0.490430
rs0534 8.241740 0.261560 0.000000
rs0536 8.143650 0.098090 0.523120
rs0538 8.405210 0.065390 0.000000
rs0541 8.797550 0.065390 0.065390
rs0542 8.797550 0.000000 0.000000
rs0543 8.241740 0.228860 0.425040
rs0545 7.947480 0.163480 0.000000
rs0546 8.209040 0.130780 0.065390
rs0548 8.241740 0.098080 0.000000
rs0549 8.209040 0.098090 0.392340
rs0553 8.209040 0.065390 0.000000
rs0554 8.797550 0.032700 0.457730
rs0555 8.568690 0.065390 0.000000
rs0556 7.358970 0.621210 0.457730
rs0559 8.241740 0.065390 0.000000
rs0560 8.601380 0.065390 0.588510
rs0562 8.274430 0.196170 0.000000
rs0564 8.143650 0.196170 0.359650
rs0566 8.241740 0.065390 0.000000
rs0568 8.176350 0.098080 0.163470
rs0571 7.947480 0.098090 0.000000
rs0572 8.601380 0.163480 0.425040
rs0573 7.947480 0.261560 0.000000
rs0574 8.797550 0.032700 0.457730
rs0578 8.764860 0.098080 0.000000
rs0579 8.307130 0.065390 0.359650
rs0585 8.241740 0.032690 0.000000
rs0586 7.947480 0.163480 0.163470
rs0588 8.241740 0.163470 0.000000
rs0591 8.405210 0.065390 0.163480
rs0598 8.699470 0.098080 0.000000
rs0599 8.372520 0.098080 0.392340
rs0602 8.437910 0.196170 0.000000
rs0609 8.307130 0.098080 0.130780
rs0615 8.470600 0.098090 0.000000
rs0616 8.307130 0.098080 0.000000
rs0617 8.961030 inf 0.000000
rs0618 8.274430 0.163480 0.130780
rs0620 8.241740 0.130780 0.000000
rs0623 7.947480 0.196170 0.130780
rs0626 8.241740 0.098080 0.000000
rs0627 8.601380 0.130780 0.392340
rs0630 8.110960 0.130780 0.000000
rs0637 8.634080 0.130780 0.392340
rs0638 8.764860 0.065390 0.000000
rs0640 8.339820 0.261560 0.457730
rs0641 8.339820 0.163480 0.000000
rs0644 8.241740 0.130780 0.196170
rs0645 8.601380 0.130780 0.000000
rs0656 8.241740 0.261560 0.555820
rs0660 8.764860 0.065390 0.000000
rs0667 8.437910 0.098080 0.163470
rs0670 7.358970 0.065390 0.000000
rs0671 8.176350 0.098080 0.098080
rs0677 8.339820 0.326950 0.000000
rs0679 8.535990 0.098090 0.523120
rs0691 8.830250 0.065390 0.000000
rs0696 8.961030 inf 0.098090
rs0703 8.797550 0.065390 0.000000
rs0708 8.470600 0.065390 0.130780
rs0710 8.241740 0.130780 0.000000
rs0713 7.358970 0.621210 0.098080
rs0720 7.653230 0.326950 0.000000
rs0722 8.241740 0.163470 0.098080
rs0724 8.764860 0.065390 0.000000
rs0726 8.209040 0.065390 0.326950
rs0727 8.307130 0.163470 0.000000
rs0731 8.307130 0.130780 0.359640
rs0733 8.470600 0.098090 0.000000
rs0734 8.437910 0.065390 0.196170
rs0738 8.437910 0.098080 0.000000
rs0740 8.209040 0.098090 0.098090
rs0741 8.732160 0.065390 0.000000
rs0743 7.947480 0.196170 0.326950
rs0744 8.535990 0.130780 0.000000
rs0746 8.405210 0.392340 0.228870
rs0747 8.699470 0.098080 0.000000
rs0751 8.830250 0.032690 0.359640
rs0752 8.307130 0.163470 0.000000
rs0754 8.568690 0.130780 0.098080
rs0756 8.143650 0.098090 0.000000
rs0758 8.568690 0.098080 0.425040
rs0763 8.437910 0.196170 0.000000
rs0766 8.241740 0.294250 0.392340
rs0767 8.209040 0.130780 0.000000
rs0768 8.339820 0.098090 0.294250
rs0769 8.307130 0.261560 0.000000
rs0774 8.176350 0.130780 0.425040
rs0775 7.947480 0.065390 0.000000
rs0777 7.947480 0.130780 0.130780
rs0778 8.961030 inf 0.000000
rs0779 8.732160 0.065390 0.098080
rs0781 8.732160 0.032700 0.000000
rs0782 7.947480 0.130780 0.392340
rs0786 8.143650 0.098090 0.000000
rs0788 8.176350 0.065390 0.098080
rs0790 8.176350 0.098080 0.000000
rs0793 8.307130 0.196170 0.490420
rs0794 8.372520 0.326950 0.000000
rs0797 8.470600 0.065390 0.425040
rs0799 7.947480 0.261560 0.000000
rs0800 8.241740 0.098080 0.130780
rs0802 8.143650 0.098090 0.000000
rs0804 7.947480 0.130780 0.130780
rs0805 7.358970 0.555820 0.000000
rs0806 8.601380 0.065390 -0.032690
rs0809 8.797550 0.065390 0.000000
rs0810 8.209040 0.098090 0.130780
rs0811 8.666770 0.065390 0.000000
rs0812 8.797550 0.032700 0.359640
rs0815 7.947480 0.163480 0.000000
rs0818 7.947480 0.261560 0.065390
rs0823 8.862940 0.032700 0.000000
rs0828 8.307130 0.196170 0.359650
rs0831 8.764860 0.065390 0.000000
rs0832 8.176350 0.098080 0.163470
rs0833 8.503300 0.196170 0.000000
rs0834 8.437910 0.098080 0.130780
rs0836 8.830250 0.065390 0.000000
rs0838 8.568690 0.130780 0.457730
rs0839 8.764860 0.032690 0.000000
rs0840 8.209040 0.098090 0.490430
rs0842 7.947480 0.032700 0.000000
rs0843 8.666770 0.130780 0.392340
rs0845 8.503300 0.196170 0.000000
rs0846 8.176350 0.098080 0.098080
rs0847 8.666770 0.032700 0.000000
rs0850 8.732160 0.065390 0.163480
rs0853 8.274430 0.294260 0.000000
rs0854 8.274430 0.196170 0.130780
rs0855 8.699470 0.065390 0.000000
rs0856 8.961030 inf 0.098090
rs0860 8.241740 0.261560 0.000000
rs0865 8.535990 0.163480 0.392340
rs0866 8.601380 0.163480 0.000000
rs0868 8.535990 0.065390 0.065390
rs0869 8.209040 0.098090 0.000000
rs0871 8.307130 0.098080 0.751990
rs0872 8.241740 0.228860 0.000000
rs0880 8.405210 0.098090 0.130780
rs0887 8.568690 0.163470 0.000000
rs0891 8.764860 0.065390 0.163470
rs0892 7.358970 0.163480 0.000000
rs0893 7.980180 0.196170 0.098080
rs0897 8.307130 0.098080 0.000000
rs0899 8.241740 0.261560 0.098080
rs0900 8.241740 0.261560 0.000000
rs0901 7.653230 0.523120 0.425040
rs0906 7.947480 0.228870 0.000000
rs0907 8.241740 0.261560 0.523120
rs0909 8.110960 0.098080 0.000000
rs0916 8.176350 0.098080 0.098080
rs0919 8.209040 0.098090 0.000000
rs0920 8.241740 0.098080 0.065390
rs0921 8.797550 0.098090 0.000000
rs0922 8.274430 0.098090 0.130780
rs0923 7.947480 0.228870 0.000000
rs0927 8.241740 0.032690 0.163470
rs0930 7.947480 0.163480 0.000000
rs0932 7.947480 0.228870 0.294250
rs0933 8.241740 0.261560 0.000000
rs0934 8.274430 0.098090 -0.065390
rs0935 8.405210 0.130780 0.000000
rs0944 8.176350 0.098080 0.392340
rs0945 8.372520 0.294250 0.000000
rs0946 8.339820 0.261560 0.098090
rs0948 8.503300 0.163470 0.000000
rs0950 8.241740 0.261560 0.098080
rs0953 8.830250 0.065390 0.000000
rs0957 7.947480 0.163480 0.261560
rs0958 8.666770 0.065390 0.000000
rs0959 7.947480 0.130780 0.065390
rs0960 7.947480 0.130780 0.000000
rs0962 8.437910 0.098080 0.065390
rs0967 8.274430 0.065390 0.000000
rs0968 7.555140 0.490430 0.163480
rs0970 8.568690 0.098080 0.000000
rs0976 7.947480 0.130780 0.392340
rs0977 7.358970 0.359650 0.000000
rs0979 8.241740 0.130780 0.163480
rs0980 8.666770 0.065390 0.000000
rs0981 7.947480 0.228870 0.359650
rs0982 7.358970 0.621210 0.000000
rs0983 8.176350 0.098080 0.163470
rs0984 8.241740 0.098080 0.000000
rs0985 8.241740 0.065390 0.457730
rs0986 8.241740 0.065390 0.000000
rs0989 8.503300 0.098080 0.098090
rs0991 8.732160 0.065390 0.000000
rs0995 8.568690 0.098080 0.196170
rs0996 8.961030 inf 0.000000
rs0997 8.535990 0.065390 0.098090
rs0999 8.209040 0.163480 0.000000
rs1001 8.241740 0.098080 0.294260
rs1002 8.372520 0.326950 0.000000
rs1003 8.372520 0.261560 0.359640
rs1010 8.961030 inf 0.000000
rs1014 7.947480 0.098090 0.392340
rs1016 8.699470 0.065390 0.000000
rs1017 7.947480 0.228870 0.228860
rs1020 8.176350 0.098080 0.000000
rs1021 8.143650 0.065390 0.163470
rs1028 8.307130 0.163470 0.000000
rs1029 8.176350 0.098080 0.326950
rs1030 7.947480 0.032700 0.000000
rs1031 8.274430 0.228870 0.098090
rs1032 8.209040 0.098090 0.000000
rs1034 8.209040 0.098090 0.326950
rs1035 8.176350 0.098080 0.000000
rs1038 8.241740 0.261560 0.392340
rs1040 8.176350 0.098080 0.000000
rs1041 7.358970 0.686600 0.130780
rs1043 8.241740 0.261560 0.000000
rs1045 8.274430 0.163480 0.130780
rs1047 8.241740 0.261560 0.000000
rs1048 8.405210 0.065390 0.098090
rs1049 8.601380 0.130780 0.000000
rs1050 8.241740 0.261560 0.523120
rs1052 8.241740 0.425030 0.000000
rs1053 7.947480 0.130780 0.228860
rs1054 8.176350 0.065390 0.000000
rs1055 7.980180 0.228860 0.098090
rs1057 8.503300 0.065390 0.000000
rs1058 8.241740 0.098080 0.425040
rs1059 8.405210 0.130780 0.000000
rs1060 8.241740 0.326950 0.425040
rs1062 8.503300 0.098080 0.000000
rs1065 8.241740 0.098080 0.098090
rs1068 8.339820 0.196170 0.000000
rs1070 8.241740 0.098080 0.425040
rs1072 8.274430 0.130780 0.000000
rs1073 8.241740 0.261560 1000000007.358970
rs1074 8.143650 0.098090 0.000000
rs1076 8.503300 0.228860 0.425040
rs1077 7.914790 0.196170 0.000000
rs1078 8.797550 0.032700 0.098080
rs1079 8.568690 0.130780 0.000000
rs1080 8.470600 0.294260 0.098090
rs1081 8.274430 0.098090 0.000000
rs1082 8.732160 0.065390 0.098080
rs1083 8.372520 0.130780 0.000000
rs1084 8.241740 0.098080 0.359650
rs1087 8.535990 0.163480 0.000000
rs1091 8.666770 0.065390 0.098080
rs1098 8.143650 0.098090 0.000000
rs1100 8.503300 0.065390 0.294260
rs1102 8.241740 0.261560 0.000000
rs1103 8.241740 0.261560 0.392340
rs1104 8.274430 0.163480 0.000000
rs1105 7.947480 0.032700 0.425040
rs1108 8.241740 0.228860 0.000000
rs1109 8.241740 0.359640 0.326950
rs1110 8.503300 0.098080 0.000000
rs1113 7.947480 0.261560 0.130780
rs1114 7.947480 0.261560 0.000000
rs1117 8.241740 0.326950 0.032700
rs1118 8.372520 0.065390 0.000000
rs1119 8.209040 0.261560 0.098080
rs1120 8.241740 0.261560 0.000000
rs1121 8.241740 0.098080 0.261560
rs1122 8.241740 0.130780 0.000000
rs1124 8.241740 0.261560 0.098090
rs1125 8.405210 0.098090 0.000000
rs1126 8.176350 0.065390 0.392340
rs1128 7.980180 0.228860 0.000000
rs1131 8.241740 0.261560 0.163480
rs1132 7.947480 0.196170 0.000000
rs1135 8.241740 0.163470 0.294250
rs1137 8.307130 0.130780 0.000000
rs1142 8.241740 0.130780 0.098080
rs1143 7.947480 0.065390 0.000000
rs1145 8.307130 0.130780 0.032690
rs1146 8.830250 0.065390 0.000000
rs1147 8.241740 0.065390 0.163480
rs1149 8.241740 0.392340 0.000000
rs1151 8.274430 0.163480 0.130780
rs1154 8.307130 0.098080 0.000000
rs1156 8.176350 0.065390 0.130780
rs1157 8.241740 0.392340 0.000000
rs1159 7.947480 0.228870 0.261560
rs1163 8.241740 0.425030 0.000000
rs1164 7.358970 0.588510 -0.032700
rs1165 8.241740 0.000000 0.000000
rs1166 8.241740 0.261560 0.065390
rs1169 8.470600 0.098090 0.000000
rs1170 8.274430 0.130780 0.392340
rs1171 8.339820 0.130780 0.000000
rs1172 7.947480 0.065390 0.228870
rs1174 8.339820 0.196170 0.000000
rs1176 7.358970 0.130780 0.228870
rs1178 8.470600 0.098090 0.000000
rs1179 8.143650 0.130780 0.425040
rs1182 8.470600 0.098090 0.000000
rs1183 8.699470 0.098080 0.098090
rs1184 8.209040 0.065390 0.000000
rs1185 8.503300 0.098080 0.065390
rs1187 8.241740 0.294250 0.000000
rs1188 8.241740 0.261560 0.294250
rs1191 8.241740 0.261560 0.000000
rs1192 7.947480 0.196170 0.130780
rs1193 8.176350 0.130780 0.000000
rs1195 8.110960 0.130780 -0.065390
rs1198 8.241740 0.261560 0.000000
rs1200 7.947480 0.163480 0.425040
rs1202 8.241740 0.065390 0.000000
rs1205 8.405210 0.065390 0.425040
rs1206 7.358970 0.163480 0.000000
rs1207 8.241740 0.261560 0.457730
rs1208 8.209040 0.098090 0.000000
rs1209 8.209040 0.098090 0.163470
rs1210 8.666770 0.130780 0.000000
rs1211 8.241740 0.294250 0.326950
rs1212 8.241740 0.098080 0.000000
rs1213 8.830250 0.065390 0.196170
rs1217 8.862940 0.032700 0.000000
rs1220 8.634080 0.065390 0.425040
rs1229 8.241740 0.261560 0.000000
rs1236 8.143650 0.065390 0.163470
rs1238 8.437910 0.065390 0.000000
rs1245 8.143650 0.098090 0.425040
rs1248 8.666770 0.032700 0.000000
rs1257 7.947480 0.163480 0.130780
rs1258 8.503300 0.098080 0.000000
rs1259 8.209040 0.065390 0.065390
rs1260 8.209040 0.098090 0.000000
rs1261 8.241740 0.098080 0.163480
rs1262 8.176350 0.098080 0.000000
rs1263 7.947480 0.196170 0.392340
rs1264 7.947480 0.163480 0.000000
rs1265 8.372520 0.196170 0.228860
rs1266 8.307130 0.130780 0.000000
rs1267 8.862940 0.032700 0.163480
rs1269 7.947480 0.261560 0.000000
rs1270 8.241740 0.098080 0.425040
rs1276 8.241740 0.261560 0.000000
rs1278 8.568690 0.065390 0.457730
rs1280 8.241740 0.130780 0.000000
rs1281 8.176350 0.098080 0.326950
rs1283 7.947480 0.098090 0.000000
rs1284 7.947480 0.098090 0.065390
rs1285 8.274430 0.163480 0.000000
rs1286 8.535990 0.098090 0.098090
rs1289 8.143650 0.065390 0.000000
rs1290 7.947480 0.228870 0.098090
rs1291 8.176350 0.098080 0.000000
rs1292 8.241740 0.261560 0.163480
rs1293 8.437910 0.098080 0.000000
rs1294 8.666770 0.065390 0.425040
rs1295 7.947480 0.294260 0.000000
rs1296 7.358970 0.588510 -0.098090
rs1297 7.947480 0.196170 0.000000
rs1298 7.947480 0.130780 0.098090
rs1299 8.176350 0.065390 0.000000
rs1301 8.928330 inf 0.163480
rs1302 7.947480 0.228870 0.000000
rs1303 8.339820 0.228870 -0.065390
rs1304 7.947480 0.261560 0.000000
rs1310 8.241740 0.130780 0.425040
rs1337 8.241740 0.228860 0.000000
rs1359 7.980180 0.196170 0.196170
rs1368 8.470600 0.130780 0.000000
rs1437 8.437910 0.098080 0.163470
rs1518 8.862940 0.032700 0.000000
