rf0001 7.716090 0.415350 0.000000
rf0003 8.830280 0.059340 0.138450
rf0006 8.401750 0.085700 0.000000
rf0007 8.639090 0.085710 0.178010
rf0008 9.054440 -0.019780 0.000000
rf0010 8.025950 0.178010 0.520840
rf0011 8.461080 0.072520 0.000000
rf0014 8.058920 0.257120 0.204380
rf0015 8.935770 0.019770 0.000000
rf0017 8.065510 0.290090 0.237350
rf0019 8.065510 0.402160 0.000000
rf0020 8.494050 0.118670 0.382380
rf0023 8.058920 0.237340 0.000000
rf0024 8.678650 0.046150 0.454900
rf0028 8.065510 0.382390 0.000000
rf0029 8.269890 0.112080 0.435130
rf0030 8.678650 0.052740 0.000000
rf0031 8.909390 0.019780 0.184600
rf0032 8.296260 0.131860 0.000000
rf0033 8.058920 0.191190 0.316460
rf0034 8.006180 0.224150 0.000000
rf0040 8.915990 0.013180 0.349420
rf0042 8.329220 0.118680 0.000000
rf0043 8.929170 0.013190 0.441720
rf0045 8.025950 0.191200 0.000000
rf0048 8.058920 0.204380 0.395570
rf0049 8.058920 0.276900 0.000000
rf0051 7.960030 0.243930 0.402170
rf0053 8.032550 0.171410 0.000000
rf0058 8.447900 0.079110 0.349420
rf0059 7.861130 0.270310 0.000000
rf0060 8.058920 0.276900 0.402160
rf0061 8.078700 0.270300 0.000000
rf0062 8.540200 0.065920 0.303280
rf0064 7.814980 0.303270 0.000000
rf0065 7.828170 0.369200 0.178000
rf0068 8.058920 0.290080 0.000000
rf0071 8.909390 0.019780 0.402160
rf0072 7.768830 0.283500 0.000000
rf0073 8.322630 0.079120 0.435130
rf0074 8.619310 0.105490 0.000000
rf0076 8.058920 0.263710 0.382390
rf0077 8.388560 0.105490 0.000000
rf0079 8.065510 0.349420 0.197790
rf0083 8.058920 0.263710 0.000000
rf0084 8.599530 0.046150 0.369190
rf0092 8.935770 0.032960 0.000000
rf0098 8.803910 0.059330 0.197780
rf0099 8.065510 0.342830 0.000000
rf0102 8.065510 0.428540 0.388970
rf0104 7.874320 0.329640 0.000000
rf0106 7.834760 0.296680 0.395570
rf0107 7.992990 0.204380 0.000000
rf0108 7.894100 0.283490 0.362610
rf0109 8.606120 0.059340 0.000000
rf0110 7.458970 0.718620 0.342830
rf0111 8.559970 0.079120 0.000000
rf0117 7.564460 0.428530 0.382390
rf0118 7.762240 0.619730 0.000000
rf0119 8.058920 0.283490 0.501060
rf0120 7.458970 0.685660 0.000000
rf0122 7.531490 0.619730 0.263710
rf0125 8.777540 0.085700 0.000000
rf0126 8.935770 0.046150 0.375790
rf0128 8.065510 0.316460 0.000000
rf0129 8.500640 0.072520 0.362610
rf0132 8.480860 0.079110 0.000000
rf0134 8.744570 0.059340 0.230750
rf0141 7.676530 0.580170 0.000000
rf0143 8.454490 0.059330 0.224150
rf0145 8.494050 0.105480 0.000000
rf0147 8.751170 0.098890 0.224160
rf0150 8.902800 0.019780 0.000000
rf0154 8.428120 0.112080 0.408760
rf0155 8.434710 0.138450 0.000000
rf0156 8.810500 0.072520 0.171410
rf0157 8.111660 0.210970 0.000000
rf0160 8.724800 0.059330 0.191190
rf0164 8.915990 0.013180 0.000000
rf0165 8.850060 0.052740 0.303270
rf0167 8.935770 0.013180 0.000000
rf0169 8.058920 0.197780 0.237340
rf0170 8.757760 0.085710 0.000000
rf0171 9.041250 -0.013180 0.375790
rf0172 8.619310 0.065930 0.000000
rf0173 8.929170 0.006600 0.421940
rf0175 8.461080 0.098890 0.000000
rf0176 8.764350 0.092300 0.349420
rf0177 8.065510 0.250530 0.000000
rf0179 8.058920 0.224150 0.408760
rf0180 8.612720 0.052740 0.000000
rf0181 8.329220 0.112080 0.566980
rf0191 8.810500 0.065930 0.000000
rf0192 7.650160 0.468090 0.151640
rf0193 8.784130 0.085710 0.000000
rf0195 8.757760 0.092300 0.250530
rf0197 8.025950 0.184600 0.000000
rf0199 8.599530 0.026370 0.309860
rf0201 8.190780 0.191190 0.000000
rf0204 8.131440 0.184600 0.336230
rf0205 8.876430 0.032960 0.000000
rf0206 8.672050 0.079120 0.263710
rf0207 8.058920 0.243930 0.000000
rf0209 8.935770 0.059330 0.237340
rf0210 7.795200 0.323050 0.000000
rf0216 8.883020 0.039560 0.369200
rf0217 8.909390 0.013190 0.000000
rf0218 8.157810 0.323050 0.283490
rf0223 8.830280 0.059340 0.000000
rf0226 8.678650 0.046150 0.375790
rf0227 8.461080 0.098890 0.000000
rf0229 8.836870 0.052750 -0.118670
rf0234 8.770950 0.085700 0.000000
rf0236 7.762240 0.435130 0.349420
rf0237 8.764350 0.092300 0.000000
rf0238 7.597420 0.566980 0.019780
rf0241 7.946840 0.191190 0.000000
rf0242 8.599530 0.065930 0.145040
rf0245 8.685240 0.079110 0.000000
rf0246 8.039140 0.171410 0.408760
rf0247 8.164400 0.217570 0.000000
rf0249 8.935770 0.026370 -0.085710
rf0250 8.072100 0.164830 0.000000
rf0251 8.606120 0.046150 -0.039560
rf0252 8.296260 0.158230 0.000000
rf0256 8.757760 0.079110 0.164820
rf0257 8.039140 0.224160 0.000000
rf0258 8.645680 0.052740 0.151640
rf0259 8.058920 0.230750 0.000000
rf0262 7.458970 0.718620 0.342830
rf0263 8.461080 0.125270 0.000000
rf0264 8.757760 0.079110 0.566990
rf0265 8.078700 0.230750 0.000000
rf0266 8.105070 0.178000 0.230750
rf0267 8.500640 0.092300 0.000000
rf0268 8.058920 0.309860 0.303270
rf0269 8.065510 0.303270 0.000000
rf0272 8.019360 0.178010 0.085700
rf0273 7.656760 0.560390 0.000000
rf0280 7.788610 0.323050 0.507650
rf0283 8.876430 0.039560 0.000000
rf0284 8.058920 0.171410 0.283500
rf0292 8.817090 0.065930 0.000000
rf0294 8.915990 0.019780 0.191200
rf0296 8.058920 0.296680 0.000000
rf0297 8.474270 0.138450 0.204380
rf0298 8.414930 0.039560 0.000000
rf0299 8.058920 0.270300 0.342830
rf0300 8.157810 0.250530 0.000000
rf0302 8.744570 0.098900 0.468090
rf0303 8.065510 0.395570 0.000000
rf0305 8.058920 0.263710 0.197780
rf0306 7.755650 0.388980 0.000000
rf0314 8.362190 0.171410 0.329640
rf0316 8.691830 0.052740 0.000000
rf0318 7.900690 0.257120 0.599950
rf0320 7.782020 0.342830 0.000000
rf0322 8.065510 0.402160 0.224160
rf0323 8.533600 0.092300 0.000000
rf0326 8.058920 0.217560 0.448310
rf0328 8.625900 0.059340 0.000000
rf0331 8.006180 0.210970 0.204380
rf0332 8.124850 0.178000 0.000000
rf0333 8.744570 0.059340 0.415350
rf0335 7.762240 0.454910 0.000000
rf0338 7.458970 0.468090 0.151640
rf0339 8.797320 0.079110 0.000000
rf0340 8.058920 0.210970 0.375790
rf0341 8.797320 0.105480 0.000000
rf0342 8.072100 0.250530 0.659280
rf0343 8.678650 0.059330 0.000000
rf0348 8.935770 0.059330 0.336230
rf0351 8.177590 0.210970 0.000000
rf0354 8.757760 0.059330 0.619730
rf0358 8.065510 0.171420 0.000000
rf0360 8.065510 0.336240 0.217560
rf0363 8.006180 0.164820 0.000000
rf0364 8.731390 0.052740 0.342830
rf0365 8.256700 0.105490 0.000000
rf0366 8.072100 0.210970 0.382390
rf0367 7.458970 0.501060 0.000000
rf0368 8.058920 0.191190 0.454910
rf0370 8.065510 0.230750 0.000000
rf0374 8.058920 0.290080 0.461490
rf0376 8.098480 0.138450 0.000000
rf0378 8.718200 0.065930 0.237340
rf0381 8.401750 0.105480 0.000000
rf0383 8.863240 0.039560 0.079110
rf0385 8.388560 0.065930 0.000000
rf0386 8.764350 0.079120 0.191190
rf0387 8.658870 0.052740 0.000000
rf0388 8.935770 0.019770 0.283490
rf0391 8.058920 0.210970 0.000000
rf0392 8.039140 0.178010 0.408750
rf0393 7.702910 0.329640 0.000000
rf0395 8.935770 0.013180 0.843880
rf0396 8.751170 0.072520 0.000000
rf0398 8.751170 0.072520 0.336240
rf0399 8.342410 0.085710 0.000000
rf0400 9.041250 0.000000 0.336240
rf0401 7.590830 0.507650 0.000000
rf0403 8.461080 0.092300 0.230750
rf0412 8.461080 0.125270 0.000000
rf0413 8.586350 0.046150 0.191190
rf0415 8.573160 0.065930 0.000000
rf0417 8.922580 0.013190 0.382390
rf0418 8.355600 0.145040 0.000000
rf0419 7.966620 0.184600 0.164820
rf0425 8.632500 0.072520 0.000000
rf0426 7.458970 0.698840 0.204370
rf0427 8.718200 0.046150 0.000000
rf0428 8.184180 0.204380 0.257120
rf0430 8.111660 0.230750 0.000000
rf0431 7.782020 0.349420 0.237340
rf0432 8.058920 0.197780 0.000000
rf0433 8.461080 0.158230 0.329640
rf0434 8.157810 0.217560 0.000000
rf0436 8.058920 0.263710 0.204380
rf0439 7.458970 0.593360 0.000000
rf0441 7.755650 0.336230 0.652700
rf0443 7.458970 0.646100 0.000000
rf0448 8.414930 0.052740 0.560390
rf0450 8.718200 0.085710 0.000000
rf0452 8.296260 0.178010 0.250520
rf0453 8.058920 0.309860 0.000000
rf0454 8.058920 0.184600 0.250530
rf0455 8.935770 0.006590 0.000000
rf0456 8.065510 0.316460 0.171410
rf0459 7.762240 0.323050 0.000000
rf0460 8.764350 0.092300 0.145040
rf0461 8.362190 0.118670 0.000000
rf0462 8.052330 0.224150 0.019780
rf0463 8.770950 0.112070 0.000000
rf0464 8.058920 0.171410 0.316460
rf0465 8.171000 0.270300 0.000000
rf0466 8.566570 0.065930 0.164820
rf0467 8.058920 0.283490 0.000000
rf0471 8.375370 0.125270 0.487870
rf0473 8.672050 0.052750 0.000000
rf0474 7.973210 0.184600 0.349420
rf0476 8.058920 0.224150 0.000000
rf0477 8.012770 0.178010 0.336230
rf0478 8.454490 0.145040 0.000000
rf0479 7.966620 0.224160 0.151640
rf0480 7.458970 0.837290 0.000000
rf0482 8.019360 0.210970 0.336230
rf0485 8.058920 0.204380 0.000000
rf0487 8.058920 0.237340 0.481270
rf0488 8.606120 0.052750 0.000000
rf0496 7.828170 0.309860 0.441720
rf0497 8.058920 0.290080 0.000000
rf0498 7.643570 0.560390 0.191190
rf0499 8.058920 0.210970 0.000000
rf0500 8.803910 0.065930 0.408760
rf0503 8.105070 0.158230 0.000000
rf0505 8.058920 0.276900 0.329640
rf0507 8.559970 0.059340 0.000000
rf0510 8.830280 0.059340 0.415350
rf0511 8.058920 0.204380 0.000000
rf0513 8.810500 0.072520 -0.112080
rf0518 7.755650 0.388980 0.000000
rf0524 7.689720 0.593350 0.369200
rf0545 7.458970 0.969150 0.000000
rf0583 7.458970 0.725210 0.224160
rf0591 8.461080 0.125270 0.000000
rf0607 7.636980 0.435120 0.323050
rf0622 7.821580 0.369200 0.000000
rf0630 7.801800 0.296680 0.329640
rf0632 8.058920 0.375790 0.000000
rf0642 7.801800 0.290080 0.487870
rf0644 8.362190 0.145040 0.000000
rf0663 7.696310 0.375790 0.408760
rf0684 8.863240 0.046150 0.000000
rf0693 7.814980 0.336240 0.362600
rf0695 8.019360 0.191190 0.000000
rf0701 7.755650 0.593350 0.369200
rf0707 8.612720 0.046150 0.000000
rf0713 8.058920 0.296680 0.072530
rf0730 8.678650 0.046150 0.000000
rf0739 8.058920 0.210970 0.204380
rf0745 8.025950 0.184600 0.000000
rf0783 7.458970 0.593360 0.184600
rf0795 8.461080 0.105490 0.000000
rs0001 8.269890 0.112080 0.388980
rs0002 8.461080 0.079120 0.000000
rs0003 8.454490 0.085710 0.184590
rs0010 8.052330 0.158220 0.000000
rs0011 8.058920 0.237340 0.243940
rs0012 8.461080 0.112080 0.000000
rs0013 8.461080 0.072520 0.388980
rs0017 8.757760 0.085710 0.000000
rs0019 8.836870 0.059340 0.243940
rs0020 7.458970 0.639510 0.000000
rs0023 8.863240 0.039560 0.639500
rs0030 8.487450 0.105490 0.000000
rs0035 8.019360 0.171420 0.388980
rs0038 8.711610 0.072520 0.000000
rs0039 7.821580 0.323050 0.362610
rs0041 8.342410 0.105490 0.000000
rs0042 8.711610 0.039560 0.178000
rs0045 8.461080 0.112080 0.000000
rs0046 8.856650 0.046150 0.309860
rs0047 7.584230 0.639510 0.000000
rs0048 8.764350 0.098890 0.375790
rs0050 8.757760 0.098890 0.000000
rs0051 8.685240 0.059330 0.171420
rs0052 8.685240 0.046150 0.000000
rs0054 8.058920 0.243930 0.448310
rs0062 8.058920 0.197780 0.000000
rs0063 8.111660 0.131860 0.316460
rs0064 8.757760 0.085710 0.000000
rs0065 8.058920 0.237340 0.296680
rs0068 8.065510 0.342830 0.000000
rs0070 7.762240 0.402160 0.191190
rs0077 8.935770 0.046150 0.000000
rs0081 7.854540 0.342830 0.356010
rs0082 8.058920 0.276900 0.000000
rs0083 8.072100 0.270310 0.388970
rs0084 8.461080 0.079120 0.000000
rs0085 8.461080 0.085710 0.408760
rs0087 8.718200 0.059340 0.000000
rs0088 8.124850 0.250520 0.375790
rs0089 8.823690 0.059330 0.000000
rs0090 7.775430 0.316450 0.375800
rs0092 8.368780 0.112080 0.000000
rs0093 8.922580 0.013190 0.342830
rs0094 8.520420 0.085700 0.000000
rs0095 7.458970 0.527430 0.349420
rs0096 8.817090 0.065930 0.000000
rs0097 8.058920 0.171410 0.164820
rs0098 8.678650 0.039550 0.000000
rs0099 8.058920 0.474680 -0.072520
rs0103 8.711610 0.092300 0.000000
rs0104 8.797320 0.072520 0.158230
rs0105 7.458970 0.606540 0.000000
rs0106 7.755650 0.507650 0.395570
rs0111 7.498530 0.593350 0.000000
rs0113 8.909390 0.019780 0.164820
rs0118 8.447900 0.072520 0.000000
rs0120 8.566570 0.072520 0.323050
rs0121 8.830280 0.059340 0.000000
rs0122 8.085290 0.257120 0.191200
rs0123 8.843470 0.046150 0.000000
rs0124 7.458970 0.547210 0.125270
rs0126 8.658870 0.065930 0.000000
rs0127 8.467670 0.118680 0.349420
rs0128 8.764350 0.105490 0.000000
rs0129 8.935770 0.052740 0.270310
rs0130 8.058920 0.184600 0.000000
rs0132 8.039140 0.369200 0.342830
rs0133 8.770950 0.079110 0.000000
rs0134 8.764350 0.079120 0.356010
rs0135 8.586350 0.092300 0.000000
rs0137 8.447900 0.059330 0.342830
rs0138 8.058920 0.191190 0.000000
rs0140 7.669940 0.342830 0.316460
rs0141 8.058920 0.290080 0.000000
rs0143 8.883020 0.032970 0.388970
rs0145 8.757760 0.072520 0.000000
rs0146 8.322630 0.105490 0.336230
rs0147 8.447900 0.065920 0.000000
rs0148 8.902800 0.032970 -0.065930
rs0149 8.461080 0.098890 0.000000
rs0150 7.584230 0.540620 0.382390
rs0153 8.652270 0.131860 0.000000
rs0154 8.065510 0.349420 0.349420
rs0156 8.606120 0.059340 0.000000
rs0158 8.058920 0.382380 0.428540
rs0163 8.711610 0.052740 0.000000
rs0165 8.395150 0.085710 0.342830
rs0166 8.625900 0.059340 0.000000
rs0167 8.065510 0.230750 0.349420
rs0168 8.052330 0.164820 0.000000
rs0170 8.065510 0.276900 0.428540
rs0171 8.309450 0.138450 0.000000
rs0172 8.454490 0.039560 0.283490
rs0174 8.058920 0.210970 0.000000
rs0175 8.513820 0.085710 0.553800
rs0178 8.124850 0.158220 0.000000
rs0179 8.461080 0.112080 0.217560
rs0180 8.428120 0.085700 0.000000
rs0182 8.737980 0.059340 0.540620
rs0183 8.810500 0.065930 0.000000
rs0184 8.058920 0.257120 0.191200
rs0185 8.586350 0.125260 0.000000
rs0188 8.876430 0.039560 0.441720
rs0189 8.764350 0.085710 0.000000
rs0192 8.131440 0.178010 0.382380
rs0193 8.698420 0.052750 0.000000
rs0195 8.836870 0.059340 0.138450
rs0200 7.650160 0.230750 0.000000
rs0201 8.935770 0.059330 0.197790
rs0203 8.935770 0.026370 0.000000
rs0206 8.909390 0.019780 0.158230
rs0209 8.724800 0.079110 0.000000
rs0210 8.058920 0.309860 0.217570
rs0211 8.935770 0.032960 0.000000
rs0212 8.065510 0.369200 0.448310
rs0215 7.755650 0.415350 0.000000
rs0218 8.058920 0.290080 0.171410
rs0220 8.052330 0.158220 0.000000
rs0221 8.737980 0.065930 0.026370
rs0224 8.737980 0.046150 0.000000
rs0225 8.757760 0.059330 0.290080
rs0226 8.335820 0.098890 0.000000
rs0227 8.863240 0.046150 0.408750
rs0228 8.065510 0.250530 0.000000
rs0231 8.434710 0.065930 0.553800
rs0236 8.058920 0.257120 0.000000
rs0237 8.869840 0.039550 0.342830
rs0240 9.047840 0.000000 0.000000
rs0241 8.434710 0.072520 0.191190
rs0242 8.573160 0.046150 0.000000
rs0243 8.757760 0.072520 0.336240
rs0246 8.164400 0.151640 0.000000
rs0247 7.841350 0.263720 0.336240
rs0250 8.817090 0.065930 0.000000
rs0251 8.058920 0.296680 0.441720
rs0255 8.375370 0.112080 0.000000
rs0256 8.362190 0.098890 -0.098890
rs0257 8.058920 0.283490 0.000000
rs0259 8.579750 0.065930 0.402160
rs0260 8.935770 0.019770 0.000000
rs0262 8.065510 0.204380 0.342830
rs0263 8.757760 0.092300 0.000000
rs0264 7.709500 0.336230 0.356010
rs0267 8.751170 0.065920 0.000000
rs0268 8.751170 0.065920 0.191190
rs0269 8.388560 0.118670 0.000000
rs0270 8.764350 0.118670 0.435130
rs0273 8.065510 0.290090 0.000000
rs0274 8.388560 0.092300 0.606540
rs0275 8.171000 0.210970 0.000000
rs0276 8.461080 0.079120 0.342830
rs0277 8.019360 0.197790 0.000000
rs0280 8.797320 0.092300 0.408760
rs0282 8.645680 0.059340 0.000000
rs0283 8.098480 0.250520 -0.092300
rs0284 8.203960 0.158230 0.000000
rs0288 8.935770 0.006590 0.184600
rs0289 8.461080 0.065930 0.000000
rs0290 8.065510 0.316460 -0.105490
rs0297 8.058920 0.171410 0.000000
rs0303 7.775430 0.534020 0.593350
rs0306 8.731390 0.059330 0.000000
rs0308 8.876430 0.032960 0.191190
rs0313 8.869840 0.039550 0.000000
rs0314 8.639090 0.059330 0.428530
rs0316 8.757760 0.065930 0.000000
rs0318 7.801800 0.283490 0.369200
rs0320 8.724800 0.065920 0.000000
rs0323 8.388560 0.065930 0.421940
rs0325 7.458970 0.487870 0.000000
rs0328 8.065510 0.369200 0.224160
rs0330 8.058920 0.534020 0.000000
rs0331 8.454490 0.059330 0.342830
rs0334 8.579750 0.059340 0.000000
rs0336 8.533600 0.079120 0.184600
rs0337 8.566570 0.065930 0.000000
rs0339 8.935770 0.006590 0.158230
rs0340 8.566570 0.072520 0.000000
rs0341 8.065510 0.250530 0.349420
rs0343 8.362190 0.125260 0.000000
rs0344 8.177590 0.191190 0.421950
rs0345 7.465560 0.606540 0.000000
rs0349 7.762240 0.329640 0.158230
rs0350 8.579750 0.065930 0.000000
rs0354 8.177590 0.184600 0.342830
rs0358 8.691830 0.046150 0.000000
rs0363 8.072100 0.276900 0.342830
rs0364 7.498530 0.586760 0.000000
rs0365 8.058920 0.217560 0.468090
rs0367 8.058920 0.178010 0.000000
rs0371 8.757760 0.079110 0.369200
rs0372 8.111660 0.250530 0.000000
rs0373 8.507230 0.092300 0.560390
rs0374 8.058920 0.283490 0.000000
rs0376 8.612720 0.079110 0.580170
rs0377 8.672050 0.039560 0.000000
rs0380 8.454490 0.092300 0.342830
rs0384 8.329220 0.112080 0.000000
rs0386 8.349000 0.105490 0.408760
rs0389 8.065510 0.243940 0.000000
rs0391 8.698420 0.039560 0.375790
rs0392 8.250110 0.085710 0.000000
rs0393 8.065510 0.257120 0.698840
rs0394 7.814980 0.283500 0.000000
rs0401 8.751170 0.072520 0.349420
rs0408 8.434710 0.092300 0.000000
rs0409 8.691830 0.059340 -0.138450
rs0410 7.979800 0.243940 0.000000
rs0411 8.065510 0.224160 0.349420
rs0416 7.755650 0.356010 0.000000
rs0417 7.458970 0.408760 0.382390
rs0418 8.045730 0.171420 0.000000
rs0419 8.645680 0.065930 0.395570
rs0420 8.698420 0.059340 0.000000
rs0421 7.478750 0.547200 0.362600
rs0422 7.841350 0.290090 0.000000
rs0423 7.762240 0.586760 0.230750
rs0424 8.203960 0.164820 0.000000
rs0425 8.553380 0.065930 0.402160
rs0427 8.058920 0.237340 0.000000
rs0428 8.461080 0.098890 0.065930
rs0429 8.012770 0.184600 0.000000
rs0430 7.597420 0.507650 0.382390
rs0432 7.933650 0.171420 0.000000
rs0433 8.698420 0.046150 0.217560
rs0435 8.058920 0.382380 0.000000
rs0437 8.335820 0.085700 0.336240
rs0442 8.058920 0.243930 0.000000
rs0444 8.065510 0.224160 0.395570
rs0449 8.705020 0.065930 0.000000
rs0452 8.711610 0.059340 0.619720
rs0453 8.935770 0.052740 0.000000
rs0454 8.124850 0.336230 0.164820
rs0456 8.441300 0.052750 0.000000
rs0458 8.810500 0.072520 0.421940
rs0460 8.058920 0.204380 0.000000
rs0463 8.527010 0.092300 0.204380
rs0467 8.058920 0.250530 0.000000
rs0468 8.658870 0.046150 0.171420
rs0469 7.960030 0.217560 0.000000
rs0470 7.636980 0.560390 0.092300
rs0472 7.458970 0.553800 0.000000
rs0473 8.025950 0.184600 -0.131860
rs0476 8.757760 0.085710 0.000000
rs0477 8.263300 0.098890 -0.105490
rs0480 8.065510 0.369200 0.000000
rs0485 8.012770 0.178010 0.540610
rs0492 7.458970 0.593360 0.000000
rs0493 8.335820 0.125260 0.072520
rs0494 8.658870 0.105480 0.000000
rs0495 8.058920 0.191190 0.217570
rs0496 8.678650 0.059330 0.000000
rs0505 8.935770 0.006590 0.217570
rs0508 8.058920 0.237340 0.000000
rs0512 8.685240 0.052740 0.415350
rs0516 8.362190 0.092300 0.000000
rs0517 8.935770 0.039550 0.217570
rs0519 8.586350 0.065920 0.000000
rs0520 8.098480 0.250520 0.547210
rs0521 8.480860 0.112080 0.000000
rs0522 8.652270 0.065930 0.131850
rs0524 8.461080 0.105490 0.000000
rs0526 8.362190 0.098890 0.224150
rs0528 8.935770 0.026370 0.000000
rs0529 8.362190 0.092300 0.217560
rs0531 8.935770 0.065920 0.000000
rs0532 8.592940 0.059330 0.402160
rs0534 8.461080 0.105490 0.000000
rs0536 8.197370 0.171410 0.145040
rs0538 8.559970 0.065930 0.000000
rs0541 8.922580 0.013190 0.507650
rs0542 8.606120 0.125270 0.000000
rs0543 8.421520 0.118680 0.421940
rs0545 7.458970 0.547210 0.000000
rs0546 8.144630 0.171410 0.494470
rs0548 8.263300 0.158220 0.000000
rs0549 8.368780 0.085710 0.448310
rs0553 8.065510 0.276900 0.000000
rs0554 8.922580 0.013190 0.375790
rs0555 8.672050 0.046150 0.000000
rs0556 7.768830 0.296680 -0.085710
rs0559 8.375370 0.105490 0.000000
rs0560 8.711610 0.052740 0.375790
rs0562 7.538080 1.035080 0.000000
rs0564 8.058920 0.204380 0.362610
rs0566 8.283070 0.138450 0.000000
rs0568 8.058920 0.303270 0.514240
rs0571 7.735870 0.382380 0.000000
rs0572 8.764350 0.112080 0.336240
rs0573 8.058920 0.184600 0.000000
rs0574 8.883020 0.032970 0.402170
rs0578 8.744570 0.085710 0.000000
rs0579 8.856650 0.039560 0.395570
rs0585 8.058920 0.296680 0.000000
rs0586 8.058920 0.171410 0.362600
rs0588 8.658870 0.013180 0.000000
rs0591 8.909390 0.026380 0.553800
rs0598 8.724800 0.085700 0.000000
rs0599 8.678650 0.092300 0.184600
rs0602 8.678650 0.039550 0.000000
rs0609 8.474270 0.105480 0.210970
rs0615 8.744570 0.059340 0.000000
rs0616 8.599530 0.131860 -0.105490
rs0617 9.061030 -0.013190 0.000000
rs0618 8.078700 0.323050 0.250520
rs0620 8.454490 0.059330 0.000000
rs0623 7.762240 0.435130 0.316450
rs0626 7.458970 0.487870 0.000000
rs0627 8.711610 0.065930 0.356010
rs0630 8.368780 0.191190 0.000000
rs0637 8.731390 0.072520 0.514240
rs0638 8.764350 0.118670 0.000000
rs0640 8.461080 0.098890 0.224160
rs0641 8.566570 0.112080 0.000000
rs0644 8.065510 0.309860 0.527430
rs0645 8.645680 0.072520 0.000000
rs0656 8.461080 0.079120 0.421940
rs0660 8.935770 0.019770 0.000000
rs0667 8.678650 0.059330 0.494460
rs0670 8.935770 0.026370 0.000000
rs0671 8.058920 0.250530 0.184600
rs0677 8.513820 0.158230 0.000000
rs0679 8.751170 0.052740 0.000000
rs0691 8.935770 0.019770 0.000000
rs0696 8.850060 0.065930 0.210970
rs0703 8.896210 0.026370 0.000000
rs0708 8.850060 0.052740 0.191190
rs0710 8.461080 0.125270 0.000000
rs0713 7.458970 0.507650 0.270310
rs0720 8.289670 0.125260 0.000000
rs0722 8.065510 0.316460 0.382390
rs0724 8.843470 0.059330 0.000000
rs0726 8.058920 0.250530 0.369200
rs0727 8.559970 0.105490 0.000000
rs0731 8.533600 0.098900 0.362610
rs0733 8.764350 0.105490 0.000000
rs0734 8.612720 0.059330 0.329640
rs0738 8.652270 0.046150 0.000000
rs0740 8.151220 0.329640 0.184600
rs0741 8.817090 0.065930 0.000000
rs0743 7.986400 0.230750 0.388980
rs0744 8.586350 0.079110 0.000000
rs0746 8.395150 0.125270 0.369200
rs0747 8.757760 0.072520 0.000000
rs0751 8.935770 0.039550 0.171410
rs0752 8.461080 0.145040 0.000000
rs0754 8.711610 0.065930 0.158230
rs0756 8.058920 0.217560 0.000000
rs0758 8.744570 0.072520 0.243930
rs0763 8.658870 0.046150 0.000000
rs0766 8.461080 0.105490 0.382390
rs0767 7.755650 0.599950 0.000000
rs0768 8.553380 0.059340 0.329640
rs0769 8.058920 0.336230 0.000000
rs0774 8.058920 0.204380 0.527430
rs0775 7.478750 0.593350 0.000000
rs0777 7.847950 0.270300 0.540610
rs0778 8.058920 0.230750 0.000000
rs0779 8.751170 0.072520 0.257120
rs0781 8.764350 0.079120 0.000000
rs0782 7.986400 0.184600 0.329650
rs0786 8.058920 0.224150 0.000000
rs0788 8.263300 0.131850 0.204380
rs0790 8.058920 0.210970 0.000000
rs0793 8.461080 0.092300 0.191200
rs0794 8.685240 0.052740 0.000000
rs0797 8.757760 0.072520 0.494460
rs0799 7.669940 0.441720 0.000000
rs0800 8.335820 0.118670 0.230750
rs0802 8.058920 0.290080 0.000000
rs0804 8.058920 0.158230 0.435130
rs0805 7.458970 0.501060 0.000000
rs0806 8.698420 0.046150 -0.072520
rs0809 8.922580 0.013190 0.000000
rs0810 8.058920 0.283490 0.178000
rs0811 8.718200 0.046150 0.000000
rs0812 8.935770 0.006590 0.362610
rs0815 8.058920 0.178010 0.000000
rs0818 8.058920 0.210970 0.415350
rs0823 8.935770 0.013180 0.000000
rs0828 8.454490 0.105480 0.395570
rs0831 8.922580 0.013190 0.000000
rs0832 8.269890 0.138450 0.296680
rs0833 8.724800 0.072520 0.000000
rs0834 8.461080 0.098890 0.171420
rs0836 8.711610 0.098890 0.000000
rs0838 8.751170 0.079110 -0.092300
rs0839 8.935770 0.019770 0.000000
rs0840 8.362190 0.098890 0.158230
rs0842 7.801800 0.309860 0.000000
rs0843 8.619310 0.092300 -0.059330
rs0845 8.737980 0.059340 0.000000
rs0846 8.698420 0.059340 0.184590
rs0847 8.764350 0.079120 0.000000
rs0850 8.935770 0.006590 0.553800
rs0853 8.705020 0.032960 0.000000
rs0854 8.184180 0.191190 0.382390
rs0855 8.915990 0.013180 0.000000
rs0856 8.935770 0.065920 0.224160
rs0860 8.876430 0.032960 0.000000
rs0865 8.935770 0.019770 0.323050
rs0866 8.540200 0.112070 0.000000
rs0868 8.691830 0.039560 0.217570
rs0869 8.375370 0.092300 0.000000
rs0871 8.513820 0.138450 -0.079110
rs0872 8.058920 0.230750 0.000000
rs0880 8.540200 0.085700 0.257120
rs0887 8.533600 0.092300 0.000000
rs0891 8.764350 0.085710 0.303270
rs0892 8.843470 0.006590 0.000000
rs0893 8.058920 0.191190 0.164820
rs0897 8.461080 0.079120 0.000000
rs0899 7.577640 0.547210 0.131860
rs0900 8.177590 0.158230 0.000000
rs0901 8.058920 0.329640 0.428540
rs0906 8.058920 0.197780 0.000000
rs0907 8.461080 0.092300 0.395570
rs0909 8.058920 0.217560 0.000000
rs0916 8.289670 0.118670 0.184600
rs0919 8.058920 0.210970 0.000000
rs0920 8.065510 0.336240 0.164820
rs0921 8.764350 0.112080 0.000000
rs0922 8.461080 0.125270 0.323050
rs0923 7.663350 0.599950 0.000000
rs0927 8.546790 0.065930 0.441720
rs0930 7.762240 0.369200 0.000000
rs0932 7.795200 0.382390 0.402160
rs0933 7.795200 0.362610 0.000000
rs0934 8.461080 0.112080 0.112080
rs0935 8.461080 0.112080 0.000000
rs0944 8.144630 0.283490 0.382390
rs0945 8.461080 0.131860 0.000000
rs0946 8.375370 0.138450 0.184600
rs0948 8.566570 0.098890 0.000000
rs0950 8.375370 0.112080 0.197790
rs0953 8.836870 0.059340 0.000000
rs0957 7.966620 0.197780 0.349420
rs0958 8.803910 0.072520 0.000000
rs0959 7.597420 0.534020 0.421950
rs0960 7.458970 0.626320 0.000000
rs0962 8.691830 0.052740 0.151630
rs0967 8.507230 0.092300 0.000000
rs0968 8.058920 0.204380 0.619730
rs0970 8.757760 0.072520 0.000000
rs0976 7.722680 0.369200 0.013180
rs0977 7.458970 0.454910 0.000000
rs0979 8.058920 0.415350 0.270300
rs0980 8.751170 0.072520 0.000000
rs0981 8.058920 0.191190 0.316460
rs0982 7.458970 0.586760 0.000000
rs0983 8.184180 0.164820 0.369190
rs0984 8.461080 0.105490 0.000000
rs0985 8.309450 0.131850 0.408760
rs0986 7.755650 0.474680 0.000000
rs0989 8.619310 0.072520 0.250530
rs0991 8.803910 0.072520 0.000000
rs0995 8.711610 0.052740 0.481270
rs0996 8.058920 0.210970 0.000000
rs0997 8.619310 0.052740 0.270300
rs0999 8.058920 0.375790 0.000000
rs1001 8.441300 0.085710 0.329640
rs1002 8.744570 0.052750 0.000000
rs1003 8.177590 0.204380 0.382390
rs1010 8.935770 0.039550 0.000000
rs1014 7.887500 0.237350 0.329640
rs1016 8.935770 0.019770 0.000000
rs1017 7.986400 0.204380 0.474690
rs1020 7.755650 0.428530 0.000000
rs1021 8.058920 0.217560 0.613140
rs1028 8.474270 0.105480 0.000000
rs1029 8.124850 0.276900 0.395570
rs1030 7.610610 0.494460 0.000000
rs1031 8.414930 0.098890 0.250520
rs1032 8.065510 0.250530 0.000000
rs1034 8.157810 0.237340 0.336240
rs1035 8.203960 0.145040 0.000000
rs1038 7.491930 0.573580 0.501050
rs1040 7.795200 0.441730 0.000000
rs1041 7.458970 0.448310 0.454910
rs1043 7.880910 0.243940 0.000000
rs1045 8.289670 0.151630 0.415350
rs1047 8.019360 0.184600 0.000000
rs1048 8.863240 0.039560 0.151630
rs1049 8.527010 0.125260 0.000000
rs1050 7.762240 0.375790 0.415350
rs1052 8.467670 0.125270 0.000000
rs1053 8.197370 0.131850 0.336240
rs1054 8.058920 0.217560 0.000000
rs1055 8.058920 0.224150 0.171410
rs1057 8.935770 0.032960 0.000000
rs1058 8.559970 0.158230 0.197780
rs1059 8.487450 0.145050 0.000000
rs1060 7.782020 0.270310 0.342830
rs1062 8.869840 0.039550 0.000000
rs1065 8.454490 0.052740 0.402160
rs1068 8.691830 0.072520 0.000000
rs1070 8.428120 0.098890 0.230750
rs1072 8.447900 0.039550 0.000000
rs1073 7.458970 0.534020 0.112080
rs1074 8.144630 0.210970 0.000000
rs1076 8.665460 0.059340 0.112080
rs1077 7.788610 0.421940 0.000000
rs1078 8.058920 0.349420 0.171420
rs1079 8.757760 0.092300 0.000000
rs1080 8.678650 0.065920 0.191190
rs1081 8.381970 0.079110 0.000000
rs1082 8.757760 0.072520 0.158230
rs1083 8.678650 0.065920 0.000000
rs1084 8.461080 0.079120 0.356010
rs1087 8.632500 0.039550 0.000000
rs1091 8.731390 0.072520 0.164820
rs1098 8.118250 0.230750 0.000000
rs1100 8.678650 0.052740 0.342830
rs1102 9.001690 0.019780 0.000000
rs1103 8.256700 0.105490 0.171420
rs1104 8.058920 0.316450 0.000000
rs1105 7.617200 0.435130 0.362610
rs1108 7.992990 0.257120 0.000000
rs1109 8.876430 0.032960 0.382390
rs1110 8.691830 0.046150 0.000000
rs1113 7.755650 0.435130 0.243930
rs1114 8.836870 0.059340 0.000000
rs1117 8.065510 0.283490 0.342830
rs1118 8.665460 0.052740 0.000000
rs1119 8.065510 0.441720 0.270310
rs1120 8.935770 0.039550 0.000000
rs1121 8.935770 0.019770 0.382390
rs1122 8.856650 0.046150 0.000000
rs1124 8.078700 0.388970 0.217560
rs1125 8.474270 0.112080 0.000000
rs1126 8.065510 0.276900 0.329640
rs1128 8.203960 0.138450 0.000000
rs1131 8.935770 0.026370 0.481280
rs1132 7.755650 0.369200 0.000000
rs1135 8.058920 0.283490 0.415350
rs1137 8.586350 0.059330 0.000000
rs1142 8.065510 0.395570 0.158230
rs1143 7.749050 0.382390 0.000000
rs1145 8.461080 0.112080 0.158220
rs1146 8.935770 0.006590 0.000000
rs1147 8.058920 0.283490 0.435130
rs1149 8.058920 0.290080 0.000000
rs1151 8.461080 0.164820 0.540610
rs1154 8.606120 0.059340 0.000000
rs1156 8.065510 0.276900 0.158230
rs1157 8.065510 0.290090 0.000000
rs1159 8.058920 0.237340 0.329640
rs1163 8.461080 0.112080 0.000000
rs1164 7.458970 0.553800 0.243930
rs1165 7.887500 0.290090 0.000000
rs1166 7.458970 0.527430 0.224150
rs1169 8.606120 0.059340 0.000000
rs1170 8.461080 0.125270 0.428540
rs1171 8.711610 0.046150 0.000000
rs1172 7.696310 0.369200 0.369190
rs1174 8.447900 0.131850 0.000000
rs1176 7.458970 0.527430 0.342830
rs1178 8.606120 0.065930 0.000000
rs1179 8.461080 0.105490 0.375790
rs1182 8.606120 0.052750 0.000000
rs1183 8.711610 0.072520 0.191190
rs1184 8.118250 0.257120 0.000000
rs1185 8.757760 0.059330 0.210970
rs1187 8.421520 0.092300 0.000000
rs1188 7.992990 0.184600 0.349420
rs1191 8.658870 0.059330 0.000000
rs1192 7.538080 0.632920 0.197790
rs1193 7.716090 0.362610 0.000000
rs1195 8.025950 0.184600 0.145040
rs1198 8.428120 0.098890 0.000000
rs1200 7.986400 0.197780 0.191200
rs1202 7.762240 0.487870 0.000000
rs1205 8.718200 0.065930 0.191200
rs1206 8.856650 0.059340 0.000000
rs1207 8.718200 0.059340 0.375790
rs1208 8.058920 0.336230 0.000000
rs1209 8.461080 0.098890 0.210970
rs1210 8.757760 0.072520 0.000000
rs1211 8.744570 0.085710 0.342830
rs1212 8.454490 0.039560 0.000000
rs1213 8.876430 0.039560 0.441720
rs1217 8.915990 0.019780 0.000000
rs1220 8.757760 0.072520 0.356020
rs1229 8.935770 0.026370 0.000000
rs1236 8.058920 0.164820 0.501050
rs1238 8.639090 0.072520 0.000000
rs1245 7.762240 0.527430 0.402160
rs1248 8.764350 0.072520 0.000000
rs1257 8.052330 0.164820 0.184600
rs1258 8.691830 0.052740 0.000000
rs1259 8.296260 0.092300 0.184600
rs1260 8.058920 0.250530 0.000000
rs1261 8.335820 0.112080 0.342830
rs1262 8.065510 0.316460 0.000000
rs1263 7.458970 0.560390 0.375790
rs1264 8.058920 0.191190 0.000000
rs1265 8.698420 0.059340 0.263720
rs1266 8.507230 0.105490 0.000000
rs1267 8.935770 0.059330 0.560390
rs1269 7.458970 0.988930 0.000000
rs1270 8.434710 0.098890 0.323050
rs1276 8.072100 0.224160 0.000000
rs1278 8.764350 0.085710 0.415350
rs1280 7.913880 0.237340 0.000000
rs1281 8.058920 0.210970 0.164820
rs1283 7.458970 0.566980 0.000000
rs1284 7.999580 0.171420 0.257120
rs1285 8.072100 0.276900 0.000000
rs1286 8.705020 0.059330 0.237340
rs1289 8.058920 0.178010 0.000000
rs1290 8.058920 0.191190 0.204380
rs1291 8.335820 0.105480 0.000000
rs1292 8.065510 0.369200 0.461500
rs1293 8.606120 0.052750 0.000000
rs1294 8.639090 0.059330 0.197790
rs1295 7.511710 0.619730 0.000000
rs1296 7.689720 0.356010 0.217570
rs1297 8.058920 0.210970 0.000000
rs1298 7.636980 0.461500 0.171420
rs1299 7.847950 0.336230 0.000000
rs1301 8.883020 0.039560 0.481280
rs1302 7.458970 0.665880 0.000000
rs1303 8.757760 0.032960 -0.072520
rs1304 8.058920 0.184600 0.000000
rs1310 8.461080 0.072520 0.356010
rs1337 8.737980 0.039560 0.000000
rs1359 8.118250 0.191200 0.362610
rs1368 8.606120 0.105490 0.000000
rs1437 8.883020 0.032970 0.547210
rs1518 8.843470 0.059330 0.000000
