rf0002 -0.272550 0.105490 0.000000
rf0003 0.129620 0.026370 0.329650
rf0007 -0.114320 0.158230 0.000000
rf0010 -0.523070 0.151630 0.065930
rf0011 -0.325290 0.145040 0.000000
rf0013 -0.180250 0.026370 0.039550
rf0015 0.221920 0.026370 0.000000
rf0016 -0.120910 0.085710 0.052740
rf0022 -0.259360 0.052740 0.000000
rf0024 -0.081350 0.092300 0.210980
rf0029 -0.437370 0.151640 0.000000
rf0030 -0.279140 0.263710 0.065930
rf0031 0.169170 0.039560 0.000000
rf0032 -0.272550 0.217570 0.079110
rf0033 -0.523070 0.171410 0.000000
rf0040 0.202140 0.026370 0.210970
rf0042 -0.608780 0.243930 0.000000
rf0043 0.281250 0.000000 0.171410
rf0048 -0.509890 0.158230 0.000000
rf0049 -0.536260 0.184600 0.072520
rf0053 -0.562630 0.138450 0.000000
rf0055 0.004350 0.178010 0.171410
rf0058 -0.391220 0.197790 0.000000
rf0060 -0.476930 0.151640 0.065920
rf0061 -0.298920 0.204380 0.000000
rf0062 -0.180250 0.105490 0.092300
rf0064 -0.654930 0.164820 0.000000
rf0065 -0.490110 0.145040 0.065930
rf0071 0.241690 0.019780 0.000000
rf0072 -0.747230 0.191190 0.065930
rf0073 -0.496700 0.178000 0.000000
rf0074 -0.147280 0.204370 0.098900
rf0084 -0.424180 0.303270 0.000000
rf0092 0.248290 0.026370 0.125270
rf0099 -0.476930 0.164830 0.000000
rf0102 -0.536260 0.243930 0.072520
rf0109 -0.345070 0.230750 0.000000
rf0113 -0.054980 0.125260 0.098900
rf0117 -0.351660 0.151630 0.000000
rf0118 -0.556040 0.217560 0.072520
rf0122 -0.569220 0.197780 0.000000
rf0125 0.109840 0.052740 0.290090
rf0126 0.294440 0.000000 0.000000
rf0127 -0.305510 0.052740 0.052740
rf0128 -0.305510 0.171410 0.000000
rf0129 -0.338480 0.184600 0.079110
rf0132 -0.213210 0.092300 0.000000
rf0133 -0.028610 0.171410 0.164820
rf0134 -0.351660 0.395570 0.000000
rf0138 -0.081350 0.039550 0.039560
rf0148 0.037320 0.125260 0.000000
rf0150 0.228510 0.026370 0.230750
rf0156 0.175770 0.026370 0.000000
rf0158 -0.061580 0.164820 0.125260
rf0164 0.202140 0.026370 0.000000
rf0166 -0.028610 0.046150 0.059340
rf0167 0.254880 0.013190 0.000000
rf0169 -0.509890 0.158230 0.059330
rf0171 0.301030 inf 0.000000
rf0173 0.301030 -0.013190 0.323050
rf0175 -0.437370 0.224160 0.000000
rf0176 0.109840 -0.006600 0.560390
rf0180 -0.443960 0.257120 0.000000
rf0190 -0.298920 0.079120 0.059330
rf0192 -0.397810 0.112080 0.000000
rf0193 0.109840 0.098890 0.237340
rf0201 -0.595600 0.197790 0.000000
rf0204 -0.536260 0.171410 0.072520
rf0205 0.142800 0.059340 0.000000
rf0206 0.037320 0.065920 0.243940
rf0221 0.004350 0.158230 0.000000
rf0223 0.116430 0.039560 0.290080
rf0227 -0.430780 0.204380 0.000000
rf0234 0.083470 0.046150 0.375800
rf0237 0.083470 0.039550 0.000000
rf0238 -0.457150 0.164820 0.085700
rf0241 -0.740640 0.230750 0.000000
rf0242 -0.114320 0.210970 0.112080
rf0244 0.057090 0.131860 0.000000
rf0248 -0.153880 0.013190 0.032960
rf0249 0.228510 0.026370 0.000000
rf0250 -0.641750 0.191200 0.065920
rf0251 -0.417590 0.237340 0.000000
rf0253 -0.061580 0.158230 0.098890
rf0256 0.083470 0.052740 0.000000
rf0258 -0.298920 0.243940 0.072520
rf0259 -0.384630 0.171420 0.000000
rf0263 -0.483520 0.217570 0.059330
rf0264 0.096650 0.052740 0.000000
rf0267 -0.437370 0.210970 0.052740
rf0268 -0.457150 0.191200 0.000000
rf0271 0.004350 0.171420 0.098890
rf0277 -0.022020 0.131860 0.000000
rf0283 0.142800 0.039560 0.210970
rf0284 -0.589000 0.164820 0.000000
rf0286 0.004350 0.178010 0.164820
rf0287 -0.094540 0.125260 0.000000
rf0292 0.116430 0.032960 0.316460
rf0294 0.228510 0.026370 0.000000
rf0295 -0.087950 0.105490 0.072520
rf0298 -0.411000 0.164820 0.000000
rf0299 -0.483520 0.191190 0.072520
rf0300 -0.430780 0.145050 0.000000
rf0303 -0.457150 0.210970 0.065920
rf0305 -0.404400 0.164820 0.000000
rf0306 -0.556040 0.125260 0.085710
rf0309 -0.140690 0.079110 0.000000
rf0314 -0.602190 0.197790 0.052740
rf0315 0.004350 0.158230 0.000000
rf0316 0.043910 0.013180 0.395570
rf0318 -0.674710 0.250530 0.000000
rf0319 -0.002240 0.151630 0.092300
rf0324 -0.153880 0.013190 0.000000
rf0325 -0.048390 0.105480 0.098890
rf0327 0.175770 0.059330 0.000000
rf0329 0.096650 0.052740 0.191190
rf0331 -0.391220 0.191190 0.000000
rf0333 0.109840 0.032960 0.395570
rf0335 -0.589000 0.164820 0.000000
rf0338 -0.476930 0.118680 0.079110
rf0339 0.109840 0.026370 0.000000
rf0342 -0.298920 0.131860 0.079110
rf0343 -0.081350 0.092300 0.000000
rf0346 0.274660 0.006590 0.217570
rf0348 0.261470 0.019780 0.000000
rf0351 -0.483520 0.158230 0.065930
rf0354 -0.470330 0.514240 0.000000
rf0358 -0.602190 0.171410 0.065930
rf0363 -0.648340 0.184600 0.000000
rf0364 -0.437370 0.421940 0.026370
rf0366 -0.503300 0.145050 0.000000
rf0372 -0.140690 0.032960 0.026370
rf0374 -0.463740 0.164820 0.000000
rf0375 -0.041800 0.079120 0.079110
rf0376 -0.338480 0.118680 0.000000
rf0377 -0.153880 0.019780 0.032960
rf0378 0.063690 0.052740 0.000000
rf0381 -0.516480 0.237340 0.059340
rf0383 0.142800 0.039560 0.000000
rf0385 -0.391220 0.158230 0.065930
rf0386 0.076870 0.019780 0.000000
rf0387 -0.298920 0.375790 0.052740
rf0388 0.228510 0.026370 0.000000
rf0391 -0.430780 0.191200 0.085700
rf0394 0.109840 0.098890 0.000000
rf0395 0.281250 0.006590 0.098890
rf0396 0.043910 0.059330 0.000000
rf0397 0.010950 0.059330 0.112080
rf0398 0.142800 0.013190 0.000000
rf0399 -0.338480 0.125270 0.072520
rf0400 0.301030 inf 0.000000
rf0401 -0.701080 0.171410 0.079120
rf0403 -0.503300 0.217570 0.000000
rf0405 -0.002240 0.178010 0.164820
rf0415 -0.292330 0.178010 0.000000
rf0419 -0.668120 0.197790 0.052740
rf0425 -0.364850 0.316460 0.000000
rf0427 -0.298920 0.329640 0.059330
rf0428 -0.523070 0.184590 0.000000
rf0430 -0.549450 0.270310 0.072520
rf0432 -0.397810 0.151630 0.000000
rf0433 -0.378030 0.217560 0.085710
rf0434 -0.589000 0.217560 0.000000
rf0435 -0.153880 0.184600 0.072520
rf0439 -0.786790 0.151640 0.000000
rf0441 -0.648340 0.164820 0.065930
rf0444 -0.022020 0.151640 0.000000
rf0446 0.123020 0.085710 0.323050
rf0447 -0.002240 0.164820 0.000000
rf0448 -0.351660 0.145040 0.079120
rf0455 0.268070 0.006590 0.000000
rf0460 0.083470 0.059330 0.237350
rf0463 0.221920 0.013180 0.000000
rf0466 -0.417590 0.276900 0.046150
rf0473 -0.252770 0.336240 0.000000
rf0474 -0.556040 0.145040 0.085710
rf0476 -0.483520 0.158230 0.000000
rf0477 -0.450550 0.118670 0.079120
rf0480 -0.364850 0.210970 0.000000
rf0482 -0.338480 0.164830 0.072520
rf0485 -0.826350 0.171420 0.000000
rf0488 -0.430780 0.263720 0.039550
rf0496 -0.556040 0.171410 0.000000
rf0499 -0.523070 0.131850 0.065930
rf0500 0.116430 0.013190 0.000000
rf0503 -0.397810 0.098890 0.046150
rf0506 -0.153880 0.085710 0.000000
rf0507 -0.424180 0.309860 0.052750
rf0510 0.254880 0.006590 0.000000
rf0513 0.116430 0.052740 0.316460
rf0630 -0.780200 0.145050 0.000000
rf0684 0.215320 0.019780 0.382380
rf0693 -0.681300 0.204370 0.000000
rf0713 -0.549450 0.171420 0.072520
rf0730 -0.298920 0.336240 0.000000
rf0795 -0.536260 0.217560 0.059340
rs0001 -0.556040 0.184600 0.000000
rs0002 -0.424180 0.191190 0.059340
rs0003 -0.490110 0.210970 0.000000
rs0010 -0.397810 0.118670 0.059340
rs0011 -0.457150 0.184600 0.000000
rs0012 -0.503300 0.230750 0.065920
rs0013 -0.490110 0.178010 0.000000
rs0014 -0.087950 0.178010 0.085700
rs0018 0.057090 0.145050 0.000000
rs0019 0.208730 0.026370 0.217560
rs0020 -0.503300 0.191200 0.000000
rs0022 -0.134100 0.065930 0.072520
rs0029 -0.147280 0.092300 0.000000
rs0030 -0.430780 0.230750 0.052740
rs0032 0.169170 0.065930 0.000000
rs0041 -0.437370 0.323050 0.072520
rs0042 -0.490110 0.553800 0.000000
rs0044 -0.140690 0.059340 0.065930
rs0045 -0.358250 0.250520 0.000000
rs0046 0.129620 0.046150 0.224160
rs0048 0.149390 0.019780 0.000000
rs0049 0.268070 -0.013190 0.435130
rs0050 0.103240 0.065930 0.000000
rs0051 -0.219800 0.230750 0.072530
rs0052 -0.424180 0.375790 0.000000
rs0053 -0.035200 0.059330 0.065930
rs0054 -0.549450 0.138450 0.000000
rs0062 -0.523070 0.131850 0.079120
rs0063 -0.193430 0.105480 0.000000
rs0064 0.076870 0.085710 0.290080
rs0068 -0.457150 0.184600 0.000000
rs0070 -0.509890 0.145040 0.065930
rs0077 0.294440 0.000000 0.000000
rs0080 -0.002240 0.131860 0.204380
rs0082 -0.516480 0.270300 0.000000
rs0083 -0.582410 0.250530 0.079110
rs0084 -0.351660 0.184600 0.000000
rs0085 -0.358250 0.197780 0.072530
rs0087 -0.503300 0.501060 0.000000
rs0088 -0.536260 0.158230 0.065930
rs0089 0.116430 0.052740 0.000000
rs0090 -0.569220 0.138440 0.079120
rs0092 -0.503300 0.184600 0.000000
rs0093 0.202140 0.026370 0.290090
rs0094 -0.457150 0.204380 0.000000
rs0095 -0.687900 0.184600 0.052740
rs0096 0.109840 0.026370 0.000000
rs0097 -0.589000 0.158220 0.065930
rs0098 -0.292330 0.270310 0.000000
rs0104 0.123020 0.019780 0.382380
rs0105 -0.397810 0.125260 0.000000
rs0107 -0.153880 0.092300 0.092300
rs0109 -0.153880 0.079120 0.000000
rs0111 -0.523070 0.178000 0.072530
rs0113 0.162580 0.046150 0.000000
rs0118 -0.437370 0.171420 0.059330
rs0120 -0.312100 0.217560 0.000000
rs0121 0.136210 0.039560 0.369200
rs0122 -0.569220 0.171410 0.000000
rs0124 -0.496700 0.131850 0.072520
rs0127 -0.470330 0.224150 0.000000
rs0128 0.136210 0.059330 0.290090
rs0129 0.287840 0.006600 0.000000
rs0130 -0.437370 0.184600 0.085700
rs0132 -0.694490 0.171420 0.000000
rs0133 0.076870 0.046150 0.243930
rs0134 0.076870 0.052750 0.000000
rs0135 -0.285730 0.224150 0.065930
rs0136 -0.054980 0.065930 0.000000
rs0138 -0.516480 0.178000 0.065930
rs0140 -0.694490 0.204380 0.000000
rs0141 -0.424180 0.145040 0.072520
rs0143 0.142800 0.046150 0.000000
rs0145 0.090060 0.013180 0.481280
rs0146 -0.542850 0.204370 0.000000
rs0147 -0.345070 0.138450 0.072520
rs0148 0.241690 0.019780 0.000000
rs0149 -0.424180 0.230750 0.052750
rs0150 -0.404400 0.098890 0.000000
rs0155 -0.193430 0.217560 0.112080
rs0156 -0.509890 0.243940 0.000000
rs0159 0.123020 0.052750 0.118670
rs0163 -0.265950 0.276900 0.000000
rs0166 -0.114320 0.276900 0.145040
rs0167 -0.569220 0.158220 0.000000
rs0168 -0.602190 0.171410 0.072520
rs0172 -0.312100 0.145040 0.000000
rs0174 -0.457150 0.151640 0.072520
rs0175 -0.338480 0.171420 0.000000
rs0179 -0.371440 0.276900 0.065930
rs0180 -0.358250 0.171410 0.000000
rs0181 -0.173650 0.026370 0.052750
rs0182 0.149390 0.019780 0.000000
rs0183 0.103240 0.039560 0.217560
rs0184 -0.503300 0.230750 0.000000
rs0188 0.208730 0.026370 0.171410
rs0190 -0.002240 0.151630 0.000000
rs0191 -0.048390 0.184600 0.210970
rs0193 -0.318700 0.349420 0.000000
rs0194 -0.081350 0.072520 0.098900
rs0196 -0.022020 0.105490 0.000000
rs0201 0.281250 0.006590 0.105480
rs0202 -0.087950 0.105490 0.000000
rs0203 0.235100 0.026370 0.145040
rs0206 0.162580 0.046150 0.000000
rs0209 0.024130 0.052740 0.250530
rs0210 -0.470330 0.250530 0.000000
rs0211 0.287840 0.000000 0.145040
rs0212 -0.470330 0.210970 0.000000
rs0214 -0.107730 0.171420 0.112070
rs0218 -0.463740 0.151640 0.000000
rs0221 0.030720 0.039560 0.329640
rs0222 0.123020 0.032970 0.000000
rs0225 0.050500 0.006590 0.421940
rs0226 -0.490110 0.184600 0.000000
rs0227 0.208730 0.026370 0.329640
rs0231 -0.437370 0.191190 0.000000
rs0237 0.136210 0.052740 0.138450
rs0239 -0.134100 0.085710 0.000000
rs0240 0.301030 inf 0.079110
rs0242 -0.371440 0.191190 0.000000
rs0243 0.070280 0.026370 0.329640
rs0244 -0.002240 0.145040 0.000000
rs0247 -0.681300 0.184600 0.052750
rs0250 0.129620 0.072520 0.000000
rs0253 0.004350 0.164820 0.118670
rs0255 -0.556040 0.217560 0.000000
rs0256 -0.529670 0.191190 0.065930
rs0257 -0.457150 0.158230 0.000000
rs0259 -0.232990 0.138450 0.079110
rs0260 0.287840 0.000000 0.000000
rs0261 -0.134100 0.065930 0.079110
rs0262 -0.516480 0.151630 0.000000
rs0263 0.215320 0.006600 0.349420
rs0264 -0.595600 0.145050 0.000000
rs0266 -0.120910 0.065930 0.072520
rs0267 0.043910 0.052740 0.000000
rs0268 0.043910 0.052740 0.243940
rs0269 -0.562630 0.184600 0.000000
rs0270 0.241690 0.006600 0.421940
rs0273 -0.450550 0.138450 0.000000
rs0274 -0.351660 0.197780 0.065930
rs0275 -0.463740 0.145040 0.000000
rs0276 -0.457150 0.204380 0.059330
rs0280 0.254880 -0.006590 0.000000
rs0282 -0.127500 0.112070 0.145050
rs0283 -0.351660 0.151630 0.000000
rs0289 -0.351660 0.171410 0.072520
rs0290 -0.523070 0.243930 0.000000
rs0297 -0.503300 0.178010 0.065920
rs0303 -0.628560 0.184600 0.000000
rs0306 -0.305510 0.349420 0.059340
rs0308 0.188950 0.013190 0.000000
rs0310 -0.008830 0.151630 0.138450
rs0313 0.215320 0.026370 0.000000
rs0314 -0.463740 0.382390 0.039560
rs0315 -0.259360 0.105480 0.000000
rs0316 0.050500 0.046150 0.270300
rs0318 -0.720860 0.178010 0.000000
rs0320 -0.008830 0.065920 0.210970
rs0323 -0.358250 0.138450 0.000000
rs0328 -0.325290 0.178010 0.085710
rs0331 -0.325290 0.164820 0.000000
rs0334 -0.364850 0.191200 0.079110
rs0336 -0.457150 0.349420 0.000000
rs0337 -0.371440 0.204380 0.072520
rs0339 0.215320 0.026370 0.000000
rs0341 -0.483520 0.158230 0.065930
rs0343 -0.562630 0.375790 0.000000
rs0344 -0.509890 0.191190 0.065930
rs0345 -0.589000 0.158220 0.000000
rs0349 -0.654930 0.184600 0.059340
rs0350 -0.094540 0.039560 0.000000
rs0351 -0.002240 0.118670 0.105490
rs0354 -0.549450 0.217570 0.000000
rs0356 -0.002240 0.145040 0.138450
rs0358 -0.285730 0.263710 0.000000
rs0362 0.076870 0.105490 0.145040
rs0363 -0.523070 0.217560 0.000000
rs0365 -0.509890 0.184600 0.072520
rs0371 0.103240 0.085710 0.000000
rs0372 -0.621970 0.210970 0.059330
rs0373 -0.437370 0.250530 0.000000
rs0374 -0.569220 0.151630 0.072530
rs0376 -0.378030 0.356010 0.000000
rs0377 -0.470330 0.257120 0.059340
rs0378 0.162580 0.039560 0.000000
rs0382 0.182360 0.039560 0.197790
rs0384 -0.457150 0.171420 0.000000
rs0386 -0.562630 0.263710 0.052740
rs0389 -0.589000 0.243930 0.000000
rs0390 -0.068170 0.164820 0.112080
rs0391 -0.312100 0.283490 0.000000
rs0392 -0.615370 0.210970 0.065930
rs0393 -0.397810 0.118670 0.000000
rs0396 -0.068170 0.065930 0.065930
rs0405 0.175770 0.046150 0.000000
rs0406 -0.298920 0.079120 0.059330
rs0409 -0.285730 0.309860 0.000000
rs0410 -0.562630 0.197780 0.085710
rs0416 -0.575820 0.151640 0.000000
rs0418 -0.476930 0.210980 0.085700
rs0419 -0.476930 0.382390 0.000000
rs0420 0.017540 0.105480 0.257120
rs0421 -0.523070 0.151630 0.000000
rs0423 -0.523070 0.257120 0.079120
rs0424 -0.509890 0.184600 0.000000
rs0425 -0.364850 0.178010 0.079110
rs0427 -0.437370 0.151640 0.000000
rs0429 -0.516480 0.151630 0.059340
rs0430 -0.523070 0.145040 0.000000
rs0432 -0.793380 0.230750 0.065930
rs0433 -0.424180 0.481270 0.000000
rs0435 -0.457150 0.230750 0.072520
rs0437 -0.549450 0.237350 0.000000
rs0440 -0.153880 0.059340 0.039550
rs0444 -0.516480 0.145040 0.000000
rs0449 -0.041800 0.112080 0.178000
rs0451 -0.120910 0.112080 0.000000
rs0452 -0.318700 0.336240 0.052740
rs0453 0.268070 0.013180 0.000000
rs0454 -0.285730 0.197780 0.072520
rs0456 -0.384630 0.217570 0.000000
rs0460 -0.549450 0.151640 0.072520
rs0463 -0.094540 0.026370 0.000000
rs0466 0.162580 0.046150 0.276900
rs0467 -0.496700 0.171410 0.000000
rs0468 -0.476930 0.356020 0.039550
rs0469 -0.549450 0.210970 0.000000
rs0470 -0.589000 0.145040 0.072520
rs0472 -0.536260 0.112080 0.000000
rs0473 -0.621970 0.184600 0.065930
rs0476 0.169170 0.026370 0.000000
rs0477 -0.641750 0.276900 0.059330
rs0480 -0.384630 0.164830 0.000000
rs0485 -0.523070 0.131850 0.079120
rs0493 -0.582410 0.184600 0.000000
rs0495 -0.490110 0.151630 0.065930
rs0496 -0.259360 0.276900 0.000000
rs0498 0.004350 0.164820 0.138450
rs0503 -0.107730 0.079120 0.000000
rs0505 0.215320 0.026370 0.296670
rs0508 -0.496700 0.158220 0.000000
rs0516 -0.536260 0.204380 0.059340
rs0517 0.248290 0.019780 0.000000
rs0519 -0.490110 0.250530 0.052740
rs0520 -0.411000 0.125270 0.000000
rs0521 -0.424180 0.237340 0.046150
rs0522 -0.292330 0.243940 0.000000
rs0524 -0.490110 0.270310 0.072520
rs0528 0.221920 0.026370 0.000000
rs0531 0.301030 -0.006590 0.098890
rs0532 -0.430780 0.270310 0.000000
rs0534 -0.457150 0.243940 0.052740
rs0536 -0.536260 0.158230 0.000000
rs0537 -0.041800 0.059340 0.059330
rs0538 -0.325290 0.171410 0.000000
rs0541 0.188950 0.026370 0.171410
rs0543 -0.582410 0.263710 0.000000
rs0545 -0.523070 0.158220 0.131860
rs0548 -0.595600 0.250530 0.000000
rs0549 -0.430780 0.151640 0.065920
rs0553 -0.457150 0.164820 0.000000
rs0554 0.202140 0.032960 0.164820
rs0555 -0.265950 0.257120 0.000000
rs0556 -0.819750 0.257120 0.046150
rs0560 -0.041800 0.072520 0.000000
rs0561 0.004350 0.171420 0.158230
rs0562 -0.483520 0.349420 0.000000
rs0564 -0.397810 0.210970 0.065930
rs0568 -0.443960 0.158230 0.000000
rs0570 -0.153880 0.145050 0.112070
rs0571 -0.621970 0.158230 0.000000
rs0572 0.254880 -0.006590 0.415350
rs0573 -0.450550 0.145040 0.000000
rs0574 0.155990 0.032960 0.191190
rs0578 0.155990 0.013180 0.000000
rs0582 -0.087950 0.118670 0.105480
rs0585 -0.397810 0.230750 0.000000
rs0586 -0.595600 0.158230 0.065920
rs0587 -0.114320 0.112080 0.000000
rs0588 -0.490110 0.514240 0.059340
rs0591 0.202140 0.026370 0.000000
rs0598 0.202140 -0.032970 0.454910
rs0603 -0.002240 0.158230 0.000000
rs0609 -0.331880 0.184600 0.072520
rs0610 -0.048390 0.178010 0.000000
rs0612 -0.114320 0.046150 0.046150
rs0615 -0.312100 0.408750 0.000000
rs0626 -0.298920 0.131860 0.085710
rs0636 -0.094540 0.085710 0.000000
rs0640 -0.450550 0.375790 0.052750
rs0644 -0.417590 0.230750 0.000000
rs0650 -0.101130 0.059330 0.092300
rs0656 -0.279140 0.125260 0.000000
rs0660 0.221920 0.026370 0.204380
rs0669 0.017540 0.158230 0.000000
rs0672 -0.087950 0.059340 0.059330
rs0679 -0.463740 0.481280 0.000000
rs0688 0.254880 0.019780 0.092300
rs0708 0.235100 0.013190 0.000000
rs0719 0.268070 0.013180 0.098900
rs0724 0.129620 0.039550 0.000000
rs0731 -0.470330 0.224150 0.052740
rs0741 0.116430 0.046150 0.000000
rs0743 -0.602190 0.145040 0.065930
rs0744 -0.200030 0.230750 0.000000
rs0745 -0.153880 0.105490 0.092300
rs0751 0.248290 0.019780 0.000000
rs0752 -0.496700 0.395570 0.059340
rs0754 -0.338480 0.415350 0.000000
rs0757 -0.015430 0.131860 0.112070
rs0763 -0.331880 0.276900 0.000000
rs0767 -0.404400 0.250520 0.079120
rs0768 -0.364850 0.184600 0.000000
rs0774 -0.509890 0.151640 0.072520
rs0775 -0.443960 0.098890 0.000000
rs0777 -0.687900 0.197790 0.052740
rs0779 0.050500 0.065930 0.000000
rs0781 0.070280 0.039560 0.230750
rs0784 -0.002240 0.151630 0.000000
rs0786 -0.496700 0.197780 0.079120
rs0788 -0.516480 0.164820 0.000000
rs0793 -0.338480 0.204380 0.072520
rs0797 0.057090 0.039560 0.000000
rs0798 -0.147280 0.072520 0.085710
rs0802 -0.463740 0.178010 0.000000
rs0804 -0.635150 0.184600 0.065930
rs0805 -0.727450 0.164820 0.000000
rs0806 -0.232990 0.257120 0.072520
rs0808 -0.127500 0.039550 0.000000
rs0809 0.208730 0.026370 0.191190
rs0810 -0.516480 0.204380 0.000000
rs0811 -0.002240 0.079110 0.230750
rs0812 0.208730 0.019780 0.000000
rs0815 -0.509890 0.151640 0.059330
rs0823 0.215320 0.026370 0.000000
rs0831 0.241690 0.019780 0.224150
rs0833 0.050500 0.032970 0.000000
rs0834 -0.252770 0.151640 0.072520
rs0839 0.228510 0.026370 0.000000
rs0842 -0.523070 0.131850 0.085710
rs0843 -0.318700 0.336240 0.000000
rs0845 0.142800 0.026370 0.402160
rs0846 -0.351660 0.421940 0.000000
rs0847 0.076870 0.019780 0.402160
rs0850 0.261470 0.006600 0.000000
rs0853 -0.371440 0.448310 0.065930
rs0866 -0.153880 0.158230 0.000000
rs0868 -0.285730 0.263710 0.065930
rs0869 -0.496700 0.204370 0.000000
rs0871 -0.575820 0.257120 0.046150
rs0872 -0.312100 0.178000 0.000000
rs0873 0.037320 0.092300 0.217570
rs0875 -0.193430 0.085700 0.000000
rs0879 -0.035200 0.118670 0.098900
rs0880 -0.259360 0.217560 0.000000
rs0882 0.123020 0.072520 0.303270
rs0891 0.175770 0.032960 0.000000
rs0896 -0.101130 0.059330 0.052750
rs0897 -0.364850 0.158230 0.000000
rs0901 -0.668120 0.158230 0.072520
rs0906 -0.523070 0.138440 0.000000
rs0907 -0.384630 0.217570 0.079110
rs0909 -0.397810 0.118670 0.000000
rs0910 0.030720 0.118670 0.065920
rs0916 -0.437370 0.151640 0.000000
rs0919 -0.490110 0.210970 0.072520
rs0921 0.215320 0.006600 0.000000
rs0922 -0.424180 0.276900 0.052750
rs0923 -0.523070 0.164820 0.000000
rs0932 -0.470330 0.151630 0.079120
rs0933 -0.523070 0.125260 0.000000
rs0935 -0.503300 0.210970 0.059330
rs0944 -0.476930 0.158230 0.000000
rs0945 -0.298920 0.283490 0.072520
rs0946 -0.279140 0.270310 0.000000
rs0950 -0.575820 0.270310 0.052740
rs0953 0.136210 0.059330 0.000000
rs0954 0.024130 0.085710 0.125260
rs0957 -0.661520 0.191190 0.000000
rs0958 0.116430 0.032960 0.408760
rs0959 -0.648340 0.158230 0.000000
rs0960 -0.562630 0.145040 0.092300
rs0967 -0.430780 0.197790 0.000000
rs0970 0.063690 0.032960 0.382390
rs0974 0.070280 0.072520 0.000000
rs0978 -0.325290 0.098890 0.065930
rs0979 -0.628560 0.224160 0.000000
rs0980 0.235100 0.013190 0.375790
rs0981 -0.503300 0.145050 0.000000
rs0982 -0.681300 0.184600 0.059340
rs0983 -0.523070 0.191190 0.000000
rs0984 -0.430780 0.197790 0.052740
rs0985 -0.529670 0.191190 0.000000
rs0988 0.123020 0.085710 0.230750
rs0989 -0.285730 0.303270 0.000000
rs0991 0.109840 0.039550 0.270310
rs0995 -0.061580 0.079120 0.000000
rs0997 -0.232990 0.178010 0.085710
rs1000 -0.114320 0.164820 0.000000
rs1002 -0.457150 0.566990 0.032960
rs1003 -0.397810 0.250530 0.000000
rs1004 -0.041800 0.065930 0.052740
rs1005 -0.015430 0.171420 0.000000
rs1010 0.268070 0.013180 0.072530
rs1014 -0.668120 0.197790 0.000000
rs1016 0.228510 0.026370 0.158230
rs1017 -0.602190 0.184600 0.000000
rs1020 -0.523070 0.224150 0.085710
rs1021 -0.430780 0.118680 0.000000
rs1023 -0.074760 0.072520 0.092300
rs1025 -0.114320 0.052740 0.000000
rs1029 -0.443960 0.138450 0.065930
rs1030 -0.450550 0.112070 0.000000
rs1031 -0.443960 0.270310 0.065930
rs1032 -0.523070 0.204370 0.000000
rs1034 -0.516480 0.184600 0.065930
rs1035 -0.529670 0.197790 0.000000
rs1036 -0.226400 0.059340 0.065930
rs1038 -0.404400 0.059330 0.000000
rs1040 -0.516480 0.158230 0.072520
rs1043 -0.701080 0.210970 0.000000
rs1045 -0.279140 0.191190 0.079110
rs1046 0.030720 0.158230 0.000000
rs1047 -0.397810 0.098890 0.085710
rs1048 0.215320 0.026370 0.000000
rs1050 -0.523070 0.112070 0.092300
rs1052 -0.463740 0.197790 0.000000
rs1054 -0.747230 0.138450 0.065930
rs1055 -0.470330 0.145040 0.000000
rs1057 0.274660 0.013180 0.105490
rs1059 -0.200030 0.224160 0.000000
rs1060 -0.701080 0.191190 0.052740
rs1062 0.142800 0.039560 0.000000
rs1065 -0.443960 0.178010 0.059340
rs1066 0.281250 -0.013180 0.000000
rs1068 -0.345070 0.448310 0.059330
rs1072 -0.391220 0.164820 0.000000
rs1073 -0.371440 0.178010 0.098890
rs1074 -0.503300 0.178010 0.000000
rs1075 0.142800 0.039560 0.145040
rs1076 0.076870 0.052750 0.000000
rs1079 0.149390 0.032970 0.356010
rs1080 -0.325290 0.362610 0.000000
rs1081 -0.351660 0.171410 0.065930
rs1082 0.063690 0.039550 0.000000
rs1084 -0.430780 0.171420 0.059330
rs1086 -0.002240 0.164820 0.000000
rs1087 -0.305510 0.243930 0.085710
rs1091 0.050500 0.032970 0.000000
rs1092 0.136210 0.046150 0.243940
rs1093 -0.002240 0.171410 0.000000
rs1098 -0.476930 0.145050 0.065920
rs1100 -0.364850 0.316460 0.000000
rs1102 0.287840 0.000000 0.098890
rs1103 -0.674710 0.276900 0.000000
rs1104 -0.331880 0.158230 0.085710
rs1105 -0.424180 0.072520 0.000000
rs1106 -0.002240 0.072520 0.046150
rs1108 -0.556040 0.145040 0.000000
rs1109 0.155990 0.052740 0.237340
rs1110 -0.318700 0.290090 0.000000
rs1111 -0.153880 0.013190 0.026370
rs1112 -0.153880 0.059340 0.000000
rs1114 0.155990 0.032960 0.421940
rs1116 -0.101130 0.052740 0.000000
rs1117 -0.490110 0.158230 0.065930
rs1118 -0.081350 0.105480 0.000000
rs1121 0.221920 0.019770 0.164830
rs1122 0.208730 0.026370 0.000000
rs1123 0.043910 0.072520 0.171410
rs1124 -0.417590 0.257120 0.000000
rs1126 -0.476930 0.164830 0.072520
rs1129 -0.107730 0.072530 0.000000
rs1131 0.228510 0.026370 0.138450
rs1132 -0.536260 0.178010 0.000000
rs1134 0.050500 0.065930 0.217560
rs1137 -0.378030 0.230750 0.000000
rs1142 -0.463740 0.197790 0.065930
rs1143 -0.509890 0.138450 0.000000
rs1145 -0.272550 0.257120 0.079110
rs1147 -0.523070 0.217560 0.000000
rs1149 -0.661520 0.197780 0.059340
rs1150 -0.226400 0.059340 0.000000
rs1151 -0.378030 0.415350 0.079120
rs1152 -0.022020 0.085710 0.000000
rs1154 -0.417590 0.263710 0.039560
rs1159 -0.496700 0.151630 0.000000
rs1162 0.004350 0.158230 0.092300
rs1163 -0.569220 0.309860 0.000000
rs1165 -0.397810 0.204380 0.065930
rs1168 0.043910 0.052740 0.000000
rs1169 -0.298920 0.191190 0.079110
rs1170 -0.437370 0.230750 0.000000
rs1178 -0.351660 0.217560 0.079120
rs1179 -0.496700 0.204370 0.000000
rs1182 -0.305510 0.204380 0.085710
rs1183 -0.246180 0.336240 0.000000
rs1184 -0.542850 0.164820 0.072520
rs1185 0.076870 -0.006590 0.000000
rs1188 -0.569220 0.158220 0.079120
rs1190 -0.120910 0.079110 0.000000
rs1191 -0.259360 0.250530 0.065930
rs1195 -0.279140 0.112080 0.000000
rs1197 -0.068170 0.072520 0.105480
rs1198 -0.582410 0.230750 0.000000
rs1200 -0.523070 0.151630 0.059340
rs1202 -0.404400 0.164820 0.000000
rs1205 0.024130 0.085710 0.230750
rs1209 -0.516480 0.263710 0.000000
rs1211 0.182360 0.000000 0.349420
rs1212 -0.411000 0.164820 0.000000
rs1213 0.235100 0.013190 0.270300
rs1214 -0.279140 0.026370 0.000000
rs1217 0.235100 0.026370 0.178010
rs1220 0.057090 0.019780 0.000000
rs1229 0.281250 0.006590 0.145040
rs1245 -0.470330 0.158230 0.000000
rs1248 0.083470 0.039550 0.349420
rs1254 -0.015430 0.125270 0.000000
rs1258 -0.318700 0.303270 0.072520
rs1259 -0.556040 0.217560 0.000000
rs1260 -0.562630 0.151630 0.072520
rs1261 -0.621970 0.276900 0.000000
rs1262 -0.529670 0.164820 0.072520
rs1263 -0.404400 0.138450 0.000000
rs1264 -0.575820 0.151640 0.065930
rs1265 -0.483520 0.494470 0.000000
rs1266 -0.549450 0.402170 0.032960
rs1267 0.274660 0.006590 0.000000
rs1269 -0.707670 0.138450 0.079120
rs1270 -0.569220 0.276890 0.000000
rs1276 -0.523070 0.145040 0.065930
rs1278 0.083470 0.046150 0.000000
rs1282 -0.074760 0.118670 0.085710
rs1283 -0.589000 0.145040 0.000000
rs1284 -0.621970 0.171420 0.065930
rs1285 -0.509890 0.283490 0.000000
rs1286 -0.345070 0.408760 0.052740
rs1290 -0.674710 0.178010 0.000000
rs1291 -0.483520 0.164820 0.059330
rs1292 -0.298920 0.210970 0.000000
rs1293 -0.364850 0.217570 0.079110
rs1294 -0.101130 0.112080 0.000000
rs1296 -0.694490 0.191190 0.046150
rs1297 -0.621970 0.164820 0.000000
rs1300 -0.002240 0.178010 0.164820
rs1301 0.261470 0.006600 0.000000
rs1302 -0.542850 0.151630 0.092300
rs1303 -0.628560 0.270310 0.000000
rs1304 -0.621970 0.210970 0.059330
rs1337 0.010950 0.032960 0.000000
rs1359 -0.536260 0.151630 0.072520
rs1364 0.235100 0.019780 0.000000
rs1368 -0.621970 0.388980 0.059330
rs1437 0.142800 0.039560 0.000000
rs1518 0.175770 0.032960 0.217570
