rf0001 -0.626480 0.168640 0.000000
rf0002 -0.204880 0.252950 0.084320
rf0003 0.258870 inf 0.000000
rf0006 -0.373520 0.337270 0.084320
rf0007 0.048070 0.210800 0.000000
rf0010 -0.584320 0.210800 0.084320
rf0011 -0.289200 0.252950 0.000000
rf0013 0.301030 inf 0.210800
rf0014 -0.542160 0.210800 0.000000
rf0015 0.301030 inf 0.210800
rf0016 0.132390 0.126480 0.000000
rf0017 -0.500000 0.210800 0.084320
rf0022 -0.078410 0.210800 0.000000
rf0023 -0.584320 0.210800 0.084320
rf0024 0.005910 0.168640 0.000000
rf0029 -0.415680 0.252960 0.084320
rf0030 0.048070 0.126480 0.000000
rf0031 0.258870 inf 0.168640
rf0033 -0.584320 0.210800 0.000000
rf0034 -0.626480 0.210800 0.084320
rf0040 0.301030 inf 0.000000
rf0042 -0.584320 0.548070 0.042160
rf0043 0.301030 inf 0.000000
rf0045 -0.626480 0.168640 0.084320
rf0048 -0.542160 0.168640 0.000000
rf0049 -0.584320 0.210800 0.084320
rf0051 -0.710800 0.210800 0.000000
rf0053 -0.626480 0.210800 0.042160
rf0057 -0.036250 0.252960 0.000000
rf0058 -0.331360 0.337270 0.084320
rf0060 -0.500000 0.168640 0.000000
rf0062 -0.078410 0.210800 0.126470
rf0064 -0.668640 0.126480 0.000000
rf0065 -0.542160 0.126480 0.084320
rf0071 0.301030 inf 0.000000
rf0072 -0.752960 0.252960 0.084320
rf0073 -0.457840 0.505910 0.000000
rf0074 -0.036250 0.295120 0.126470
rf0076 -0.500000 0.168640 0.000000
rf0077 -0.500000 0.295120 0.042160
rf0079 -0.457840 0.252960 0.000000
rf0084 -0.373520 0.463750 0.042160
rf0092 0.301030 inf 0.000000
rf0098 0.301030 inf 0.379440
rf0099 -0.457840 0.168640 0.000000
rf0104 -0.668640 0.168640 0.084320
rf0107 -0.584320 0.168640 0.000000
rf0108 -0.668640 0.168640 0.084320
rf0109 -0.289200 0.421590 0.000000
rf0111 -0.373520 0.590230 0.042160
rf0117 -0.415680 0.210800 0.000000
rf0119 -0.542160 0.168640 0.084320
rf0125 0.258870 0.000000 0.000000
rf0126 0.301030 inf 0.126480
rf0127 -0.162720 0.210790 0.000000
rf0128 -0.289200 0.252950 0.126480
rf0129 -0.331360 0.337270 0.000000
rf0132 -0.120560 0.210790 0.084320
rf0134 0.216710 0.000000 0.000000
rf0138 0.301030 inf 0.126480
rf0143 -0.373520 0.252960 0.000000
rf0150 0.301030 inf 0.252960
rf0154 -0.584320 0.548070 0.000000
rf0156 0.301030 inf 0.295120
rf0157 -0.668640 0.337280 0.000000
rf0164 0.301030 inf 0.295120
rf0166 0.301030 inf 0.000000
rf0167 0.301030 inf 0.252960
rf0169 -0.542160 0.168640 0.000000
rf0171 0.301030 inf 0.126480
rf0173 0.301030 inf 0.000000
rf0175 -0.415680 0.295120 0.042160
rf0176 0.301030 -0.042160 0.000000
rf0177 -0.331360 0.210800 0.084320
rf0179 -0.542160 0.168640 0.000000
rf0180 -0.331360 0.379430 0.084320
rf0190 -0.247040 0.168630 0.000000
rf0191 0.258870 0.000000 0.337280
rf0192 -0.500000 0.168640 0.000000
rf0193 0.301030 inf 0.337280
rf0195 0.301030 -0.042160 0.000000
rf0197 -0.500000 0.168640 0.084320
rf0201 -0.584320 0.337280 0.000000
rf0204 -0.542160 0.295120 0.084320
rf0205 0.301030 inf 0.000000
rf0207 -0.542160 0.210800 0.084320
rf0209 0.301030 inf 0.000000
rf0210 -0.457840 0.210800 0.084320
rf0216 0.301030 inf 0.000000
rf0217 0.301030 inf 0.168640
rf0223 0.216710 0.042160 0.000000
rf0226 -0.373520 0.505910 0.084320
rf0227 -0.373520 0.252960 0.000000
rf0229 0.301030 inf 0.379440
rf0234 0.258870 0.000000 0.000000
rf0236 -0.542160 0.126480 0.084320
rf0237 0.258870 0.000000 0.000000
rf0238 -0.500000 0.168640 0.084320
rf0241 -0.710800 0.295120 0.000000
rf0242 0.301030 -0.042160 0.421590
rf0246 -0.710800 0.337280 0.000000
rf0247 -0.542160 0.252960 0.042160
rf0248 0.132390 0.126480 0.000000
rf0249 0.301030 inf 0.168640
rf0250 -0.626480 0.379440 0.000000
rf0251 -0.331360 0.337270 0.084320
rf0252 -0.542160 0.295120 0.000000
rf0256 0.258870 0.000000 0.337280
rf0257 -0.626480 0.168640 0.000000
rf0258 -0.247040 0.421590 0.042160
rf0259 -0.373520 0.210800 0.000000
rf0262 -0.668640 0.126480 0.126480
rf0263 -0.457840 0.421590 0.000000
rf0264 0.301030 -0.042160 0.463750
rf0265 -0.584320 0.252960 0.000000
rf0266 -0.668640 0.337280 0.084320
rf0267 -0.373520 0.295110 0.000000
rf0268 -0.457840 0.210800 0.126480
rf0272 -0.542160 0.252960 0.000000
rf0280 -0.626480 0.168640 0.084320
rf0283 0.258870 inf 0.000000
rf0284 -0.626480 0.210800 0.084320
rf0287 0.090230 0.168640 0.000000
rf0292 0.258870 0.000000 0.295120
rf0294 0.301030 inf 0.000000
rf0295 0.132390 0.126480 0.168640
rf0297 -0.500000 0.674550 0.000000
rf0298 -0.415680 0.252960 0.084320
rf0299 -0.500000 0.210800 0.000000
rf0300 -0.415680 0.210800 0.084320
rf0303 -0.457840 0.252960 0.000000
rf0305 -0.415680 0.210800 0.084320
rf0306 -0.626480 0.126480 0.000000
rf0309 0.048070 0.210800 0.084320
rf0315 0.301030 inf 0.000000
rf0316 0.216710 0.042160 0.421590
rf0320 -0.626480 0.168640 0.000000
rf0323 -0.289200 0.379430 0.084320
rf0324 0.216710 inf 0.000000
rf0325 0.301030 inf 0.252960
rf0328 -0.204880 0.337270 0.000000
rf0332 -0.584320 0.379440 0.042160
rf0333 0.258870 0.000000 0.000000
rf0335 -0.668640 0.168640 0.084320
rf0338 -0.584320 0.210800 0.000000
rf0339 0.301030 inf 0.337280
rf0340 -0.584320 0.168640 0.000000
rf0342 -0.289200 0.210790 0.084320
rf0343 0.048070 0.168640 0.000000
rf0348 0.301030 inf 0.168640
rf0351 -0.457840 0.210800 0.000000
rf0354 0.301030 -0.042160 0.632390
rf0358 -0.626480 0.337280 0.000000
rf0363 -0.626480 0.295120 0.084320
rf0364 0.216710 0.000000 0.000000
rf0365 -0.331360 0.210800 0.084320
rf0366 -0.500000 0.210800 0.000000
rf0367 -0.626480 0.168640 0.084320
rf0368 -0.584320 0.210800 0.000000
rf0370 -0.457840 0.210800 0.084320
rf0372 0.301030 inf 0.000000
rf0374 -0.457840 0.168640 0.126480
rf0375 0.301030 inf 0.000000
rf0376 -0.331360 0.210800 0.084320
rf0377 0.132390 0.126480 0.000000
rf0378 0.258870 0.000000 0.463750
rf0381 -0.500000 0.505910 0.000000
rf0383 0.258870 inf 0.337280
rf0385 -0.373520 0.252960 0.000000
rf0386 0.216710 0.042160 0.379430
rf0388 0.301030 inf 0.000000
rf0392 -0.668640 0.252960 0.042160
rf0393 -0.626480 0.295120 0.000000
rf0396 0.132390 0.126480 0.168640
rf0397 0.132390 0.126480 0.000000
rf0398 0.301030 inf 0.421590
rf0399 -0.289200 0.210790 0.000000
rf0400 0.301030 inf 0.084320
rf0401 -0.795120 0.168640 0.000000
rf0403 -0.457840 0.548070 0.042160
rf0412 -0.415680 0.337270 0.000000
rf0413 -0.415680 0.337270 0.042160
rf0415 -0.204880 0.295110 0.000000
rf0419 -0.668640 0.252960 0.084320
rf0425 -0.331360 0.548070 0.000000
rf0427 0.090230 0.126480 0.379430
rf0428 -0.542160 0.295120 0.000000
rf0431 -0.668640 0.168640 0.084320
rf0432 -0.415680 0.210800 0.000000
rf0433 -0.331360 0.295110 0.126480
rf0434 -0.584320 0.337280 0.000000
rf0435 0.005910 0.210800 0.126470
rf0436 -0.584320 0.168640 0.000000
rf0439 -0.837280 0.126480 0.084310
rf0441 -0.710800 0.168640 0.000000
rf0448 -0.331360 0.210800 0.084320
rf0453 -0.373520 0.252960 0.000000
rf0454 -0.457840 0.210800 0.084320
rf0455 0.301030 inf 0.000000
rf0456 -0.331360 0.252950 0.084320
rf0459 -0.668640 0.168640 0.000000
rf0460 0.258870 0.000000 0.295120
rf0461 -0.584320 0.632390 0.000000
rf0462 -0.626480 0.168640 0.084320
rf0463 0.301030 inf 0.000000
rf0464 -0.668640 0.337280 0.084320
rf0465 -0.500000 0.252960 0.000000
rf0466 -0.331360 0.421590 0.084320
rf0467 -0.289200 0.210790 0.000000
rf0471 -0.457840 0.295120 0.084320
rf0474 -0.626480 0.252960 0.000000
rf0476 -0.500000 0.168640 0.084320
rf0477 -0.500000 0.168640 0.000000
rf0479 -0.626480 0.168640 0.084320
rf0480 -0.457840 0.252960 0.000000
rf0482 -0.373520 0.252960 0.084320
rf0485 -0.837280 0.210800 0.000000
rf0487 -0.542160 0.168640 0.084320
rf0488 -0.331360 0.421590 0.000000
rf0496 -0.668640 0.210800 0.042160
rf0499 -0.542160 0.168640 0.000000
rf0500 0.258870 0.000000 0.421590
rf0503 -0.373520 0.210800 0.000000
rf0505 -0.542160 0.210800 0.084320
rf0506 -0.078410 0.252960 0.000000
rf0507 -0.373520 0.463750 0.084320
rf0510 0.301030 inf 0.000000
rf0513 0.258870 0.000000 0.337280
rf0518 -0.626480 0.210800 0.000000
rf0524 -0.584320 0.168640 0.084320
rf0545 -0.542160 0.252960 0.000000
rf0607 -0.542160 0.168640 0.084320
rf0622 -0.668640 0.168640 0.000000
rf0630 -0.795120 0.168640 0.084320
rf0642 -0.710800 0.210800 0.000000
rf0663 -0.752960 0.168640 0.084320
rf0684 0.301030 inf 0.000000
rf0693 -0.710800 0.168640 0.084320
rf0695 -0.500000 0.168640 0.000000
rf0707 -0.331360 0.295110 0.084320
rf0713 -0.584320 0.168640 0.000000
rf0716 0.005910 0.210800 0.126470
rf0730 -0.247040 0.463750 0.000000
rf0745 -0.795120 0.252960 0.084320
rf0783 -0.710800 0.168640 0.000000
rf0795 -0.500000 0.463750 0.042160
rs0001 -0.542160 0.379440 0.000000
rs0002 -0.373520 0.295110 0.084320
rs0003 -0.457840 0.463750 0.000000
rs0010 -0.415680 0.168640 0.084320
rs0011 -0.500000 0.210800 0.000000
rs0012 -0.457840 0.505910 0.084320
rs0013 -0.457840 0.252960 0.000000
rs0017 0.301030 inf 0.295120
rs0020 -0.584320 0.168640 0.000000
rs0022 0.301030 -0.042160 0.337280
rs0023 0.301030 inf 0.000000
rs0029 0.048070 0.168640 0.084320
rs0030 -0.331360 0.379430 0.000000
rs0035 -0.668640 0.295120 0.084320
rs0039 -0.626480 0.168640 0.000000
rs0046 0.258870 inf 0.252960
rs0048 0.301030 inf 0.000000
rs0050 0.301030 inf 0.379440
rs0051 0.048070 0.168640 0.000000
rs0052 -0.331360 0.505910 0.042160
rs0053 0.301030 inf 0.000000
rs0054 -0.584320 0.168640 0.042160
rs0062 -0.542160 0.168640 0.000000
rs0063 -0.162720 0.210790 0.126480
rs0064 0.301030 inf 0.000000
rs0065 -0.415680 0.252960 0.084320
rs0068 -0.457840 0.210800 0.000000
rs0070 -0.584320 0.168640 0.084320
rs0077 0.301030 inf 0.000000
rs0081 -0.584320 0.168640 0.084320
rs0084 -0.331360 0.295110 0.000000
rs0085 -0.331360 0.337270 0.084320
rs0087 0.301030 -0.042160 0.000000
rs0088 -0.542160 0.210800 0.084320
rs0089 0.258870 0.000000 0.000000
rs0090 -0.668640 0.210800 0.042160
rs0092 -0.500000 0.252960 0.000000
rs0093 0.301030 inf 0.295120
rs0094 -0.373520 0.295110 0.000000
rs0095 -0.795120 0.126480 0.084320
rs0096 0.258870 0.000000 0.000000
rs0097 -0.584320 0.210800 0.084320
rs0098 -0.204880 0.337270 0.000000
rs0104 0.258870 inf 0.295120
rs0105 -0.500000 0.168640 0.000000
rs0107 -0.036250 0.252960 0.084310
rs0109 0.132390 0.126480 0.000000
rs0111 -0.626480 0.168640 0.084320
rs0113 0.258870 inf 0.000000
rs0118 -0.373520 0.210800 0.084320
rs0120 -0.247040 0.379430 0.000000
rs0121 0.258870 inf 0.337280
rs0122 -0.584320 0.252960 0.000000
rs0124 -0.626480 0.126480 0.084320
rs0127 -0.415680 0.463750 0.000000
rs0128 0.301030 inf 0.337280
rs0133 0.216710 0.042160 0.000000
rs0134 0.216710 0.042160 0.252960
rs0135 -0.204880 0.379430 0.000000
rs0136 0.048070 0.168640 0.084320
rs0137 -0.289200 0.210790 0.000000
rs0138 -0.584320 0.210800 0.042160
rs0140 -0.710800 0.210800 0.000000
rs0141 -0.457840 0.210800 0.084320
rs0143 0.258870 inf 0.000000
rs0145 0.301030 inf 0.337280
rs0146 -0.500000 0.421590 0.000000
rs0147 -0.289200 0.252950 0.084320
rs0148 0.301030 inf 0.000000
rs0149 -0.373520 0.295110 0.084320
rs0150 -0.542160 0.168640 0.000000
rs0156 -0.457840 0.548070 0.042160
rs0159 0.258870 inf 0.000000
rs0163 0.090230 0.126480 0.295110
rs0165 -0.457840 0.295120 0.000000
rs0166 0.301030 -0.042160 0.463750
rs0167 -0.584320 0.210800 0.000000
rs0168 -0.626480 0.210800 0.084320
rs0170 -0.500000 0.210800 0.000000
rs0171 -0.457840 0.210800 0.084320
rs0172 -0.289200 0.252950 0.000000
rs0174 -0.500000 0.210800 0.084320
rs0175 -0.247040 0.337270 0.000000
rs0178 -0.584320 0.337280 0.042160
rs0180 -0.289200 0.252950 0.000000
rs0181 0.301030 inf 0.295120
rs0183 0.216710 0.042160 0.000000
rs0189 0.301030 inf 0.337280
rs0193 0.216710 0.000000 0.000000
rs0194 0.301030 inf 0.295120
rs0195 0.301030 inf 0.000000
rs0196 0.132390 0.126480 0.126480
rs0201 0.301030 inf 0.000000
rs0202 0.301030 -0.042160 0.337280
rs0203 0.301030 inf 0.000000
rs0206 0.258870 inf 0.210800
rs0209 0.301030 -0.042160 0.000000
rs0210 -0.500000 0.295120 0.084320
rs0211 0.301030 inf 0.000000
rs0212 -0.500000 0.252960 0.084320
rs0215 -0.584320 0.168640 0.000000
rs0218 -0.500000 0.210800 0.084320
rs0220 -0.584320 0.252960 0.000000
rs0221 0.132390 0.126480 0.295110
rs0224 0.301030 -0.042160 0.000000
rs0225 0.132390 0.084320 0.379430
rs0226 -0.457840 0.337280 0.000000
rs0227 0.301030 inf 0.295120
rs0228 -0.457840 0.168640 0.000000
rs0231 -0.415680 0.295120 0.084320
rs0236 -0.584320 0.168640 0.000000
rs0237 0.258870 inf 0.210800
rs0239 0.216710 0.042160 0.000000
rs0240 0.301030 inf 0.084320
rs0241 -0.415680 0.295120 0.000000
rs0242 -0.331360 0.295110 0.084320
rs0243 0.301030 -0.042160 0.000000
rs0244 0.216710 0.042160 0.126480
rs0246 -0.626480 0.421600 0.000000
rs0247 -0.710800 0.210800 0.084320
rs0250 0.301030 inf 0.000000
rs0255 -0.542160 0.463750 0.042160
rs0256 -0.500000 0.379440 0.000000
rs0257 -0.457840 0.168640 0.084320
rs0259 -0.078410 0.252960 0.000000
rs0260 0.301030 inf 0.210800
rs0261 0.301030 -0.042160 0.000000
rs0262 -0.542160 0.210800 0.084320
rs0263 0.301030 inf 0.000000
rs0264 -0.668640 0.168640 0.084320
rs0266 0.090230 0.168640 0.000000
rs0267 0.132390 0.126480 0.210800
rs0268 0.132390 0.126480 0.000000
rs0269 -0.542160 0.379440 0.042160
rs0270 0.301030 inf 0.000000
rs0273 -0.457840 0.210800 0.084320
rs0274 -0.289200 0.295110 0.000000
rs0275 -0.457840 0.210800 0.084320
rs0276 -0.415680 0.295120 0.000000
rs0277 -0.542160 0.168640 0.084320
rs0280 0.301030 inf 0.000000
rs0282 0.048070 0.168640 0.210790
rs0283 -0.331360 0.210800 0.000000
rs0289 -0.331360 0.295110 0.084320
rs0297 -0.542160 0.210800 0.000000
rs0303 -0.668640 0.126480 0.084320
rs0306 0.132390 0.084320 0.000000
rs0308 0.301030 inf 0.337280
rs0313 0.301030 inf 0.000000
rs0314 -0.415680 0.632390 0.042160
rs0315 -0.162720 0.252950 0.000000
rs0316 0.132390 0.126480 0.210800
rs0318 -0.752960 0.210800 0.000000
rs0320 0.090230 0.168640 0.168640
rs0323 -0.289200 0.168640 0.000000
rs0328 -0.331360 0.295110 0.084320
rs0331 -0.289200 0.252950 0.000000
rs0334 -0.289200 0.337270 0.084320
rs0337 -0.289200 0.379430 0.000000
rs0339 0.301030 inf 0.210800
rs0340 -0.289200 0.421590 0.000000
rs0341 -0.500000 0.210800 0.084320
rs0343 -0.542160 0.674550 0.000000
rs0344 -0.500000 0.295120 0.084320
rs0345 -0.710800 0.168640 0.000000
rs0349 -0.710800 0.210800 0.084320
rs0350 0.301030 -0.042160 0.000000
rs0354 -0.542160 0.379440 0.084320
rs0358 -0.036250 0.210800 0.000000
rs0364 -0.626480 0.168640 0.084320
rs0365 -0.542160 0.168640 0.000000
rs0371 0.301030 inf 0.337280
rs0372 -0.626480 0.295120 0.000000
rs0373 -0.331360 0.505910 0.084320
rs0374 -0.584320 0.168640 0.000000
rs0377 -0.415680 0.421590 0.042160
rs0380 -0.500000 0.674550 0.000000
rs0384 -0.457840 0.252960 0.042160
rs0386 -0.542160 0.548070 0.000000
rs0389 -0.626480 0.337280 0.042160
rs0390 0.301030 -0.042160 0.000000
rs0391 -0.247040 0.379430 0.084320
rs0392 -0.584320 0.463760 0.000000
rs0393 -0.415680 0.210800 0.084320
rs0394 -0.668640 0.168640 0.000000
rs0396 0.301030 inf 0.168640
rs0401 0.258870 0.000000 0.000000
rs0406 -0.247040 0.252950 0.042160
rs0408 -0.542160 0.716710 0.000000
rs0409 0.090230 0.126480 0.379430
rs0411 -0.542160 0.210800 0.000000
rs0416 -0.668640 0.168640 0.084320
rs0419 0.301030 -0.084320 0.000000
rs0420 0.301030 -0.042160 0.421590
rs0421 -0.626480 0.168640 0.000000
rs0422 -0.668640 0.210800 0.084320
rs0424 -0.500000 0.337280 0.000000
rs0425 -0.289200 0.295110 0.084320
rs0427 -0.457840 0.210800 0.000000
rs0429 -0.542160 0.168640 0.084320
rs0430 -0.626480 0.126480 0.000000
rs0432 -0.752960 0.168640 0.126480
rs0437 -0.500000 0.548070 0.000000
rs0440 0.132390 0.126480 0.126480
rs0442 -0.584320 0.210800 0.000000
rs0444 -0.542160 0.210800 0.084320
rs0449 0.090230 0.168640 0.000000
rs0451 0.301030 -0.042160 0.379440
rs0452 0.301030 -0.042160 0.000000
rs0454 -0.289200 0.295110 0.084320
rs0456 -0.373520 0.337270 0.000000
rs0458 0.301030 inf 0.590230
rs0460 -0.584320 0.168640 0.000000
rs0463 0.048070 0.126480 0.252950
rs0467 -0.542160 0.168640 0.000000
rs0468 -0.415680 0.590230 0.042160
rs0469 -0.584320 0.252960 0.000000
rs0470 -0.668640 0.168640 0.084320
rs0472 -0.710800 0.168640 0.000000
rs0473 -0.668640 0.210800 0.042160
rs0477 -0.584320 0.463760 0.000000
rs0480 -0.373520 0.210800 0.084320
rs0485 -0.584320 0.168640 0.000000
rs0493 -0.542160 0.295120 0.084320
rs0494 0.301030 -0.042160 0.000000
rs0495 -0.542160 0.168640 0.084320
rs0496 -0.036250 0.210800 0.000000
rs0502 0.301030 inf 0.210800
rs0503 0.090230 0.168640 0.000000
rs0505 0.301030 inf 0.295120
rs0508 -0.542160 0.168640 0.000000
rs0512 0.301030 -0.042160 0.548070
rs0516 -0.500000 0.421590 0.000000
rs0517 0.301030 inf 0.168640
rs0519 -0.415680 0.505910 0.000000
rs0520 -0.415680 0.210800 0.084320
rs0521 -0.373520 0.421590 0.000000
rs0522 -0.204880 0.337270 0.084320
rs0526 -0.415680 0.210800 0.000000
rs0528 0.301030 inf 0.210800
rs0529 -0.457840 0.421590 0.000000
rs0531 0.301030 inf 0.126480
rs0532 -0.331360 0.463750 0.000000
rs0534 -0.415680 0.463750 0.042160
rs0536 -0.542160 0.295120 0.000000
rs0537 0.301030 inf 0.210800
rs0538 -0.247040 0.295110 0.000000
rs0541 0.301030 inf 0.210800
rs0543 -0.542160 0.590230 0.000000
rs0545 -0.752960 0.168640 0.084320
rs0548 -0.584320 0.463760 0.000000
rs0549 -0.415680 0.252960 0.084320
rs0553 -0.457840 0.168640 0.000000
rs0554 0.301030 inf 0.210800
rs0555 -0.078410 0.252960 0.000000
rs0556 -0.795120 0.210800 0.084320
rs0559 -0.500000 0.379440 0.000000
rs0560 0.048070 0.168640 0.210790
rs0566 -0.542160 0.379440 0.000000
rs0568 -0.457840 0.210800 0.084320
rs0571 -0.710800 0.168640 0.000000
rs0572 0.301030 inf 0.379440
rs0573 -0.500000 0.168640 0.000000
rs0574 0.301030 inf 0.210800
rs0578 0.301030 inf 0.000000
rs0579 0.301030 inf 0.379440
rs0582 0.048070 0.168640 0.000000
rs0586 -0.626480 0.210800 0.084320
rs0587 0.090230 0.168640 0.000000
rs0591 0.301030 inf 0.295120
rs0598 0.301030 inf 0.000000
rs0602 -0.373520 0.463750 0.084320
rs0609 -0.289200 0.337270 0.000000
rs0612 0.301030 inf 0.210800
rs0615 0.258870 0.000000 0.000000
rs0623 -0.584320 0.168640 0.084320
rs0626 -0.373520 0.168640 0.000000
rs0645 -0.247040 0.379430 0.084320
rs0650 0.301030 -0.042160 0.000000
rs0656 -0.204880 0.252950 0.084320
rs0660 0.301030 inf 0.000000
rs0667 0.301030 -0.042160 0.421590
rs0671 -0.415680 0.168640 0.000000
rs0672 0.301030 inf 0.252960
rs0679 0.258870 0.000000 0.000000
rs0691 0.301030 inf 0.168640
rs0703 0.301030 inf 0.000000
rs0708 0.301030 inf 0.210800
rs0710 -0.500000 0.295120 0.000000
rs0722 -0.457840 0.295120 0.084320
rs0724 0.258870 inf 0.000000
rs0726 -0.542160 0.210800 0.084320
rs0727 0.301030 -0.042160 0.000000
rs0731 -0.415680 0.463750 0.042160
rs0733 0.301030 inf 0.000000
rs0734 -0.289200 0.337270 0.084320
rs0738 -0.331360 0.379430 0.000000
rs0740 -0.500000 0.168640 0.084320
rs0741 0.258870 0.000000 0.000000
rs0743 -0.626480 0.168640 0.084320
rs0744 0.301030 -0.042160 0.000000
rs0745 -0.036250 0.252960 0.084310
rs0751 0.301030 inf 0.000000
rs0754 0.301030 -0.042160 0.632390
rs0756 -0.457840 0.210800 0.000000
rs0758 0.258870 0.000000 0.379430
rs0763 -0.289200 0.421590 0.000000
rs0768 -0.331360 0.295110 0.084320
rs0774 -0.542160 0.168640 0.000000
rs0775 -0.542160 0.126480 0.084320
rs0777 -0.710800 0.210800 0.000000
rs0778 -0.457840 0.168640 0.084320
rs0779 0.258870 0.000000 0.000000
rs0781 0.216710 0.042160 0.252960
rs0782 -0.626480 0.252960 0.000000
rs0788 -0.500000 0.252960 0.084320
rs0790 -0.626480 0.168640 0.000000
rs0793 -0.289200 0.379430 0.084320
rs0797 0.216710 0.042160 0.000000
rs0798 0.005910 0.210800 0.126470
rs0802 -0.500000 0.210800 0.000000
rs0804 -0.626480 0.337280 0.042160
rs0805 -0.795120 0.168640 0.000000
rs0806 0.048070 0.126480 0.252950
rs0808 0.301030 inf 0.000000
rs0809 0.301030 inf 0.210800
rs0810 -0.584320 0.210800 0.000000
rs0811 0.090230 0.126480 0.252950
rs0812 0.301030 inf 0.000000
rs0815 -0.542160 0.168640 0.084320
rs0818 -0.542160 0.210800 0.000000
rs0823 0.301030 inf 0.168640
rs0831 0.301030 inf 0.000000
rs0832 -0.626480 0.463760 0.042160
rs0833 0.301030 inf 0.000000
rs0834 -0.162720 0.252950 0.084320
rs0839 0.301030 inf 0.000000
rs0840 -0.500000 0.337280 0.042160
rs0842 -0.626480 0.168640 0.000000
rs0843 0.301030 -0.084320 0.632390
rs0846 0.301030 -0.042160 0.000000
rs0847 0.258870 0.000000 0.421590
rs0850 0.301030 inf 0.000000
rs0855 0.301030 inf 0.337280
rs0866 -0.078410 0.252960 0.000000
rs0868 -0.036250 0.168640 0.252950
rs0869 -0.457840 0.463750 0.000000
rs0871 -0.500000 0.674550 0.042160
rs0875 -0.120560 0.210790 0.000000
rs0880 -0.204880 0.337270 0.084320
rs0887 -0.078410 0.252960 0.000000
rs0893 -0.542160 0.210800 0.084320
rs0896 0.301030 inf 0.000000
rs0897 -0.289200 0.252950 0.084320
rs0900 -0.500000 0.295120 0.000000
rs0906 -0.542160 0.210800 0.084320
rs0907 -0.373520 0.337270 0.000000
rs0909 -0.415680 0.168640 0.084320
rs0916 -0.415680 0.210800 0.000000
rs0920 -0.415680 0.210800 0.084320
rs0921 0.301030 inf 0.000000
rs0923 -0.626480 0.168640 0.084320
rs0930 -0.500000 0.168640 0.000000
rs0932 -0.584320 0.210800 0.084320
rs0933 -0.626480 0.168640 0.000000
rs0934 -0.331360 0.295110 0.084320
rs0935 -0.457840 0.421590 0.000000
rs0944 -0.457840 0.210800 0.084320
rs0950 -0.542160 0.590230 0.000000
rs0953 0.301030 inf 0.252960
rs0954 0.301030 inf 0.000000
rs0957 -0.668640 0.210800 0.084320
rs0958 0.258870 0.000000 0.000000
rs0959 -0.710800 0.126480 0.084320
rs0960 -0.710800 0.168640 0.000000
rs0962 -0.331360 0.505910 0.084320
rs0967 -0.331360 0.252950 0.000000
rs0970 0.216710 0.042160 0.421590
rs0974 0.258870 inf 0.000000
rs0976 -0.668640 0.168640 0.084320
rs0978 -0.247040 0.295110 0.000000
rs0980 0.301030 inf 0.295120
rs0981 -0.542160 0.210800 0.000000
rs0982 -0.795120 0.168640 0.084320
rs0983 -0.500000 0.337280 0.000000
rs0984 -0.331360 0.337270 0.084320
rs0985 -0.500000 0.295120 0.000000
rs0986 -0.584320 0.168640 0.084320
rs0989 0.258870 -0.042160 0.000000
rs0991 0.258870 0.000000 0.295120
rs0995 0.048070 0.168640 0.000000
rs0996 -0.542160 0.210800 0.084320
rs0997 -0.078410 0.210800 0.000000
rs1000 0.090230 0.168640 0.210790
rs1001 -0.500000 0.463750 0.000000
rs1004 0.301030 inf 0.168640
rs1014 -0.668640 0.210800 0.000000
rs1016 0.301030 inf 0.210800
rs1017 -0.668640 0.210800 0.000000
rs1021 -0.457840 0.168640 0.084320
rs1023 0.301030 -0.042160 0.000000
rs1025 0.301030 inf 0.252960
rs1028 -0.289200 0.337270 0.000000
rs1029 -0.415680 0.168640 0.084320
rs1030 -0.584320 0.168640 0.000000
rs1034 -0.500000 0.252960 0.084320
rs1035 -0.542160 0.463750 0.000000
rs1036 -0.078410 0.252960 0.084310
rs1038 -0.542160 0.168640 0.000000
rs1040 -0.542160 0.168640 0.084320
rs1041 -0.668640 0.168640 0.000000
rs1043 -0.710800 0.252960 0.084320
rs1045 -0.247040 0.337270 0.000000
rs1047 -0.457840 0.168640 0.084320
rs1048 0.301030 inf 0.000000
rs1050 -0.626480 0.168640 0.084320
rs1052 -0.415680 0.295120 0.000000
rs1054 -0.752960 0.168640 0.084320
rs1055 -0.500000 0.168640 0.000000
rs1057 0.301030 inf 0.126480
rs1059 -0.078410 0.295120 0.000000
rs1060 -0.710800 0.252960 0.084320
rs1062 0.258870 inf 0.000000
rs1065 -0.415680 0.252960 0.084320
rs1070 -0.542160 0.590230 0.000000
rs1072 -0.373520 0.252960 0.084320
rs1073 -0.457840 0.168640 0.000000
rs1074 -0.500000 0.252960 0.084320
rs1075 0.258870 inf 0.000000
rs1079 0.301030 inf 0.337280
rs1080 -0.289200 0.505910 0.000000
rs1081 -0.331360 0.295110 0.084320
rs1082 0.216710 0.042160 0.000000
rs1083 0.301030 -0.042160 0.758870
rs1084 -0.373520 0.252960 0.000000
rs1087 -0.289200 0.379430 0.084320
rs1091 0.301030 inf 0.000000
rs1098 -0.457840 0.168640 0.084320
rs1100 0.090230 0.126480 0.000000
rs1102 0.301030 inf 0.126480
rs1103 -0.626480 0.505920 0.000000
rs1104 -0.331360 0.210800 0.084320
rs1105 -0.500000 0.126480 0.000000
rs1106 0.301030 inf 0.126480
rs1108 -0.626480 0.168640 0.000000
rs1109 0.301030 inf 0.252960
rs1110 -0.289200 0.463750 0.000000
rs1111 0.301030 inf 0.210800
rs1112 0.301030 inf 0.000000
rs1113 -0.795120 0.168640 0.126470
rs1114 0.301030 inf 0.000000
rs1116 0.258870 inf 0.168640
rs1117 -0.500000 0.168640 0.000000
rs1118 0.048070 0.168640 0.168630
rs1120 0.301030 inf 0.000000
rs1121 0.301030 inf 0.210800
rs1122 0.301030 inf 0.000000
rs1123 0.258870 0.000000 0.252960
rs1125 -0.289200 0.295110 0.000000
rs1126 -0.500000 0.210800 0.084320
rs1128 -0.542160 0.379440 0.000000
rs1129 0.132390 0.126480 0.126480
rs1131 0.301030 inf 0.000000
rs1132 -0.626480 0.168640 0.084320
rs1137 -0.331360 0.421590 0.000000
rs1142 -0.457840 0.252960 0.084320
rs1143 -0.584320 0.168640 0.000000
rs1150 -0.078410 0.210800 0.084310
rs1152 0.216710 0.042160 0.000000
rs1154 -0.331360 0.421590 0.042160
rs1156 -0.500000 0.210800 0.000000
rs1157 -0.500000 0.210800 0.042160
rs1159 -0.500000 0.168640 0.000000
rs1163 -0.500000 0.674550 0.042160
rs1164 -0.837280 0.126480 0.000000
rs1168 0.258870 0.000000 0.210800
rs1169 -0.204880 0.295110 0.000000
rs1170 -0.415680 0.337270 0.084320
rs1171 0.216710 0.000000 0.000000
rs1172 -0.668640 0.168640 0.084320
rs1178 -0.289200 0.379430 0.000000
rs1179 -0.457840 0.421590 0.042160
rs1182 -0.247040 0.295110 0.000000
rs1183 0.258870 0.000000 0.463750
rs1184 -0.542160 0.210800 0.000000
rs1185 0.258870 0.000000 0.505910
rs1187 -0.457840 0.421590 0.000000
rs1188 -0.626480 0.210800 0.084320
rs1190 0.174550 0.084320 0.000000
rs1191 0.048070 0.168640 0.252950
rs1192 -0.626480 0.168640 0.000000
rs1195 -0.247040 0.210790 0.084320
rs1197 0.048070 0.168640 0.000000
rs1198 -0.542160 0.590230 0.042160
rs1200 -0.584320 0.210800 0.000000
rs1202 -0.457840 0.168640 0.126480
rs1205 0.258870 0.000000 0.000000
rs1207 0.090230 0.126480 0.252950
rs1208 -0.584320 0.168640 0.000000
rs1209 -0.457840 0.590230 0.042160
rs1211 0.301030 inf 0.000000
rs1212 -0.373520 0.210800 0.084320
rs1213 0.301030 inf 0.000000
rs1214 0.174550 0.084320 0.126480
rs1220 0.216710 0.042160 0.000000
rs1229 0.301030 inf 0.168640
rs1236 -0.373520 0.168640 0.000000
rs1238 0.301030 -0.042160 0.505910
rs1245 -0.542160 0.210800 0.000000
rs1248 0.216710 0.042160 0.379430
rs1254 0.258870 0.000000 0.000000
rs1257 -0.626480 0.210800 0.084320
rs1258 -0.247040 0.421590 0.000000
rs1259 -0.500000 0.505910 0.084320
rs1261 -0.584320 0.590230 0.000000
rs1262 -0.542160 0.168640 0.084320
rs1264 -0.584320 0.210800 0.000000
rs1265 0.258870 0.000000 0.674550
rs1266 0.301030 -0.084320 0.000000
rs1267 0.301030 inf 0.168640
rs1269 -0.752960 0.126480 0.000000
rs1270 -0.542160 0.632390 0.042160
rs1276 -0.542160 0.210800 0.000000
rs1278 0.258870 0.000000 0.421590
rs1280 -0.500000 0.252960 0.000000
rs1281 -0.542160 0.252960 0.084320
rs1282 0.132390 0.126480 0.000000
rs1283 -0.626480 0.126480 0.084320
rs1284 -0.626480 0.252960 0.000000
rs1286 0.258870 0.000000 0.548070
rs1289 -0.500000 0.210800 0.000000
rs1290 -0.668640 0.210800 0.084320
rs1291 -0.457840 0.252960 0.000000
rs1292 -0.289200 0.295110 0.084320
rs1293 -0.289200 0.337270 0.000000
rs1294 0.005910 0.210800 0.126470
rs1296 -0.710800 0.168640 0.000000
rs1297 -0.626480 0.210800 0.084320
rs1298 -0.584320 0.168640 0.000000
rs1299 -0.626480 0.252960 0.084320
rs1301 0.301030 inf 0.000000
rs1302 -0.668640 0.168640 0.084320
rs1304 -0.626480 0.295120 0.000000
rs1310 -0.457840 0.337280 0.042160
rs1337 0.090230 0.126480 0.000000
rs1359 -0.542160 0.252960 0.084320
rs1364 0.301030 inf 0.000000
rs1368 -0.626480 0.337280 0.084320
rs1437 0.258870 inf 0.000000
