rf0001 -0.496700 0.125260 0.000000
rf0003 0.083470 0.026370 0.065930
rf0006 -0.351660 0.184600 0.000000
rf0007 -0.094540 0.138450 0.276900
rf0008 0.294440 0.000000 0.000000
rf0010 -0.457150 0.112080 0.059340
rf0011 -0.292330 0.125270 0.000000
rf0014 -0.430780 0.171420 0.092300
rf0015 0.149390 0.039560 0.000000
rf0017 -0.411000 0.125270 0.065930
rf0023 -0.463740 0.164820 0.000000
rf0024 -0.127500 0.105480 0.079110
rf0028 -0.424180 0.197780 0.000000
rf0029 -0.397810 0.131860 0.065920
rf0030 -0.232990 0.184600 0.000000
rf0031 0.116430 0.032960 0.079110
rf0033 -0.470330 0.164820 0.000000
rf0034 -0.516480 0.210970 0.125260
rf0040 0.129620 0.039550 0.000000
rf0042 -0.516480 0.224150 0.079110
rf0043 0.254880 0.006590 0.000000
rf0045 -0.523070 0.131850 0.072520
rf0048 -0.443960 0.118670 0.000000
rf0049 -0.490110 0.171410 0.131860
rf0051 -0.589000 0.184600 0.000000
rf0053 -0.516480 0.131850 0.065930
rf0058 -0.338480 0.204380 0.000000
rf0060 -0.417590 0.105490 0.052740
rf0062 -0.153880 0.079120 0.000000
rf0064 -0.556040 0.112080 0.072520
rf0065 -0.430780 0.098900 0.000000
rf0068 -0.562630 0.178000 0.158230
rf0071 0.142800 0.072520 0.000000
rf0072 -0.694490 0.191190 0.065930
rf0073 -0.411000 0.118670 0.000000
rf0074 -0.114320 0.191190 0.059340
rf0076 -0.430780 0.151640 0.000000
rf0077 -0.450550 0.151630 0.178010
rf0079 -0.397810 0.171410 0.000000
rf0083 -0.443960 0.191190 0.065930
rf0084 -0.351660 0.224160 0.000000
rf0092 0.195540 0.032970 0.204380
rf0098 0.261470 -0.006590 0.000000
rf0099 -0.424180 0.138450 0.072530
rf0102 -0.476930 0.263720 0.000000
rf0104 -0.562630 0.151630 0.072520
rf0107 -0.490110 0.131860 0.000000
rf0108 -0.529670 0.118670 0.059340
rf0109 -0.292330 0.178010 0.000000
rf0111 -0.338480 0.270310 0.072520
rf0117 -0.312100 0.138450 0.000000
rf0118 -0.523070 0.197780 0.059340
rf0119 -0.463740 0.158230 0.000000
rf0122 -0.523070 0.184590 0.065920
rf0125 0.063690 0.052740 0.000000
rf0126 0.268070 0.013180 0.079110
rf0128 -0.292330 0.171420 0.000000
rf0129 -0.312100 0.145040 0.085700
rf0132 -0.180250 0.059340 0.000000
rf0134 -0.298920 0.296680 0.085710
rf0141 -0.549450 0.204380 0.000000
rf0143 -0.371440 0.145040 0.079110
rf0147 0.142800 0.039560 0.000000
rf0150 0.129620 0.072520 0.072520
rf0154 -0.542850 0.210970 0.000000
rf0156 0.136210 0.032960 0.131850
rf0157 -0.621970 0.210970 0.000000
rf0160 -0.259360 0.382380 0.046150
rf0164 0.129620 0.039550 0.000000
rf0167 0.208730 0.026370 0.085700
rf0169 -0.443960 0.118670 0.000000
rf0171 0.301030 inf 0.085710
rf0173 0.287840 -0.013180 0.000000
rf0175 -0.378030 0.178000 0.072520
rf0176 0.063690 -0.006600 0.000000
rf0177 -0.305510 0.118670 0.059340
rf0179 -0.457150 0.112080 0.000000
rf0180 -0.358250 0.178000 0.065930
rf0181 -0.404400 0.296670 0.000000
rf0191 0.083470 0.059330 0.072520
rf0192 -0.397810 0.131860 0.000000
rf0193 0.070280 0.092300 0.065930
rf0195 0.050500 0.046150 0.000000
rf0197 -0.397810 0.079110 0.125260
rf0201 -0.516480 0.164820 0.000000
rf0204 -0.470330 0.131850 0.375790
rf0205 0.096650 0.039560 0.000000
rf0206 0.030720 0.065930 0.065930
rf0207 -0.443960 0.158230 0.000000
rf0209 0.294440 0.000000 0.065920
rf0210 -0.384630 0.178010 0.000000
rf0216 0.129620 0.085700 0.072520
rf0217 0.195540 0.026380 0.000000
rf0223 0.070280 0.039560 0.065930
rf0226 -0.371440 0.276900 0.000000
rf0227 -0.378030 0.164820 0.085700
rf0229 0.162580 0.019780 0.000000
rf0234 0.043910 0.046150 0.072520
rf0236 -0.437370 0.112080 0.000000
rf0237 0.037320 0.046150 0.059330
rf0238 -0.411000 0.138450 0.000000
rf0241 -0.661520 0.210970 0.079120
rf0242 -0.094540 0.178010 0.000000
rf0246 -0.641750 0.210970 0.065930
rf0247 -0.463740 0.145040 0.000000
rf0249 0.155990 0.046150 0.072520
rf0250 -0.529670 0.118670 0.000000
rf0251 -0.331880 0.158230 0.085710
rf0252 -0.476930 0.184600 0.000000
rf0256 0.037320 0.059330 0.230750
rf0257 -0.509890 0.164820 0.000000
rf0258 -0.252770 0.184600 0.131860
rf0259 -0.351660 0.178010 0.000000
rf0262 -0.556040 0.125260 0.072520
rf0263 -0.417590 0.191190 0.000000
rf0264 0.057090 0.046150 0.072530
rf0265 -0.516480 0.151630 0.000000
rf0266 -0.615370 0.171410 0.079110
rf0267 -0.371440 0.158230 0.000000
rf0268 -0.417590 0.178010 0.059330
rf0269 -0.437370 0.283490 0.000000
rf0272 -0.437370 0.131860 0.079110
rf0273 -0.556040 0.184600 0.000000
rf0280 -0.509890 0.131860 0.059340
rf0283 0.096650 0.032970 0.000000
rf0284 -0.523070 0.131850 0.230750
rf0292 0.070280 0.026370 0.000000
rf0294 0.142800 0.072520 0.164820
rf0297 -0.476930 0.243940 0.000000
rf0298 -0.378030 0.138450 0.052750
rf0299 -0.417590 0.158230 0.000000
rf0300 -0.384630 0.131860 0.329640
rf0302 0.149390 0.039560 0.000000
rf0303 -0.404400 0.178000 0.052740
rf0305 -0.384630 0.178010 0.000000
rf0306 -0.523070 0.131850 0.039560
rf0314 -0.523070 0.237340 0.000000
rf0316 -0.015430 0.052750 0.210970
rf0318 -0.562630 0.210970 0.000000
rf0320 -0.503300 0.138450 0.197780
rf0321 -0.483520 0.191190 0.000000
rf0322 -0.345070 0.243940 0.079110
rf0323 -0.305510 0.171410 0.000000
rf0326 -0.483520 0.204380 0.072520
rf0328 -0.213210 0.138450 0.000000
rf0331 -0.325290 0.171410 0.263710
rf0332 -0.496700 0.151630 0.000000
rf0333 0.070280 0.039560 0.065930
rf0335 -0.523070 0.131850 0.000000
rf0338 -0.397810 0.065930 0.441720
rf0339 0.070280 0.026370 0.000000
rf0340 -0.483520 0.125270 0.072520
rf0342 -0.279140 0.131860 0.000000
rf0343 -0.101130 0.085700 0.065920
rf0344 -0.437370 0.382390 0.000000
rf0348 0.208730 0.026370 0.072530
rf0351 -0.411000 0.118670 0.000000
rf0354 -0.358250 0.362600 0.065930
rf0358 -0.523070 0.131850 0.000000
rf0363 -0.529670 0.105490 0.230750
rf0364 -0.331880 0.283490 0.000000
rf0365 -0.338480 0.092300 0.065930
rf0366 -0.417590 0.085710 0.000000
rf0367 -0.404400 0.105480 0.178010
rf0368 -0.483520 0.125270 0.000000
rf0370 -0.397810 0.131860 0.342830
rf0374 -0.424180 0.138450 0.000000
rf0376 -0.279140 0.105490 0.092300
rf0378 -0.213210 0.303270 0.000000
rf0381 -0.443960 0.224160 0.065930
rf0383 0.096650 0.032970 0.000000
rf0385 -0.351660 0.131860 0.072520
rf0386 0.037320 0.013180 0.000000
rf0387 -0.265950 0.329640 0.230750
rf0388 0.155990 0.046150 0.000000
rf0391 -0.397810 0.178010 0.184600
rf0392 -0.549450 0.145050 0.000000
rf0393 -0.496700 0.145040 0.072520
rf0395 0.268070 0.013180 0.000000
rf0396 -0.008830 0.072520 0.118670
rf0398 0.083470 0.046150 0.000000
rf0399 -0.305510 0.098890 0.059330
rf0400 0.281250 0.006590 0.000000
rf0401 -0.661520 0.178000 0.270310
rf0403 -0.430780 0.191200 0.000000
rf0412 -0.384630 0.171420 0.158220
rf0413 -0.384630 0.164830 0.000000
rf0415 -0.246180 0.131860 0.217560
rf0417 0.254880 0.019780 0.000000
rf0419 -0.562630 0.138450 0.072520
rf0425 -0.318700 0.283500 0.000000
rf0427 -0.252770 0.250530 0.059340
rf0428 -0.457150 0.151640 0.000000
rf0430 -0.476930 0.263720 0.448310
rf0431 -0.536260 0.138450 0.000000
rf0432 -0.378030 0.145040 0.283490
rf0433 -0.345070 0.204380 0.000000
rf0434 -0.509890 0.197790 0.079110
rf0436 -0.509890 0.191190 0.000000
rf0439 -0.707670 0.131850 0.210970
rf0441 -0.569220 0.138440 0.000000
rf0448 -0.318700 0.125270 0.092300
rf0452 0.261470 0.006600 0.000000
rf0453 -0.338480 0.158230 0.065930
rf0454 -0.384630 0.178010 0.000000
rf0455 0.241690 0.019780 0.092300
rf0456 -0.305510 0.191190 0.000000
rf0459 -0.523070 0.098890 0.072520
rf0460 0.043910 0.059330 0.000000
rf0461 -0.496700 0.217560 0.065930
rf0462 -0.523070 0.145040 0.000000
rf0463 0.195540 0.006600 0.105490
rf0464 -0.628560 0.184600 0.000000
rf0465 -0.450550 0.191190 0.092300
rf0466 -0.338480 0.204380 0.000000
rf0467 -0.292330 0.151640 0.072520
rf0471 -0.411000 0.210970 0.000000
rf0473 -0.232990 0.296680 0.059330
rf0474 -0.523070 0.138440 0.000000
rf0476 -0.424180 0.145040 0.230750
rf0477 -0.397810 0.085710 0.000000
rf0478 -0.397810 0.421940 0.065930
rf0479 -0.523070 0.138440 0.000000
rf0480 -0.378030 0.204380 0.072520
rf0482 -0.279140 0.151640 0.000000
rf0485 -0.747230 0.197780 0.065930
rf0487 -0.450550 0.138450 0.000000
rf0488 -0.331880 0.178000 0.085710
rf0496 -0.523070 0.151630 0.000000
rf0498 -0.687900 0.164830 0.052740
rf0499 -0.463740 0.112080 0.000000
rf0500 0.070280 0.013190 0.316450
rf0503 -0.371440 0.092300 0.000000
rf0505 -0.450550 0.164820 0.065930
rf0507 -0.364850 0.257120 0.000000
rf0510 0.129620 0.092300 0.065930
rf0513 0.076870 0.039560 0.000000
rf0518 -0.430780 0.158230 0.065930
rf0524 -0.476930 0.164830 0.000000
rf0545 -0.437370 0.224160 0.072520
rf0607 -0.397810 0.105480 0.000000
rf0622 -0.549450 0.158230 0.079110
rf0630 -0.701080 0.145040 0.000000
rf0642 -0.615370 0.145040 0.085700
rf0644 -0.687900 0.217570 0.000000
rf0663 -0.648340 0.151640 0.085710
rf0684 0.116430 0.079110 0.000000
rf0693 -0.608780 0.184600 0.059330
rf0695 -0.404400 0.098890 0.000000
rf0701 -0.490110 0.210970 0.171410
rf0707 -0.351660 0.158230 0.000000
rf0713 -0.503300 0.151640 0.072530
rf0730 -0.259360 0.296680 0.000000
rf0745 -0.714270 0.224160 0.250530
rf0783 -0.496700 0.171410 0.000000
rf0795 -0.463740 0.197790 0.184600
rs0001 -0.483520 0.145040 0.000000
rs0002 -0.358250 0.158220 0.052740
rs0003 -0.411000 0.171420 0.000000
rs0010 -0.384630 0.125270 0.059340
rs0011 -0.397810 0.158230 0.000000
rs0012 -0.437370 0.210970 0.079110
rs0013 -0.430780 0.151640 0.000000
rs0017 0.057090 0.112080 0.059330
rs0019 0.182360 0.026370 0.000000
rs0020 -0.450550 0.178000 0.250520
rs0023 0.123020 0.013190 0.000000
rs0030 -0.345070 0.164820 0.065930
rs0035 -0.575820 0.151640 0.000000
rs0039 -0.490110 0.118670 0.052740
rs0041 -0.305510 0.230750 0.000000
rs0042 0.083470 -0.006600 0.059340
rs0045 -0.318700 0.243940 0.000000
rs0046 0.090060 0.032960 0.065930
rs0047 -0.575820 0.184600 0.000000
rs0048 0.096650 0.039560 0.276900
rs0050 0.057090 0.072530 0.000000
rs0051 -0.127500 0.112070 0.085710
rs0052 -0.325290 0.257120 0.000000
rs0054 -0.496700 0.131850 0.059330
rs0062 -0.470330 0.112080 0.000000
rs0063 -0.160470 0.098890 0.085700
rs0064 0.037320 0.079110 0.000000
rs0065 -0.358250 0.197780 0.072520
rs0068 -0.404400 0.171410 0.000000
rs0070 -0.450550 0.112070 0.072520
rs0077 0.268070 0.013180 0.000000
rs0081 -0.463740 0.112080 0.072520
rs0082 -0.450550 0.257120 0.000000
rs0083 -0.509890 0.270310 0.079120
rs0084 -0.318700 0.158230 0.000000
rs0085 -0.325290 0.171410 0.079110
rs0087 -0.443960 0.421940 0.000000
rs0088 -0.476930 0.138450 0.065930
rs0089 0.076870 0.046150 0.000000
rs0090 -0.523070 0.125260 0.329640
rs0092 -0.437370 0.151640 0.000000
rs0093 0.129620 0.046150 0.085710
rs0094 -0.378030 0.151630 0.000000
rs0095 -0.582410 0.125260 0.112080
rs0096 0.063690 0.032960 0.000000
rs0097 -0.523070 0.131850 0.283490
rs0098 -0.239580 0.197780 0.000000
rs0099 -0.476930 0.276900 0.065930
rs0104 0.076870 0.026370 0.000000
rs0105 -0.397810 0.138450 0.065930
rs0106 -0.536260 0.178010 0.000000
rs0111 -0.476930 0.151640 0.118670
rs0113 0.116430 0.032960 0.000000
rs0118 -0.371440 0.151640 0.072520
rs0120 -0.272550 0.184600 0.000000
rs0121 0.083470 0.039550 0.098890
rs0122 -0.503300 0.151640 0.000000
rs0124 -0.411000 0.059340 0.072520
rs0126 0.050500 0.019780 0.000000
rs0127 -0.384630 0.171420 0.052750
rs0128 0.076870 0.079120 0.000000
rs0129 0.261470 0.019780 0.072530
rs0130 -0.397810 0.184600 0.000000
rs0132 -0.641750 0.171420 0.098890
rs0133 0.037320 0.046150 0.000000
rs0134 0.037320 0.059330 0.065930
rs0135 -0.232990 0.178010 0.000000
rs0137 -0.312100 0.112070 0.052740
rs0138 -0.457150 0.138450 0.000000
rs0140 -0.562630 0.112080 0.079110
rs0141 -0.397810 0.118670 0.000000
rs0143 0.096650 0.032970 0.118670
rs0145 0.050500 0.019780 0.000000
rs0146 -0.463740 0.158230 0.065930
rs0147 -0.298920 0.112080 0.000000
rs0148 0.162580 0.052740 0.059340
rs0149 -0.364850 0.171420 0.000000
rs0150 -0.397810 0.098890 0.072520
rs0154 -0.536260 0.243930 0.000000
rs0156 -0.443960 0.230750 0.065930
rs0163 -0.219800 0.191190 0.000000
rs0165 -0.397810 0.145040 0.052740
rs0166 -0.094540 0.250530 0.000000
rs0167 -0.503300 0.131860 0.059340
rs0168 -0.523070 0.125260 0.000000
rs0170 -0.411000 0.105490 0.283490
rs0171 -0.417590 0.151640 0.000000
rs0172 -0.298920 0.125270 0.059340
rs0174 -0.397810 0.112080 0.000000
rs0175 -0.279140 0.125260 0.316460
rs0178 -0.516480 0.131850 0.000000
rs0179 -0.318700 0.257120 0.046150
rs0180 -0.305510 0.164820 0.000000
rs0182 0.129620 0.026370 0.131860
rs0183 0.057090 0.039560 0.000000
rs0184 -0.443960 0.224160 0.085710
rs0188 0.188950 0.026370 0.000000
rs0189 0.063690 0.105480 0.079110
rs0193 -0.279140 0.276900 0.000000
rs0195 0.274660 0.000000 0.072520
rs0201 0.228510 0.026370 0.000000
rs0203 0.162580 0.046150 0.112080
rs0206 0.116430 0.032960 0.000000
rs0209 -0.041800 0.092300 0.125270
rs0210 -0.411000 0.210970 0.000000
rs0211 0.254880 0.019780 0.309870
rs0212 -0.424180 0.184600 0.000000
rs0215 -0.424180 0.105480 0.065930
rs0218 -0.411000 0.118670 0.000000
rs0220 -0.490110 0.131860 0.065930
rs0221 -0.074760 0.105480 0.000000
rs0224 -0.068170 0.171410 0.059340
rs0225 -0.259360 0.270310 0.000000
rs0226 -0.417590 0.138450 0.052740
rs0227 0.116430 0.065930 0.000000
rs0228 -0.397810 0.105480 0.065920
rs0231 -0.378030 0.151630 0.000000
rs0236 -0.503300 0.164820 0.072520
rs0237 0.096650 0.039560 0.000000
rs0240 0.274660 0.013180 0.072520
rs0241 -0.384630 0.131860 0.000000
rs0242 -0.338480 0.158230 0.131860
rs0243 0.037320 0.026370 0.000000
rs0246 -0.536260 0.145040 0.085710
rs0247 -0.582410 0.131860 0.000000
rs0250 0.083470 0.059330 0.059330
rs0255 -0.476930 0.197790 0.000000
rs0256 -0.450550 0.151630 0.059330
rs0257 -0.404400 0.131850 0.000000
rs0259 -0.186840 0.085710 0.065920
rs0260 0.254880 0.013190 0.000000
rs0262 -0.443960 0.105480 0.065920
rs0263 0.149390 0.046150 0.000000
rs0264 -0.523070 0.112070 0.085710
rs0267 -0.015430 0.072520 0.000000
rs0268 -0.015430 0.072520 0.059340
rs0269 -0.483520 0.171420 0.000000
rs0270 0.221920 0.006590 0.065930
rs0273 -0.397810 0.112080 0.000000
rs0274 -0.292330 0.191200 0.065930
rs0275 -0.397810 0.112080 0.000000
rs0276 -0.391220 0.164820 0.072520
rs0277 -0.430780 0.131860 0.000000
rs0280 0.221920 0.000000 0.079120
rs0282 -0.127500 0.092300 0.000000
rs0283 -0.312100 0.131850 0.079120
rs0289 -0.318700 0.151640 0.000000
rs0290 -0.463740 0.243940 0.072520
rs0297 -0.437370 0.145040 0.000000
rs0303 -0.575820 0.164820 0.441720
rs0306 -0.252770 0.257120 0.000000
rs0308 0.116430 0.032960 0.065920
rs0313 0.195540 0.013190 0.000000
rs0314 -0.378030 0.336230 0.052740
rs0316 -0.022020 0.079110 0.000000
rs0318 -0.661520 0.171410 0.171410
rs0320 -0.054980 0.079110 0.000000
rs0323 -0.318700 0.112080 0.072520
rs0328 -0.312100 0.158220 0.000000
rs0331 -0.298920 0.145040 0.098900
rs0334 -0.318700 0.151640 0.000000
rs0336 -0.384630 0.303280 0.184600
rs0337 -0.312100 0.158220 0.000000
rs0339 0.142800 0.046150 0.059340
rs0340 -0.285730 0.178000 0.000000
rs0341 -0.417590 0.112080 0.059340
rs0343 -0.476930 0.336240 0.000000
rs0344 -0.443960 0.145040 0.303270
rs0345 -0.523070 0.112070 0.000000
rs0349 -0.562630 0.125260 0.065930
rs0350 -0.134100 0.059340 0.000000
rs0354 -0.476930 0.171420 0.059340
rs0358 -0.232990 0.184600 0.000000
rs0363 -0.463740 0.217560 0.065920
rs0364 -0.443960 0.105480 0.000000
rs0365 -0.457150 0.151640 0.065920
rs0371 0.070280 0.085710 0.000000
rs0372 -0.542850 0.197780 0.059330
rs0373 -0.331880 0.164820 0.000000
rs0374 -0.516480 0.138450 0.059340
rs0376 -0.325290 0.336240 0.000000
rs0377 -0.417590 0.224160 0.052750
rs0380 -0.457150 0.263720 0.000000
rs0384 -0.397810 0.145040 0.079120
rs0386 -0.476930 0.210980 0.000000
rs0389 -0.523070 0.217560 0.085710
rs0391 -0.265950 0.210970 0.000000
rs0392 -0.523070 0.158220 0.065930
rs0393 -0.378030 0.112080 0.000000
rs0394 -0.542850 0.112070 0.059340
rs0401 0.030720 0.085710 0.000000
rs0408 -0.470330 0.237340 0.065930
rs0409 -0.239580 0.224150 0.000000
rs0410 -0.509890 0.204380 0.079110
rs0411 -0.450550 0.125260 0.000000
rs0416 -0.523070 0.125260 0.065930
rs0419 -0.364850 0.270310 0.000000
rs0420 -0.054980 0.145040 0.072520
rs0421 -0.483520 0.125270 0.000000
rs0422 -0.523070 0.118670 0.072520
rs0423 -0.483520 0.237340 0.000000
rs0424 -0.437370 0.138450 0.065930
rs0425 -0.318700 0.145050 0.000000
rs0427 -0.397810 0.145040 0.065920
rs0428 -0.345070 0.250530 0.000000
rs0429 -0.443960 0.105480 0.065930
rs0430 -0.476930 0.112080 0.000000
rs0432 -0.701080 0.197780 0.382380
rs0433 -0.338480 0.395570 0.000000
rs0435 -0.424180 0.197780 0.039560
rs0437 -0.457150 0.171420 0.000000
rs0442 -0.496700 0.171410 0.072520
rs0444 -0.443960 0.105480 0.000000
rs0449 -0.068170 0.112080 0.059330
rs0452 -0.239580 0.224150 0.000000
rs0453 0.235100 0.026370 0.184600
rs0454 -0.259360 0.171410 0.000000
rs0456 -0.345070 0.191190 0.263710
rs0458 0.281250 -0.026370 0.000000
rs0460 -0.503300 0.138450 0.092290
rs0463 -0.120910 0.046150 0.000000
rs0467 -0.457150 0.151640 0.079110
rs0468 -0.378030 0.257120 0.000000
rs0469 -0.490110 0.230750 0.079110
rs0470 -0.523070 0.112070 0.000000
rs0472 -0.523070 0.125260 0.079120
rs0473 -0.542850 0.138450 0.000000
rs0476 0.149390 0.026380 0.079110
rs0477 -0.536260 0.210970 0.000000
rs0480 -0.358250 0.145040 0.065930
rs0485 -0.476930 0.112080 0.000000
rs0493 -0.503300 0.164820 0.072530
rs0494 -0.114320 0.257120 0.000000
rs0495 -0.437370 0.112080 0.085700
rs0496 -0.213210 0.210970 0.000000
rs0505 0.142800 0.046150 0.065930
rs0508 -0.450550 0.131850 0.000000
rs0512 0.037320 0.092300 0.270310
rs0516 -0.457150 0.164820 0.000000
rs0517 0.202140 0.026370 0.065930
rs0519 -0.424180 0.224150 0.000000
rs0520 -0.397810 0.125260 0.085710
rs0521 -0.345070 0.184600 0.000000
rs0522 -0.246180 0.184600 0.065930
rs0524 -0.450550 0.270300 0.000000
rs0526 -0.397810 0.125260 0.072520
rs0528 0.155990 0.039550 0.000000
rs0529 -0.397810 0.131860 0.072520
rs0531 0.281250 0.006590 0.000000
rs0532 -0.325290 0.171410 0.059340
rs0534 -0.378030 0.197780 0.000000
rs0536 -0.470330 0.138450 0.072520
rs0538 -0.285730 0.138450 0.000000
rs0541 0.136210 0.026370 0.079120
rs0543 -0.503300 0.283500 0.000000
rs0545 -0.523070 0.158220 0.052740
rs0548 -0.516480 0.230750 0.000000
rs0549 -0.384630 0.131860 0.065930
rs0553 -0.397810 0.145040 0.000000
rs0554 0.129620 0.046150 0.065930
rs0555 -0.213210 0.178010 0.000000
rs0556 -0.701080 0.210970 0.059330
rs0559 -0.450550 0.164820 0.000000
rs0560 -0.087950 0.079120 0.039550
rs0562 -0.470330 0.257120 0.000000
rs0564 -0.345070 0.197790 0.085710
rs0566 -0.463740 0.178010 0.000000
rs0568 -0.397810 0.138450 0.052740
rs0571 -0.542850 0.118670 0.000000
rs0572 0.228510 0.000000 0.059330
rs0573 -0.397810 0.105480 0.000000
rs0574 0.116430 0.026370 0.138440
rs0578 0.096650 0.052740 0.000000
rs0579 0.301030 -0.059340 0.197790
rs0585 -0.358250 0.210970 0.000000
rs0586 -0.523070 0.125260 0.085710
rs0588 -0.430780 0.487870 0.000000
rs0591 0.129620 0.046150 0.487870
rs0598 -0.068170 0.191190 0.000000
rs0602 -0.364850 0.250530 0.065930
rs0609 -0.285730 0.151630 0.000000
rs0615 -0.272550 0.336240 0.079110
rs0618 -0.397810 0.243930 0.000000
rs0620 -0.358250 0.224150 0.065930
rs0623 -0.450550 0.125260 0.000000
rs0626 -0.298920 0.145040 0.112080
rs0627 0.063690 0.032960 0.000000
rs0638 0.188950 0.019780 0.514250
rs0640 -0.384630 0.382390 0.000000
rs0644 -0.378030 0.230750 0.065930
rs0645 -0.259360 0.197780 0.000000
rs0656 -0.232990 0.092300 0.184600
rs0660 0.149390 0.046150 0.000000
rs0667 -0.054980 0.184600 0.079110
rs0671 -0.384630 0.118680 0.000000
rs0679 -0.358250 0.336230 0.369200
rs0691 0.301030 -0.006590 0.000000
rs0703 0.129620 0.098890 0.237340
rs0708 0.129620 0.072520 0.000000
rs0710 -0.457150 0.191200 0.125270
rs0722 -0.391220 0.204380 0.000000
rs0724 0.083470 0.032960 0.059340
rs0726 -0.443960 0.145040 0.000000
rs0727 -0.549450 0.441720 0.059340
rs0731 -0.378030 0.171410 0.000000
rs0733 0.208730 0.013190 0.065930
rs0734 -0.305510 0.158230 0.000000
rs0738 -0.338480 0.191200 0.085710
rs0740 -0.476930 0.138450 0.000000
rs0741 0.070280 0.046150 0.224160
rs0743 -0.523070 0.118670 0.000000
rs0744 -0.127500 0.171410 0.065930
rs0751 0.202140 0.019780 0.000000
rs0752 -0.430780 0.408760 0.072530
rs0754 -0.292330 0.369200 0.000000
rs0756 -0.391220 0.138450 0.079120
rs0758 -0.048390 0.131860 0.000000
rs0763 -0.298920 0.210970 0.138450
rs0767 -0.391220 0.210970 0.000000
rs0768 -0.325290 0.145040 0.072520
rs0774 -0.450550 0.131850 0.000000
rs0775 -0.397810 0.065930 0.072520
rs0777 -0.595600 0.158230 0.000000
rs0778 -0.397810 0.085710 0.079110
rs0779 0.017540 0.059330 0.000000
rs0781 0.024130 0.046150 0.065930
rs0782 -0.523070 0.131850 0.000000
rs0786 -0.443960 0.197780 0.065930
rs0788 -0.443960 0.131860 0.000000
rs0790 -0.523070 0.184590 0.013190
rs0793 -0.285730 0.178000 0.000000
rs0794 -0.279140 0.349420 0.059330
rs0797 0.017540 0.039550 0.000000
rs0799 -0.450550 0.131850 0.204370
rs0802 -0.417590 0.138450 0.000000
rs0804 -0.523070 0.112070 0.065930
rs0805 -0.694490 0.184600 0.000000
rs0806 -0.114320 0.112080 0.065930
rs0809 0.136210 0.046150 0.000000
rs0810 -0.470330 0.191190 0.224160
rs0811 -0.048390 0.098890 0.000000
rs0812 0.149390 0.032970 0.065930
rs0815 -0.443960 0.105480 0.000000
rs0818 -0.450550 0.125260 0.092300
rs0823 0.142800 0.046150 0.000000
rs0828 -0.424180 0.250530 0.237340
rs0831 0.208730 0.019780 0.000000
rs0832 -0.549450 0.210970 0.065930
rs0833 0.024130 0.026370 0.000000
rs0834 -0.206620 0.125270 0.065930
rs0839 0.155990 0.046150 0.000000
rs0840 -0.443960 0.145040 0.085700
rs0842 -0.496700 0.118670 0.000000
rs0843 -0.272550 0.323050 0.309860
rs0845 0.109840 0.032960 0.000000
rs0846 -0.305510 0.369200 0.046150
rs0847 0.037320 0.019770 0.000000
rs0850 0.215320 0.026370 0.092300
rs0853 -0.345070 0.402160 0.000000
rs0855 0.228510 0.013180 0.072520
rs0860 0.208730 0.019780 0.000000
rs0866 -0.140690 0.151640 0.158230
rs0868 -0.239580 0.178000 0.000000
rs0869 -0.417590 0.151640 0.065930
rs0871 -0.490110 0.243930 0.000000
rs0872 -0.285730 0.171410 0.065930
rs0880 -0.213210 0.178010 0.000000
rs0887 -0.140690 0.158230 0.303270
rs0891 0.155990 0.032960 0.000000
rs0893 -0.443960 0.105480 0.065920
rs0897 -0.312100 0.138450 0.000000
rs0900 -0.457150 0.125270 0.118670
rs0901 -0.615370 0.158220 0.000000
rs0906 -0.470330 0.112080 0.356010
rs0907 -0.345070 0.210970 0.000000
rs0909 -0.384630 0.125270 0.065920
rs0916 -0.391220 0.138450 0.000000
rs0919 -0.430780 0.191200 0.217560
rs0920 -0.384630 0.158230 0.000000
rs0921 0.096650 0.085710 0.105480
rs0922 -0.351660 0.276900 0.000000
rs0923 -0.496700 0.151630 0.079120
rs0930 -0.397810 0.085710 0.000000
rs0932 -0.417590 0.105490 0.059330
rs0933 -0.490110 0.118670 0.000000
rs0934 -0.338480 0.164830 0.178010
rs0935 -0.437370 0.204380 0.000000
rs0944 -0.417590 0.125260 0.151640
rs0945 -0.246180 0.276900 0.000000
rs0948 -0.219800 0.296670 0.072520
rs0950 -0.490110 0.224160 0.000000
rs0953 0.090060 0.052740 0.065930
rs0957 -0.575820 0.145040 0.000000
rs0958 0.070280 0.026370 0.072520
rs0959 -0.569220 0.125260 0.000000
rs0960 -0.523070 0.125260 0.098890
rs0962 -0.345070 0.250530 0.000000
rs0967 -0.351660 0.138450 0.059340
rs0968 -0.542850 0.191190 0.000000
rs0970 0.024130 0.026370 0.178000
rs0976 -0.523070 0.118670 0.000000
rs0979 -0.562630 0.210970 0.362600
rs0980 0.235100 0.006590 0.000000
rs0981 -0.424180 0.092300 0.065930
rs0982 -0.615370 0.151630 0.000000
rs0983 -0.450550 0.138450 0.072520
rs0984 -0.351660 0.145040 0.000000
rs0985 -0.463740 0.164820 0.138450
rs0986 -0.483520 0.171420 0.000000
rs0989 -0.232990 0.257120 0.072520
rs0991 0.063690 0.039550 0.000000
rs0995 -0.107730 0.085710 0.079120
rs0996 -0.443960 0.178010 0.000000
rs0997 -0.206620 0.125270 0.065930
rs1001 -0.450550 0.184600 0.000000
rs1002 -0.371440 0.487870 0.046150
rs1003 -0.298920 0.224160 0.000000
rs1010 0.268070 0.013180 0.065930
rs1014 -0.569220 0.138440 0.000000
rs1016 0.155990 0.046150 0.065930
rs1017 -0.523070 0.145040 0.000000
rs1020 -0.463740 0.210970 0.118670
rs1021 -0.397810 0.098890 0.000000
rs1028 -0.285730 0.145040 0.065920
rs1029 -0.397810 0.118670 0.000000
rs1030 -0.397810 0.065930 0.079120
rs1031 -0.378030 0.283490 0.000000
rs1032 -0.470330 0.204380 0.079110
rs1034 -0.450550 0.178000 0.000000
rs1035 -0.463740 0.158230 0.065930
rs1038 -0.397810 0.059330 0.000000
rs1040 -0.463740 0.138450 0.072520
rs1041 -0.397810 0.085710 0.000000
rs1043 -0.608780 0.171410 0.085710
rs1045 -0.239580 0.178000 0.000000
rs1047 -0.397810 0.112080 0.072520
rs1048 0.116430 0.079110 0.000000
rs1050 -0.496700 0.118670 0.065930
rs1052 -0.391220 0.158230 0.000000
rs1053 -0.575820 0.145040 0.065930
rs1054 -0.681300 0.151630 0.000000
rs1055 -0.404400 0.098890 0.065930
rs1057 0.248290 0.019780 0.000000
rs1059 -0.134100 0.171420 0.349420
rs1060 -0.595600 0.131860 0.000000
rs1062 0.096650 0.032970 0.171410
rs1065 -0.384630 0.145050 0.000000
rs1068 -0.292330 0.408760 0.079110
rs1070 -0.483520 0.204380 0.000000
rs1072 -0.358250 0.138450 0.178000
rs1073 -0.364850 0.171420 0.000000
rs1074 -0.430780 0.125270 0.178010
rs1076 0.057090 0.052750 0.000000
rs1078 -0.305510 0.283490 0.059340
rs1079 0.103240 0.046150 0.000000
rs1080 -0.285730 0.323050 0.283490
rs1081 -0.305510 0.131860 0.000000
rs1082 0.017540 0.046150 0.098890
rs1083 -0.450550 0.369200 0.000000
rs1084 -0.371440 0.131860 0.118670
rs1087 -0.285730 0.191190 0.000000
rs1091 0.024130 0.026370 0.158230
rs1098 -0.404400 0.105480 0.000000
rs1100 -0.292330 0.224160 0.145040
rs1102 0.228510 0.026370 0.000000
rs1103 -0.575820 0.224160 0.072520
rs1104 -0.305510 0.151630 0.000000
rs1105 -0.397810 0.065930 0.145040
rs1108 -0.516480 0.138450 0.000000
rs1109 0.103240 0.046150 0.065930
rs1110 -0.285730 0.217560 0.000000
rs1113 -0.687900 0.171420 0.085710
rs1114 0.103240 0.032970 0.000000
rs1117 -0.430780 0.118680 0.072520
rs1118 -0.087950 0.092300 0.000000
rs1119 -0.509890 0.408760 0.065930
rs1120 0.268070 0.013180 0.000000
rs1121 0.149390 0.039560 0.184600
rs1122 0.116430 0.072520 0.000000
rs1124 -0.371440 0.257120 0.171410
rs1125 -0.292330 0.151640 0.000000
rs1126 -0.411000 0.112080 0.059340
rs1128 -0.496700 0.145040 0.000000
rs1131 0.155990 0.046150 0.065930
rs1132 -0.509890 0.191190 0.000000
rs1135 -0.443960 0.283490 0.237340
rs1137 -0.312100 0.171410 0.000000
rs1142 -0.411000 0.171420 0.079120
rs1143 -0.437370 0.085710 0.000000
rs1145 -0.193430 0.197780 0.065930
rs1146 0.268070 0.013180 0.000000
rs1147 -0.483520 0.210970 0.065920
rs1149 -0.595600 0.197790 0.000000
rs1151 -0.345070 0.388980 0.118670
rs1154 -0.325290 0.178010 0.000000
rs1156 -0.417590 0.125260 0.065930
rs1157 -0.404400 0.112070 0.000000
rs1159 -0.430780 0.112080 0.065920
rs1163 -0.476930 0.257130 0.000000
rs1164 -0.694490 0.164820 0.065920
rs1165 -0.358250 0.184600 0.000000
rs1169 -0.252770 0.131860 0.257120
rs1170 -0.384630 0.184600 0.000000
rs1171 -0.371440 0.309860 0.079110
rs1172 -0.523070 0.118670 0.000000
rs1178 -0.292330 0.158230 0.079110
rs1179 -0.430780 0.184600 0.000000
rs1182 -0.279140 0.171410 0.263720
rs1183 -0.193430 0.263710 0.000000
rs1184 -0.483520 0.158230 0.059330
rs1185 -0.318700 0.349420 0.000000
rs1187 -0.411000 0.164820 0.065930
rs1188 -0.523070 0.138440 0.000000
rs1191 -0.206620 0.178010 0.072530
rs1192 -0.503300 0.131860 0.000000
rs1195 -0.239580 0.092300 0.079110
rs1198 -0.490110 0.197780 0.000000
rs1200 -0.450550 0.112070 0.197790
rs1202 -0.397810 0.158230 0.000000
rs1205 -0.041800 0.118670 0.072520
rs1207 -0.081350 0.092300 0.000000
rs1208 -0.523070 0.158220 0.263710
rs1209 -0.443960 0.224160 0.000000
rs1210 0.136210 0.013180 0.079120
rs1211 0.037320 0.105480 0.000000
rs1212 -0.358250 0.125260 0.158220
rs1213 0.208730 0.019780 0.000000
rs1217 0.215320 0.026370 0.158220
rs1220 -0.035200 0.072520 0.000000
rs1229 0.248290 0.019780 0.059330
rs1236 -0.358250 0.131850 0.000000
rs1238 -0.206620 0.290090 0.362610
rs1245 -0.437370 0.131860 0.000000
rs1248 0.043910 0.039560 0.065930
rs1257 -0.523070 0.125260 0.000000
rs1258 -0.272550 0.217570 0.065920
rs1259 -0.470330 0.158230 0.000000
rs1260 -0.503300 0.151640 0.072520
rs1261 -0.542850 0.257120 0.000000
rs1262 -0.476930 0.145050 0.065930
rs1264 -0.516480 0.131850 0.000000
rs1265 -0.417590 0.428540 0.079110
rs1266 -0.450550 0.303270 0.000000
rs1267 0.221920 0.026370 0.323050
rs1269 -0.674710 0.138450 0.000000
rs1270 -0.476930 0.224160 0.105490
rs1276 -0.450550 0.105480 0.000000
rs1278 0.043910 0.039560 0.065930
rs1280 -0.397810 0.171410 0.000000
rs1281 -0.457150 0.145050 0.065930
rs1283 -0.523070 0.125260 0.000000
rs1284 -0.523070 0.112070 0.059330
rs1286 -0.285730 0.329640 0.000000
rs1289 -0.397810 0.105480 0.079110
rs1290 -0.589000 0.151630 0.000000
rs1291 -0.411000 0.125270 0.065930
rs1292 -0.272550 0.237350 0.000000
rs1293 -0.318700 0.171420 0.059330
rs1294 -0.094540 0.098890 0.000000
rs1296 -0.589000 0.131850 0.362610
rs1297 -0.536260 0.125260 0.000000
rs1298 -0.470330 0.145040 0.283490
rs1299 -0.463740 0.184600 0.000000
rs1301 0.228510 0.013180 0.059340
rs1302 -0.523070 0.151630 0.000000
rs1303 -0.562630 0.593350 0.164820
rs1304 -0.523070 0.158220 0.000000
rs1310 -0.397810 0.178010 0.059340
rs1337 -0.068170 0.085710 0.000000
rs1359 -0.476930 0.125270 0.131860
rs1368 -0.529670 0.494470 0.000000
rs1437 0.096650 0.032970 0.065930
rs1518 0.162580 0.026370 0.000000
