rf0001 7.597420 0.171410 0.000000
rf0003 8.118250 0.632920 0.079110
rf0006 7.887500 0.448320 0.000000
rf0007 8.619310 0.112080 0.059330
rf0008 9.061030 -0.065930 0.000000
rf0010 7.636980 0.131850 0.098890
rf0011 8.269890 0.184600 0.000000
rf0014 7.887500 0.296680 0.270310
rf0015 8.098480 0.824100 0.000000
rf0017 7.775430 0.507640 1.002110
rf0019 7.966620 0.237340 0.000000
rf0020 8.210550 0.283500 0.105490
rf0023 7.801800 0.435130 0.000000
rf0024 8.203960 0.375790 0.494460
rf0028 7.946840 0.250530 0.000000
rf0029 7.755650 0.599950 0.191190
rf0030 8.177590 0.421940 0.000000
rf0031 8.131440 0.771360 0.013190
rf0032 8.250110 0.250530 0.000000
rf0033 7.795200 0.415350 0.138450
rf0034 7.788610 0.461500 0.000000
rf0040 8.105070 0.731800 0.131860
rf0042 7.834760 0.527430 0.000000
rf0043 8.757760 0.158230 0.323050
rf0045 7.643570 0.178010 0.000000
rf0048 7.716090 0.145040 0.164820
rf0049 7.834760 0.415350 0.000000
rf0051 7.722680 0.547210 0.092300
rf0053 7.604010 0.151640 0.000000
rf0058 8.230330 0.164820 0.151640
rf0059 7.617200 0.547200 0.000000
rf0060 7.768830 0.138450 0.125270
rf0061 8.223740 0.184600 0.000000
rf0062 8.447900 0.138450 0.171410
rf0064 7.511710 0.197790 0.000000
rf0065 7.683130 0.118670 -0.013190
rf0068 7.953430 0.237350 0.000000
rf0071 8.764350 0.164820 0.369200
rf0072 7.478750 0.105480 0.000000
rf0073 8.362190 0.026370 0.171410
rf0074 8.527010 0.184600 0.000000
rf0076 7.801800 0.441720 0.158230
rf0077 7.841350 0.487870 0.000000
rf0079 7.880910 0.356020 0.032970
rf0083 7.900690 0.309860 0.000000
rf0084 8.151220 0.105480 0.098890
rf0092 9.001690 -0.006590 0.000000
rf0098 8.138030 0.441720 0.586760
rf0099 7.808390 0.454910 0.000000
rf0102 7.979800 0.204380 0.105490
rf0104 7.669940 0.276900 0.000000
rf0106 7.458970 0.810920 0.145040
rf0107 7.663350 0.158230 0.000000
rf0108 7.590830 0.197780 0.158230
rf0109 8.197370 0.283490 0.000000
rf0110 7.821580 0.382380 0.138450
rf0111 8.184180 0.276900 0.000000
rf0117 7.458970 0.178010 0.079110
rf0118 7.946840 0.224160 0.000000
rf0119 7.841350 0.349430 0.474680
rf0120 7.986400 0.164820 0.000000
rf0122 7.788610 0.395570 0.085710
rf0125 8.138030 0.613140 0.000000
rf0126 8.085290 0.896630 0.158220
rf0128 7.841350 0.474690 0.000000
rf0129 7.894100 0.435120 0.501060
rf0132 8.408340 0.138450 0.000000
rf0134 8.131440 0.145040 0.145050
rf0141 7.920470 0.270310 0.000000
rf0143 7.841350 0.520840 0.019780
rf0145 8.302850 0.296680 0.000000
rf0147 8.757760 0.072520 0.138450
rf0150 8.118250 0.692250 0.000000
rf0154 7.867730 0.481270 0.178000
rf0155 8.236930 0.362600 0.000000
rf0156 8.105070 0.520830 0.276900
rf0157 7.663350 0.685650 0.000000
rf0160 8.098480 0.085700 0.006590
rf0164 8.091880 0.402170 0.000000
rf0165 8.065510 0.092300 0.712030
rf0167 8.065510 0.098890 0.000000
rf0169 7.729280 0.184600 0.224160
rf0170 8.757760 0.046150 0.000000
rf0171 8.058920 0.085710 0.158230
rf0172 8.171000 0.138450 0.000000
rf0173 8.085290 0.415350 0.118670
rf0175 7.900690 0.349420 0.000000
rf0176 8.105070 0.118670 0.171410
rf0177 7.663350 0.665870 0.000000
rf0179 7.716090 0.125260 0.178010
rf0180 7.933650 0.382390 0.000000
rf0181 7.887500 0.507650 0.276900
rf0191 8.138030 0.527430 0.000000
rf0192 7.604010 0.184600 0.599940
rf0193 8.177590 0.593360 0.000000
rf0195 8.124850 0.184600 0.125260
rf0197 7.663350 0.118670 0.000000
rf0199 8.025950 0.118680 0.151630
rf0201 7.749050 0.580170 0.000000
rf0204 7.696310 0.606540 0.125260
rf0205 8.111660 0.580170 0.000000
rf0206 8.751170 0.032960 0.118670
rf0207 7.808390 0.448310 0.000000
rf0209 8.065510 0.527430 -0.039560
rf0210 7.551270 0.151640 0.000000
rf0216 8.091880 0.131860 0.118670
rf0217 8.058920 0.125260 0.000000
rf0218 8.190780 0.243930 0.065930
rf0223 8.118250 0.527430 0.000000
rf0226 7.973210 0.224160 0.303270
rf0227 7.894100 0.388970 0.000000
rf0229 8.085290 0.092300 0.230750
rf0234 8.131440 0.336230 0.000000
rf0236 7.709500 0.138450 0.283490
rf0237 8.757760 0.032960 0.000000
rf0238 7.663350 0.164820 -0.019780
rf0241 7.505120 0.105490 0.000000
rf0242 8.546790 0.105480 0.171410
rf0245 8.157810 0.487870 0.000000
rf0246 7.531490 0.777960 0.178000
rf0247 7.768830 0.534020 0.000000
rf0249 8.981920 0.006590 0.382390
rf0250 7.577640 0.118670 0.000000
rf0251 8.190780 0.158220 0.204380
rf0252 7.894100 0.388970 0.000000
rf0256 8.164400 0.593360 0.026370
rf0257 7.788610 0.428540 0.000000
rf0258 8.190780 0.369190 0.000000
rf0259 7.749050 0.501060 0.000000
rf0262 7.729280 0.257120 0.145040
rf0263 7.894100 0.448310 0.000000
rf0264 8.138030 0.454910 0.112080
rf0265 7.696310 0.593360 0.000000
rf0266 7.597420 0.652690 0.098890
rf0267 7.894100 0.428530 0.000000
rf0268 7.933650 0.250530 0.178010
rf0269 7.907280 0.349420 0.000000
rf0272 7.617200 0.197780 0.204380
rf0273 7.828170 0.342830 0.000000
rf0280 7.544680 0.164820 0.118670
rf0283 8.138030 0.692250 0.000000
rf0284 7.630380 0.164820 0.039550
rf0292 8.124850 0.580170 0.000000
rf0294 8.085290 0.184600 0.323050
rf0296 7.894100 0.402160 0.000000
rf0297 7.907280 0.474690 0.032960
rf0298 7.828170 0.454900 0.000000
rf0299 7.814980 0.415350 0.098900
rf0300 7.762240 0.553800 0.000000
rf0302 8.757760 0.092300 0.250530
rf0303 7.887500 0.356020 0.000000
rf0305 7.795200 0.468100 0.092300
rf0306 7.610610 0.158220 0.000000
rf0314 7.973210 0.243940 0.065930
rf0316 8.157810 0.468090 0.000000
rf0318 7.590830 0.738390 0.138450
rf0320 7.577640 0.164820 0.000000
rf0322 7.966620 0.237340 0.072520
rf0323 8.217150 0.263710 0.000000
rf0326 7.854540 0.402160 0.105480
rf0328 8.223740 0.349420 0.000000
rf0331 7.755650 0.566980 0.052740
rf0332 7.676530 0.639510 0.000000
rf0333 8.124850 0.217560 0.151640
rf0335 7.775430 0.402160 0.000000
rf0338 7.458970 0.131860 0.382390
rf0339 8.124850 0.632910 0.000000
rf0340 7.716090 0.131860 0.039560
rf0341 8.757760 0.092300 0.000000
rf0342 7.669940 0.679060 0.336240
rf0343 8.665460 0.052740 0.000000
rf0348 9.028070 -0.019780 0.065930
rf0351 7.768830 0.540620 0.000000
rf0354 8.118250 0.125270 0.145040
rf0358 7.604010 0.131860 0.000000
rf0360 7.913880 0.388970 0.125270
rf0363 7.544680 0.118670 0.000000
rf0364 8.138030 0.145040 0.112080
rf0365 7.702910 0.672460 0.000000
rf0366 7.676530 0.125270 0.151630
rf0367 7.458970 0.191190 0.000000
rf0368 7.676530 0.145050 0.079110
rf0370 7.722680 0.534020 0.000000
rf0374 7.814980 0.342830 0.092300
rf0376 7.544680 0.817510 0.000000
rf0378 8.144630 0.395570 0.072520
rf0381 7.907280 0.408760 0.000000
rf0383 8.098480 0.178000 0.085700
rf0385 7.808390 0.534020 0.000000
rf0386 8.124850 0.388970 0.013190
rf0387 8.124850 0.145040 0.000000
rf0388 8.085290 0.712030 0.158230
rf0391 7.847950 0.336230 0.000000
rf0392 7.610610 0.197780 0.131860
rf0393 7.538080 0.138450 0.000000
rf0395 8.091880 0.764770 0.145040
rf0396 8.757760 0.032960 0.000000
rf0398 8.171000 0.560390 0.112070
rf0399 8.329220 0.079120 0.000000
rf0400 9.061030 -0.026370 0.112080
rf0401 7.505120 0.375790 0.000000
rf0403 7.861130 0.547210 0.079110
rf0412 7.887500 0.454910 0.000000
rf0413 7.920470 0.349420 0.303270
rf0415 8.236930 0.316450 0.000000
rf0417 8.757760 0.171410 0.158230
rf0418 8.414930 0.210970 0.000000
rf0419 7.544680 0.131850 0.039560
rf0425 8.151220 0.191190 0.000000
rf0426 7.999580 0.151640 0.052740
rf0427 8.151220 0.243930 0.000000
rf0428 7.775430 0.553790 0.098890
rf0430 7.821580 0.514240 0.000000
rf0431 7.564460 0.210970 0.039560
rf0432 7.689720 0.210970 0.000000
rf0433 8.105070 0.131860 0.316460
rf0434 7.795200 0.534020 0.000000
rf0436 7.920470 0.329640 0.092300
rf0439 7.458970 0.243940 0.000000
rf0441 7.491930 0.224160 0.105480
rf0443 7.610610 0.323040 0.000000
rf0448 7.801800 0.547200 0.118670
rf0450 8.757760 0.059330 0.000000
rf0452 8.329220 0.145050 0.092300
rf0453 7.814980 0.454910 0.000000
rf0454 7.742460 0.507650 0.145040
rf0455 8.078700 0.665870 0.000000
rf0456 7.821580 0.501050 0.158230
rf0459 7.491930 0.184600 0.000000
rf0460 8.757760 0.032960 0.580170
rf0461 7.814980 0.560390 0.000000
rf0462 7.795200 0.388980 0.125270
rf0463 8.184180 0.619730 0.000000
rf0464 7.557860 0.151640 0.019780
rf0465 7.861130 0.435130 0.000000
rf0466 8.184180 0.171420 0.184600
rf0467 7.735870 0.586760 0.000000
rf0471 7.960030 0.290080 0.085710
rf0473 8.131440 0.138450 0.000000
rf0474 7.564460 0.131850 0.026370
rf0476 7.742460 0.454910 0.000000
rf0477 7.623790 0.118670 0.125260
rf0478 7.960030 0.342820 0.000000
rf0479 7.630380 0.171420 0.435130
rf0480 7.894100 0.250530 0.000000
rf0482 8.355600 0.052740 0.059330
rf0485 7.571050 0.791140 0.000000
rf0487 7.768830 0.441720 0.362610
rf0488 8.197370 0.237340 0.000000
rf0496 7.584230 0.184600 0.125270
rf0497 7.847950 0.514240 0.000000
rf0498 7.920470 0.290080 0.013180
rf0499 7.702910 0.118670 0.000000
rf0500 8.105070 0.138450 0.171410
rf0503 7.597420 0.131860 0.000000
rf0505 7.841350 0.388980 0.237350
rf0507 7.966620 0.257120 0.000000
rf0510 8.757760 0.079110 0.145040
rf0511 7.762240 0.514240 0.000000
rf0513 8.118250 0.481280 0.171420
rf0518 7.749050 0.481280 0.000000
rf0524 7.940250 0.210970 0.085710
rf0545 7.913880 0.224150 0.000000
rf0583 7.927060 0.250530 0.138450
rf0591 8.144630 0.178000 0.000000
rf0607 7.538080 0.178010 0.105480
rf0622 7.676530 0.520840 0.000000
rf0630 7.478750 0.171410 0.059340
rf0632 8.012770 0.145040 0.000000
rf0642 7.498530 0.145040 0.098900
rf0644 7.992990 0.243940 0.000000
rf0663 7.472160 0.204370 0.217560
rf0684 8.098480 0.204370 0.000000
rf0693 7.584230 0.652700 0.138450
rf0695 7.669940 0.151640 0.000000
rf0701 7.933650 0.237350 0.092300
rf0707 7.920470 0.382380 0.000000
rf0713 7.927060 0.243940 0.210970
rf0730 8.177590 0.230750 0.000000
rf0739 7.894100 0.323050 0.046150
rf0745 7.538080 0.824110 0.000000
rf0783 7.505120 0.323050 0.019780
rf0795 7.887500 0.448320 0.000000
rs0001 7.735870 0.606540 0.092300
rs0002 7.861130 0.487870 0.000000
rs0003 7.854540 0.547210 0.079120
rs0010 7.636980 0.138450 0.000000
rs0011 7.808390 0.435130 0.072520
rs0012 7.894100 0.461500 0.000000
rs0013 7.874320 0.402160 0.158230
rs0017 8.757760 0.039560 0.000000
rs0019 8.131440 0.712030 0.065930
rs0020 7.636980 0.283490 0.000000
rs0023 8.078700 0.079110 0.145040
rs0030 8.230330 0.224160 0.000000
rs0035 7.571050 0.151630 0.158220
rs0038 8.144630 0.356010 0.000000
rs0039 7.590830 0.151630 0.145040
rs0041 7.841350 0.639510 0.000000
rs0042 8.105070 0.079110 0.276900
rs0045 8.177590 0.158230 0.000000
rs0046 8.151220 0.665870 0.138450
rs0047 7.913880 0.283490 0.000000
rs0048 8.118250 0.342830 0.151630
rs0050 8.157810 0.593360 0.000000
rs0051 8.203960 0.454910 0.092300
rs0052 8.151220 0.171410 0.000000
rs0054 7.742460 0.151640 0.112080
rs0062 7.669940 0.125260 0.000000
rs0063 8.362190 0.079110 0.158230
rs0064 8.177590 0.580170 0.000000
rs0065 7.808390 0.487870 0.052750
rs0068 7.913880 0.316450 0.000000
rs0070 7.656760 0.178000 0.065930
rs0077 8.072100 0.738400 0.000000
rs0081 7.676530 0.125270 0.145040
rs0082 7.894100 0.349420 0.000000
rs0083 7.841350 0.461500 0.356020
rs0084 7.874320 0.494460 0.000000
rs0085 8.197370 0.138450 0.178010
rs0087 8.131440 0.178010 0.000000
rs0088 7.768830 0.514240 0.092300
rs0089 8.144630 0.593350 0.000000
rs0090 7.505120 0.178010 0.151640
rs0092 7.847950 0.448310 0.000000
rs0093 8.085290 0.197780 0.092300
rs0094 7.894100 0.441720 0.000000
rs0095 7.458970 0.191190 0.138450
rs0096 8.131440 0.632910 0.000000
rs0097 7.610610 0.145040 0.191200
rs0098 8.184180 0.323050 0.000000
rs0099 8.019360 0.125270 -0.013190
rs0103 8.223740 0.468090 0.000000
rs0104 8.111660 0.566990 0.039560
rs0105 7.538080 0.217570 0.000000
rs0106 7.933650 0.250530 0.145040
rs0111 7.617200 0.243930 0.000000
rs0113 8.151220 0.738400 0.382390
rs0118 7.847950 0.487870 0.000000
rs0120 8.217150 0.309860 0.112080
rs0121 8.105070 0.171410 0.000000
rs0122 7.749050 0.547210 0.388980
rs0123 8.157810 0.626320 0.000000
rs0124 7.458970 0.210970 0.883440
rs0126 8.177590 0.474680 0.000000
rs0127 7.887500 0.520840 0.138450
rs0128 8.171000 0.619720 0.000000
rs0129 9.061030 -0.032960 0.158220
rs0130 7.821580 0.421940 0.000000
rs0132 7.979800 0.191200 0.072520
rs0133 8.184180 0.580170 0.000000
rs0134 8.757760 0.032960 0.158230
rs0135 8.217150 0.402160 0.000000
rs0137 8.289670 0.145040 0.046150
rs0138 7.722680 0.197790 0.000000
rs0140 7.465560 0.131860 0.204380
rs0141 7.782020 0.369200 0.000000
rs0143 8.124850 0.712020 0.118680
rs0145 8.118250 0.481280 0.000000
rs0146 7.768830 0.599950 0.125260
rs0147 8.289670 0.164820 0.000000
rs0148 8.797320 0.151630 -0.019780
rs0149 7.907280 0.342830 0.000000
rs0150 7.630380 0.125270 0.118670
rs0153 8.757760 0.026370 0.000000
rs0154 7.920470 0.309860 0.138450
rs0156 7.940250 0.369200 0.000000
rs0158 7.986400 0.178000 0.178000
rs0163 8.177590 0.474680 0.000000
rs0165 7.834760 0.501060 0.032970
rs0166 8.250110 0.382390 0.000000
rs0167 7.696310 0.158230 0.158230
rs0168 7.617200 0.164820 0.000000
rs0170 7.749050 0.481280 0.092300
rs0171 7.834760 0.468090 0.000000
rs0172 7.828170 0.527430 0.105490
rs0174 7.722680 0.158230 0.000000
rs0175 8.269890 0.263710 0.138450
rs0178 7.636980 0.151630 0.000000
rs0179 8.157810 0.158230 0.138450
rs0180 8.269890 0.191190 0.000000
rs0182 8.118250 0.481280 0.164820
rs0183 8.757760 0.072520 0.000000
rs0184 7.913880 0.303270 0.039560
rs0185 8.243520 0.428530 0.000000
rs0188 8.764350 0.178010 0.191190
rs0189 8.190780 0.573570 0.000000
rs0192 8.362190 0.098890 0.072530
rs0193 8.144630 0.184590 0.000000
rs0195 8.118250 0.534020 0.046150
rs0200 7.458970 0.065930 0.000000
rs0201 9.041250 -0.013180 0.039550
rs0203 8.085290 0.810920 0.000000
rs0206 8.124850 0.744990 0.375790
rs0209 8.731390 0.046150 0.000000
rs0210 7.880910 0.362610 0.039560
rs0211 8.078700 0.784540 0.000000
rs0212 7.900690 0.316460 0.672460
rs0215 7.683130 0.131850 0.000000
rs0218 7.782020 0.441720 0.982330
rs0220 7.623790 0.138450 0.000000
rs0221 8.157810 0.501060 0.000000
rs0224 8.177590 0.428530 0.000000
rs0225 8.131440 0.276900 0.072520
rs0226 7.788610 0.573580 0.000000
rs0227 8.118250 0.606550 0.092300
rs0228 7.729280 0.527420 0.000000
rs0231 7.847950 0.507650 0.098890
rs0236 7.828170 0.382380 0.000000
rs0237 8.764350 0.125270 0.072530
rs0240 9.061030 -0.013190 0.000000
rs0241 7.834760 0.534020 0.573580
rs0242 7.907280 0.421940 0.000000
rs0243 8.157810 0.606540 0.164820
rs0246 7.643570 0.659280 0.000000
rs0247 7.511710 0.151640 0.046150
rs0250 8.118250 0.454910 0.000000
rs0251 7.960030 0.217560 0.237340
rs0255 7.847950 0.507650 0.000000
rs0256 7.795200 0.573580 0.375790
rs0257 7.788610 0.448320 0.000000
rs0259 8.507230 0.112080 0.217570
rs0260 8.078700 0.547200 0.000000
rs0262 7.669940 0.131860 0.118670
rs0263 8.757760 0.019780 0.000000
rs0264 7.465560 0.178010 0.112080
rs0267 8.757760 0.006590 0.000000
rs0268 8.757760 0.006590 0.052750
rs0269 7.854540 0.487870 0.000000
rs0270 8.184180 0.573580 0.138450
rs0273 7.755650 0.474680 0.000000
rs0274 8.269890 0.197780 0.270310
rs0275 7.755650 0.553800 0.000000
rs0276 7.874320 0.448310 0.112070
rs0277 7.702910 0.164820 0.000000
rs0280 8.164400 0.606550 0.204380
rs0282 8.612720 0.085700 0.000000
rs0283 7.742460 0.613140 -0.019780
rs0284 7.749050 0.646100 0.000000
rs0288 8.065510 0.197790 0.000000
rs0289 7.867730 0.501050 0.000000
rs0290 7.894100 0.362600 0.072530
rs0297 7.709500 0.197780 0.000000
rs0303 7.907280 0.290090 0.138450
rs0306 8.151220 0.428530 0.000000
rs0308 8.085290 0.105490 0.316460
rs0313 8.091880 0.527430 0.000000
rs0314 8.138030 0.112080 0.593350
rs0316 8.184180 0.566990 0.000000
rs0318 7.491930 0.138450 0.164820
rs0320 8.737980 0.026370 0.000000
rs0323 8.316040 0.085710 0.151630
rs0325 7.458970 0.210970 0.000000
rs0328 7.861130 0.395570 0.046150
rs0330 8.032550 0.112080 0.000000
rs0331 7.847950 0.540610 0.151640
rs0334 8.210550 0.243940 0.000000
rs0336 7.966620 0.263710 0.006590
rs0337 8.217150 0.276900 0.000000
rs0339 8.105070 0.784550 0.573580
rs0340 8.210550 0.303270 0.000000
rs0341 7.742460 0.178010 0.079110
rs0343 7.887500 0.428540 0.000000
rs0344 7.755650 0.580170 0.184590
rs0345 7.465560 0.263720 0.000000
rs0349 7.505120 0.178010 0.006590
rs0350 8.217150 0.369200 0.000000
rs0354 7.755650 0.593350 0.046150
rs0358 8.177590 0.382380 0.000000
rs0363 7.861130 0.435130 0.125260
rs0364 7.551270 0.191190 0.000000
rs0365 7.808390 0.369200 0.323050
rs0367 7.689720 0.573580 0.000000
rs0371 8.197370 0.573580 0.125260
rs0372 7.801800 0.507650 0.000000
rs0373 8.243520 0.250530 0.145050
rs0374 7.847950 0.342830 0.000000
rs0376 8.131440 0.171410 0.197790
rs0377 7.960030 0.263710 0.000000
rs0380 7.867730 0.540610 0.059340
rs0384 7.821580 0.507640 0.000000
rs0386 7.808390 0.566980 0.151630
rs0389 7.775430 0.534020 0.000000
rs0391 8.171000 0.204370 0.098890
rs0392 7.630380 0.718620 0.000000
rs0393 7.716090 0.197790 0.164830
rs0394 7.505120 0.158230 0.000000
rs0401 8.177590 0.520830 0.098890
rs0408 7.828170 0.593350 0.000000
rs0409 8.157810 0.329640 0.210970
rs0410 7.834760 0.402170 0.000000
rs0411 7.709500 0.171410 0.771370
rs0416 7.524900 0.217560 0.000000
rs0417 7.458970 0.118670 0.006590
rs0418 7.742460 0.507650 0.000000
rs0419 8.157810 0.257120 0.158220
rs0420 8.223740 0.494460 0.000000
rs0421 7.478750 0.197780 0.323050
rs0422 7.544680 0.178000 0.000000
rs0423 7.946840 0.224160 0.065920
rs0424 7.749050 0.593360 0.000000
rs0425 8.223740 0.217560 0.158230
rs0427 7.749050 0.520840 0.000000
rs0428 8.164400 0.131860 0.296680
rs0429 7.643570 0.138450 0.000000
rs0430 7.551270 0.184600 0.145050
rs0432 7.478750 0.065930 0.000000
rs0433 8.111660 0.105490 0.118670
rs0435 7.946840 0.230750 0.000000
rs0437 7.735870 0.659280 0.085710
rs0442 7.795200 0.448320 0.000000
rs0444 7.702910 0.125260 0.164820
rs0449 8.665460 0.065930 0.000000
rs0452 8.164400 0.494470 0.092300
rs0453 9.061030 -0.026370 0.000000
rs0454 7.821580 0.540610 0.553800
rs0456 7.900690 0.375790 0.000000
rs0458 8.098480 0.085700 0.158230
rs0460 7.696310 0.151640 0.000000
rs0463 8.230330 0.250530 0.105480
rs0467 7.854540 0.323050 0.000000
rs0468 8.157810 0.151640 0.164820
rs0469 7.636980 0.613130 0.000000
rs0470 7.735870 0.191190 0.257120
rs0472 7.458970 0.191190 0.000000
rs0473 7.617200 0.197780 0.197790
rs0476 8.124850 0.553800 0.000000
rs0477 7.650160 0.731810 0.276900
rs0480 7.814980 0.441720 0.000000
rs0485 7.610610 0.138440 0.270310
rs0492 7.472160 0.296670 0.000000
rs0493 7.814980 0.514240 0.039550
rs0494 8.243520 0.468090 0.000000
rs0495 7.729280 0.145040 0.112070
rs0496 8.184180 0.375790 0.000000
rs0505 8.078700 0.158230 0.000000
rs0508 7.768830 0.151640 0.000000
rs0512 8.124850 0.138450 0.164820
rs0516 7.795200 0.573580 0.000000
rs0517 8.065510 0.599950 0.013190
rs0519 7.927060 0.428540 0.000000
rs0520 7.749050 0.540620 0.131860
rs0521 8.210550 0.171420 0.000000
rs0522 8.190780 0.362600 -0.013180
rs0524 7.999580 0.158230 0.000000
rs0526 7.801800 0.534020 0.092300
rs0528 8.091880 0.824110 0.000000
rs0529 7.782020 0.613130 0.046150
rs0531 8.065510 0.903220 0.000000
rs0532 8.203960 0.283490 0.131860
rs0534 7.894100 0.474680 0.000000
rs0536 7.735870 0.580170 0.164820
rs0538 8.230330 0.270310 0.000000
rs0541 8.105070 0.791140 0.098890
rs0542 8.045730 0.105490 0.000000
rs0543 7.933650 0.329650 0.204380
rs0545 7.458970 0.257120 0.000000
rs0546 8.362190 0.098890 0.290090
rs0548 7.841350 0.481280 0.000000
rs0549 7.801800 0.553800 0.204380
rs0553 7.788610 0.481280 0.000000
rs0554 8.757760 0.164820 0.019770
rs0555 8.197370 0.395570 0.000000
rs0556 7.478750 0.112080 -0.006590
rs0559 7.821580 0.534020 0.000000
rs0560 8.203960 0.474690 0.085700
rs0562 8.019360 0.105490 0.000000
rs0564 7.828170 0.461500 0.105490
rs0566 7.808390 0.527430 0.000000
rs0568 7.788610 0.428540 0.118670
rs0571 7.524900 0.250530 0.000000
rs0572 8.177590 0.560390 0.079110
rs0573 7.702910 0.138440 0.000000
rs0574 8.105070 0.725210 0.105490
rs0578 8.197370 0.566980 0.000000
rs0579 8.118250 0.309870 0.158230
rs0585 7.874320 0.382380 0.000000
rs0586 7.623790 0.164820 0.079120
rs0588 8.012770 0.145040 0.000000
rs0591 8.091880 0.501060 0.125270
rs0598 8.197370 0.534020 0.000000
rs0599 8.751170 0.019780 0.388980
rs0602 7.973210 0.217570 0.000000
rs0609 8.243520 0.243930 0.026370
rs0615 8.131440 0.151630 0.000000
rs0616 8.256700 0.474690 0.098900
rs0617 9.061030 -0.065930 0.000000
rs0618 7.920470 0.356010 0.079120
rs0620 7.920470 0.336230 0.000000
rs0623 7.709500 0.171410 0.395570
rs0626 7.458970 0.217560 0.000000
rs0627 8.157810 0.527430 0.059340
rs0630 8.164400 0.197790 0.000000
rs0637 8.124850 0.191190 0.158230
rs0638 8.111660 0.593360 0.000000
rs0640 8.131440 0.085710 0.079120
rs0641 8.243520 0.402160 0.000000
rs0644 7.887500 0.388980 0.085700
rs0645 8.177590 0.296680 0.000000
rs0656 8.342410 0.178010 0.145040
rs0660 8.078700 0.428530 0.000000
rs0667 8.243520 0.454900 0.336240
rs0670 8.065510 0.824110 0.000000
rs0671 7.709500 0.151630 0.026370
rs0677 8.131440 0.250530 0.000000
rs0679 8.118250 0.105490 0.230750
rs0691 8.072100 0.164830 0.000000
rs0696 8.757760 0.105480 0.125260
rs0703 8.078700 0.098890 0.000000
rs0708 8.757760 0.105480 0.032960
rs0710 7.927060 0.309870 0.000000
rs0713 7.458970 0.191190 0.032960
rs0720 8.362190 0.092300 0.000000
rs0722 7.867730 0.395570 0.230750
rs0724 8.138030 0.659290 0.000000
rs0726 7.782020 0.487870 0.158230
rs0727 7.933650 0.402170 0.000000
rs0731 7.913880 0.468090 0.118670
rs0733 8.171000 0.586760 0.000000
rs0734 8.197370 0.250530 0.791140
rs0738 7.940250 0.342820 0.000000
rs0740 7.854540 0.395570 0.013190
rs0741 8.144630 0.599940 0.000000
rs0743 7.669940 0.197790 0.164820
rs0744 8.540200 0.125260 0.000000
rs0746 8.157810 0.210970 0.197790
rs0747 8.131440 0.507650 0.000000
rs0751 8.065510 0.461500 0.118680
rs0752 7.986400 0.217560 0.000000
rs0754 8.138030 0.237340 0.032960
rs0756 7.735870 0.164820 0.000000
rs0758 8.164400 0.553800 0.138450
rs0763 8.164400 0.145050 0.000000
rs0766 8.269890 0.230750 0.131860
rs0767 7.973210 0.184600 0.000000
rs0768 7.894100 0.468090 0.138440
rs0769 7.861130 0.382390 0.000000
rs0774 7.729280 0.435120 0.105490
rs0775 7.531490 0.164820 0.000000
rs0777 7.524900 0.171410 0.388980
rs0778 7.722680 0.112080 0.000000
rs0779 8.757760 0.026370 0.184600
rs0781 8.757760 0.046150 0.000000
rs0782 7.571050 0.138450 0.138450
rs0786 7.867730 0.349420 0.000000
rs0788 7.768830 0.547210 0.046150
rs0790 7.841350 0.395580 0.000000
rs0793 8.230330 0.243940 0.013190
rs0794 8.124850 0.250520 0.000000
rs0797 8.757760 0.039560 0.131860
rs0799 7.577640 0.217560 0.000000
rs0800 8.203960 0.204380 0.072520
rs0802 7.814980 0.395570 0.000000
rs0804 7.571050 0.118670 0.092300
rs0805 7.458970 0.105490 0.000000
rs0806 8.197370 0.421940 -0.013190
rs0809 8.118250 0.784550 0.000000
rs0810 7.894100 0.316450 0.032960
rs0811 8.210550 0.474690 0.000000
rs0812 8.078700 0.665870 0.079120
rs0815 7.696310 0.118670 0.000000
rs0818 7.689720 0.151630 0.263710
rs0823 8.962140 0.006590 0.000000
rs0828 7.953430 0.303270 0.158230
rs0831 8.085290 0.448310 0.000000
rs0832 7.782020 0.566980 0.032960
rs0833 8.144630 0.553790 0.000000
rs0834 8.329220 0.204380 0.092300
rs0836 8.757760 0.052740 0.000000
rs0838 8.757760 0.032960 0.032960
rs0839 8.072100 0.184600 0.000000
rs0840 7.801800 0.553800 0.224150
rs0842 7.544680 0.158230 0.000000
rs0843 8.190780 0.336230 0.085710
rs0845 8.098480 0.112070 0.000000
rs0846 8.144630 0.138440 0.000000
rs0847 8.131440 0.501060 0.000000
rs0850 8.072100 0.098900 0.131860
rs0853 8.085290 0.059340 0.000000
rs0854 8.289670 0.217560 0.303270
rs0855 8.065510 0.079120 0.000000
rs0856 9.061030 -0.019780 0.105490
rs0860 8.058920 0.085710 0.000000
rs0865 8.105070 0.810920 0.131850
rs0866 8.276480 0.356020 0.000000
rs0868 8.171000 0.342820 0.006590
rs0869 7.795200 0.599950 0.000000
rs0871 7.940250 0.408750 -0.026370
rs0872 7.854540 0.461500 0.000000
rs0880 8.250110 0.296680 0.098890
rs0887 8.309450 0.290080 0.000000
rs0891 8.757760 0.092300 0.065920
rs0892 8.823690 0.039550 0.000000
rs0893 7.656760 0.138440 0.006600
rs0897 8.276480 0.184600 0.000000
rs0899 7.557860 0.540620 0.501060
rs0900 7.702910 0.613130 0.000000
rs0901 7.999580 0.164820 0.178010
rs0906 7.656760 0.125260 0.000000
rs0907 8.144630 0.125260 0.158220
rs0909 7.683130 0.131850 0.000000
rs0916 7.775430 0.573570 0.013180
rs0919 7.841350 0.408760 0.000000
rs0920 7.834760 0.415350 0.494460
rs0921 8.177590 0.619730 0.000000
rs0922 8.151220 0.171410 0.065930
rs0923 7.814980 0.309870 0.000000
rs0927 7.900690 0.402160 0.547210
rs0930 7.597420 0.131860 0.000000
rs0932 7.676530 0.131860 0.138450
rs0933 7.623790 0.145040 0.000000
rs0934 8.230330 0.178010 -0.006600
rs0935 7.900690 0.435130 0.000000
rs0944 7.808390 0.481280 0.164820
rs0945 8.203960 0.342830 0.000000
rs0946 8.236930 0.336230 0.013190
rs0948 8.151220 0.342830 0.000000
rs0950 7.828170 0.540610 0.125260
rs0953 8.764350 0.125270 0.000000
rs0957 7.557860 0.164820 0.092300
rs0958 8.105070 0.151630 0.000000
rs0959 7.511710 0.309870 0.527430
rs0960 7.485340 0.283490 0.000000
rs0962 8.151220 0.131850 0.151640
rs0967 8.223740 0.171410 0.000000
rs0968 7.788610 0.481280 0.125260
rs0970 8.124850 0.217560 0.000000
rs0976 7.518310 0.210970 0.112070
rs0977 7.458970 0.230750 0.000000
rs0979 7.992990 0.158230 0.388980
rs0980 8.151220 0.520830 0.000000
rs0981 7.663350 0.125260 0.138450
rs0982 7.458970 0.283490 0.000000
rs0983 7.735870 0.606540 0.072520
rs0984 8.256700 0.184600 0.000000
rs0985 7.821580 0.507640 0.138450
rs0986 7.907280 0.270310 0.000000
rs0989 8.210550 0.402170 0.052740
rs0991 8.144630 0.613130 0.000000
rs0995 8.190780 0.487870 0.118670
rs0996 7.834760 0.356020 0.000000
rs0997 8.217150 0.375790 0.026370
rs0999 7.953430 0.250530 0.000000
rs1001 7.854540 0.520830 0.125260
rs1002 8.078700 0.085700 0.000000
rs1003 8.289670 0.237340 0.085710
rs1010 9.047840 -0.052740 0.000000
rs1014 7.531490 0.138450 0.145040
rs1016 8.085290 0.817510 0.000000
rs1017 7.643570 0.283490 0.131850
rs1020 7.795200 0.395580 0.000000
rs1021 7.709500 0.125260 0.131860
rs1028 8.250110 0.257120 0.000000
rs1029 7.775430 0.514240 0.145040
rs1030 7.584230 0.145050 0.000000
rs1031 8.157810 0.138450 0.079110
rs1032 7.808390 0.474680 0.000000
rs1034 7.821580 0.494460 0.092300
rs1035 7.716090 0.639510 0.000000
rs1038 7.524900 0.151630 0.283490
rs1040 7.762240 0.395570 0.000000
rs1041 7.458970 0.171410 0.507650
rs1043 7.531490 0.171420 0.000000
rs1045 8.243520 0.224150 0.105480
rs1047 7.656760 0.131850 0.000000
rs1048 8.105070 0.540610 0.553800
rs1049 8.441300 0.191200 0.000000
rs1050 7.604010 0.151640 0.178010
rs1052 7.894100 0.415350 0.000000
rs1053 7.650160 0.184600 0.052740
rs1054 7.854540 0.421940 0.000000
rs1055 7.722680 0.138450 0.243930
rs1057 9.014880 -0.019780 0.000000
rs1058 8.138030 0.303270 0.000000
rs1059 8.289670 0.309860 0.000000
rs1060 7.485340 0.112080 0.731810
rs1062 8.757760 0.105480 0.000000
rs1065 7.847950 0.474680 0.204380
rs1068 8.111660 0.224160 0.000000
rs1070 7.847950 0.534020 0.092300
rs1072 7.847950 0.461500 0.000000
rs1073 7.458970 0.263710 inf
rs1074 7.755650 0.553800 0.000000
rs1076 8.138030 0.369200 0.566980
rs1077 7.874320 0.375790 0.000000
rs1078 7.973210 0.210970 0.032960
rs1079 8.157810 0.613140 0.000000
rs1080 8.144630 0.171410 0.013190
rs1081 8.276480 0.138450 0.000000
rs1082 8.757760 0.039560 0.369200
rs1083 8.138030 0.158230 0.000000
rs1084 7.854540 0.481280 0.131860
rs1087 8.171000 0.131850 0.000000
rs1091 8.151220 0.586760 0.032970
rs1098 7.742460 0.540610 0.000000
rs1100 8.171000 0.369200 0.145040
rs1102 9.054440 -0.013190 0.000000
rs1103 7.643570 0.731800 0.145050
rs1104 7.755650 0.534020 0.000000
rs1105 7.491930 0.171420 0.158230
rs1108 7.755650 0.164820 0.000000
rs1109 8.124850 0.698840 0.092300
rs1110 8.151220 0.151630 0.000000
rs1113 7.867730 0.382380 0.065930
rs1114 8.105070 0.395570 0.000000
rs1117 7.768830 0.468100 0.072520
rs1118 8.632500 0.085700 0.000000
rs1119 7.973210 0.210970 0.164820
rs1120 8.085290 0.870250 0.000000
rs1121 8.091880 0.810920 0.105480
rs1122 8.124850 0.672470 0.000000
rs1124 7.946840 0.296680 0.072520
rs1125 8.223740 0.210970 0.000000
rs1126 7.762240 0.507650 0.138450
rs1128 7.689720 0.646100 0.000000
rs1131 8.981920 0.000000 0.105490
rs1132 7.630380 0.217570 0.000000
rs1135 7.933650 0.257130 0.178010
rs1137 8.203960 0.270310 0.000000
rs1142 7.880910 0.369200 0.270300
rs1143 7.610610 0.138440 0.000000
rs1145 8.210550 0.415350 0.824100
rs1146 8.757760 0.151630 0.000000
rs1147 7.913880 0.283490 0.112080
rs1149 7.907280 0.323050 0.000000
rs1151 8.012770 0.164820 0.098890
rs1154 8.197370 0.257120 0.000000
rs1156 7.768830 0.501060 0.006590
rs1157 7.762240 0.501060 0.000000
rs1159 7.729280 0.158220 0.079110
rs1163 7.880910 0.520840 0.000000
rs1164 7.458970 0.243940 0.026370
rs1165 7.782020 0.468090 0.000000
rs1166 7.498530 0.250520 0.105480
rs1169 8.217150 0.336230 0.000000
rs1170 7.927060 0.323050 0.197790
rs1171 8.138030 0.118670 0.000000
rs1172 7.478750 0.197780 0.098900
rs1174 8.243520 0.402160 0.000000
rs1176 7.683130 0.151630 0.098890
rs1178 8.203960 0.303270 0.000000
rs1179 7.874320 0.507650 0.158230
rs1182 8.203960 0.217560 0.000000
rs1183 8.184180 0.494470 0.224160
rs1184 7.795200 0.501060 0.000000
rs1185 8.124850 0.197780 0.052750
rs1187 7.834760 0.560390 0.000000
rs1188 7.590830 0.151630 0.118670
rs1191 8.210550 0.448320 0.000000
rs1192 7.683130 0.178000 0.547210
rs1193 7.505120 0.764770 0.000000
rs1195 7.485340 0.191190 -0.013190
rs1198 7.841350 0.540620 0.000000
rs1200 7.630380 0.138450 0.547210
rs1202 7.782020 0.230750 0.000000
rs1205 8.724800 0.026370 0.547210
rs1206 8.045730 0.738400 0.000000
rs1207 8.190780 0.507640 0.112080
rs1208 7.927060 0.257120 0.000000
rs1209 7.867730 0.540610 0.032960
rs1210 8.124850 0.520830 0.000000
rs1211 8.751170 0.032960 0.151640
rs1212 7.828170 0.501050 0.000000
rs1213 8.118250 0.659290 0.487870
rs1217 8.764350 0.204380 0.000000
rs1220 8.144630 0.507640 0.131860
rs1229 8.078700 0.784540 0.000000
rs1236 7.663350 0.151630 0.105490
rs1238 8.217150 0.421940 0.000000
rs1245 7.788610 0.164820 0.145050
rs1248 8.151220 0.474680 0.000000
rs1257 7.610610 0.164820 0.026370
rs1258 8.157810 0.283490 0.000000
rs1259 7.716090 0.659280 0.316460
rs1260 7.775430 0.468090 0.000000
rs1261 7.808390 0.566980 0.131850
rs1262 7.821580 0.428530 0.000000
rs1263 7.458970 0.296680 0.105480
rs1264 7.643570 0.145040 0.000000
rs1265 8.124850 0.125260 0.052740
rs1266 8.223740 0.237340 0.000000
rs1267 8.065510 0.883440 0.112080
rs1269 8.032550 0.098890 0.000000
rs1270 7.854540 0.527430 0.131860
rs1276 7.696310 0.131860 0.000000
rs1278 8.131440 0.428530 0.138450
rs1280 7.650160 0.646100 0.000000
rs1281 7.735870 0.560390 0.217560
rs1283 7.458970 0.217560 0.000000
rs1284 7.557860 0.138450 0.171420
rs1285 7.861130 0.474690 0.000000
rs1286 8.138030 0.290090 0.085710
rs1289 7.689720 0.131860 0.000000
rs1290 7.610610 0.224150 0.072520
rs1291 7.795200 0.540620 0.000000
rs1292 8.217150 0.164820 0.230750
rs1293 8.197370 0.230750 0.000000
rs1294 8.553380 0.125270 0.019780
rs1295 7.735870 0.514240 0.000000
rs1296 7.465560 0.171420 0.013180
rs1297 7.650160 0.184600 0.000000
rs1298 7.551270 0.171410 0.441720
rs1299 7.742460 0.481280 0.000000
rs1301 8.757760 0.112080 0.646100
rs1302 7.630380 0.217570 0.000000
rs1303 8.058920 0.072520 -0.019780
rs1304 7.650160 0.672470 0.000000
rs1310 7.894100 0.395570 0.158220
rs1337 8.171000 0.362600 0.000000
rs1359 7.683130 0.164820 0.158230
rs1368 7.946840 0.573580 0.000000
rs1437 8.764350 0.138450 0.112080
rs1518 8.784130 0.158230 0.000000
