rf0002 7.069100 0.276320 0.000000
rf0003 7.483580 0.276310 0.276320
rf0007 6.977000 0.506580 0.000000
rf0010 7.207260 0.230270 0.092100
rf0011 6.977000 0.276320 0.000000
rf0013 7.759890 0.184210 0.276310
rf0015 7.253320 0.414470 0.000000
rf0016 6.977000 0.322370 inf
rf0022 7.161210 0.322370 0.000000
rf0024 6.977000 0.276320 inf
rf0029 7.161210 0.276320 0.000000
rf0030 6.977000 0.414470 inf
rf0031 7.345420 0.276320 0.000000
rf0032 6.977000 0.460530 -0.046050
rf0033 7.069100 0.230270 0.000000
rf0040 7.345420 0.276320 0.184210
rf0042 7.299370 0.460520 0.000000
rf0043 7.667790 0.230260 0.460530
rf0048 7.115160 0.184210 0.000000
rf0049 7.161210 0.184210 0.092110
rf0053 7.253320 0.230260 0.000000
rf0055 6.977000 0.414470 -0.046050
rf0058 6.977000 0.368420 0.000000
rf0060 7.023050 0.184210 inf
rf0061 6.977000 0.322370 0.000000
rf0062 6.977000 0.322370 inf
rf0064 7.345420 0.230260 0.000000
rf0065 7.069100 0.184220 0.046050
rf0071 7.391470 0.322370 0.000000
rf0072 7.805950 0.414470 0.092110
rf0073 7.437530 0.644730 0.000000
rf0074 6.977000 0.460530 inf
rf0084 6.977000 0.414470 0.000000
rf0092 7.391470 0.276320 0.184210
rf0099 7.023050 0.230270 0.000000
rf0102 7.023050 0.276320 inf
rf0109 6.977000 0.460530 0.000000
rf0113 7.161210 0.276320 0.138160
rf0117 6.977000 0.230260 0.000000
rf0118 7.023050 0.184210 inf
rf0122 7.161210 0.184210 0.000000
rf0125 7.207260 0.322370 0.138160
rf0126 7.667790 0.230260 0.000000
rf0127 7.253320 0.460520 0.092110
rf0128 6.977000 0.276320 0.000000
rf0129 6.977000 0.276320 inf
rf0132 6.977000 0.276320 0.000000
rf0133 7.207260 0.368420 0.138160
rf0134 6.977000 0.552630 0.000000
rf0138 6.977000 0.184210 inf
rf0148 7.207260 0.368420 0.000000
rf0150 7.253320 0.506570 0.138160
rf0156 7.575680 0.138160 0.000000
rf0158 6.977000 0.368420 inf
rf0164 7.207260 0.414480 0.000000
rf0166 6.977000 0.184210 inf
rf0167 7.299370 0.322370 0.000000
rf0169 7.115160 0.184210 0.092110
rf0171 8.174370 0.138160 0.000000
rf0173 6.977000 0.921050 -0.138160
rf0175 6.977000 0.276320 0.000000
rf0176 6.977000 0.828950 -0.046050
rf0180 6.977000 0.368420 0.000000
rf0190 6.977000 0.230260 inf
rf0192 7.023050 0.184210 0.000000
rf0193 6.977000 0.506580 -0.046050
rf0201 7.299370 0.276310 0.000000
rf0204 7.345420 0.322370 0.138160
rf0205 7.207260 0.644740 0.000000
rf0206 7.483580 0.184210 0.368420
rf0221 7.207260 0.184210 0.000000
rf0223 6.977000 0.414470 -0.046050
rf0227 6.977000 0.276320 0.000000
rf0234 6.977000 0.460530 -0.046050
rf0237 7.299370 0.368420 0.000000
rf0238 6.977000 0.184210 inf
rf0241 7.944100 0.460530 0.000000
rf0242 7.207260 0.552630 0.138160
rf0244 6.977000 0.368420 0.000000
rf0248 7.345420 0.276320 0.184210
rf0249 7.253320 0.230260 0.000000
rf0250 7.621740 0.506580 0.092110
rf0251 6.977000 0.322370 0.000000
rf0253 6.977000 0.414470 -0.046050
rf0256 6.977000 0.598680 0.000000
rf0258 6.977000 0.414470 inf
rf0259 6.977000 0.230260 0.000000
rf0263 7.023050 0.414480 0.000000
rf0264 6.977000 0.690790 0.000000
rf0267 6.977000 0.322370 inf
rf0268 6.977000 0.230260 0.000000
rf0271 6.977000 0.276320 inf
rf0277 6.977000 0.368420 0.000000
rf0283 7.207260 0.322370 0.138160
rf0284 7.299370 0.230260 0.000000
rf0286 7.207260 0.322370 0.138160
rf0287 6.977000 0.322370 0.000000
rf0292 7.253320 0.276310 0.184220
rf0294 6.977000 0.782890 0.000000
rf0295 6.977000 0.322370 inf
rf0298 6.977000 0.230260 0.000000
rf0299 7.023050 0.230270 inf
rf0300 6.977000 0.230260 0.000000
rf0303 6.977000 0.276320 inf
rf0305 6.977000 0.276320 0.000000
rf0306 7.115160 0.184210 0.092110
rf0309 6.977000 0.276320 0.000000
rf0314 7.115160 0.276310 0.092110
rf0315 7.207260 0.184210 0.000000
rf0316 6.977000 0.644740 -0.046050
rf0318 7.621740 0.414470 0.000000
rf0319 6.977000 0.276320 inf
rf0324 7.345420 0.230260 0.000000
rf0325 7.207260 0.230270 0.138160
rf0327 7.023050 0.644740 0.000000
rf0329 7.529630 0.184210 0.322370
rf0331 7.069100 0.276320 0.000000
rf0333 6.977000 0.552630 -0.046050
rf0335 7.115160 0.184210 0.000000
rf0338 7.391470 0.322370 0.138150
rf0339 7.529630 0.368420 0.000000
rf0342 6.977000 0.184210 inf
rf0343 6.977000 0.460530 0.000000
rf0346 6.977000 1.059210 -0.092100
rf0348 7.253320 0.322360 0.000000
rf0351 7.115160 0.230260 0.092110
rf0354 6.977000 0.828950 0.000000
rf0358 7.483580 0.368420 0.092110
rf0363 7.575680 0.460530 0.000000
rf0364 6.977000 0.598680 inf
rf0366 7.207260 0.230270 0.000000
rf0372 7.621740 0.184210 0.184210
rf0374 6.977000 0.184210 0.000000
rf0375 6.977000 0.276320 inf
rf0376 7.115160 0.276310 0.000000
rf0377 6.977000 0.230260 inf
rf0378 6.977000 0.506580 0.000000
rf0381 7.161210 0.368420 0.092110
rf0383 6.977000 0.967100 0.000000
rf0385 6.977000 0.276320 inf
rf0386 6.977000 0.552630 0.000000
rf0387 6.977000 0.552630 -0.046050
rf0388 7.253320 0.460520 0.000000
rf0391 6.977000 0.230260 inf
rf0394 7.253320 0.230260 0.000000
rf0395 7.898050 0.138160 0.368420
rf0396 7.161210 0.276320 0.000000
rf0397 7.115160 0.184210 0.092110
rf0398 6.977000 0.782890 0.000000
rf0399 6.977000 0.230260 inf
rf0400 7.805950 0.184210 0.000000
rf0401 7.391470 0.230270 0.092100
rf0403 7.161210 0.552630 0.000000
rf0405 7.207260 0.322370 0.138160
rf0415 6.977000 0.322370 0.000000
rf0419 7.575680 0.368420 0.092100
rf0425 6.977000 0.552630 0.000000
rf0427 6.977000 0.414470 inf
rf0428 7.207260 0.276320 0.000000
rf0430 7.345420 0.368420 0.138160
rf0432 6.977000 0.184210 0.000000
rf0433 6.977000 0.276320 inf
rf0434 7.299370 0.276310 0.000000
rf0435 7.023050 0.506580 0.000000
rf0439 7.391470 0.230270 0.000000
rf0441 7.299370 0.230260 0.092110
rf0444 7.069100 0.322370 0.000000
rf0446 7.161210 0.552630 0.092110
rf0447 6.977000 0.368420 0.000000
rf0448 6.977000 0.230260 inf
rf0455 7.575680 0.184210 0.000000
rf0460 7.207260 0.276320 0.184210
rf0463 7.345420 0.322370 0.000000
rf0466 6.977000 0.460530 inf
rf0473 6.977000 0.414470 0.000000
rf0474 7.391470 0.276320 0.092100
rf0476 7.023050 0.230270 0.000000
rf0477 7.161210 0.230260 0.092110
rf0480 6.977000 0.184210 0.000000
rf0482 7.023050 0.322370 0.000000
rf0485 7.529630 0.276320 0.000000
rf0488 6.977000 0.460530 inf
rf0496 7.345420 0.230260 0.000000
rf0499 7.069100 0.230270 0.046050
rf0500 6.977000 0.690790 0.000000
rf0503 7.115160 0.230260 0.092110
rf0506 6.977000 0.322370 0.000000
rf0507 6.977000 0.414470 inf
rf0510 7.759890 0.184210 0.000000
rf0513 6.977000 0.506580 -0.046050
rf0630 7.529630 0.276320 0.000000
rf0684 6.977000 0.644740 -0.092100
rf0693 7.391470 0.230270 0.000000
rf0713 6.977000 0.230260 inf
rf0730 6.977000 0.414470 0.000000
rf0795 7.115160 0.368420 0.092110
rs0001 7.299370 0.368420 0.000000
rs0002 6.977000 0.276320 inf
rs0003 7.161210 0.414470 0.000000
rs0010 7.023050 0.230270 inf
rs0011 7.069100 0.230270 0.000000
rs0012 7.115160 0.414470 0.092110
rs0013 6.977000 0.276320 0.000000
rs0014 7.437530 0.322360 0.230270
rs0018 6.977000 0.460530 0.000000
rs0019 7.529630 0.138160 0.322370
rs0020 7.069100 0.230270 0.000000
rs0022 7.345420 0.276320 0.184210
rs0029 7.023050 0.322370 0.000000
rs0030 7.069100 0.414480 0.046050
rs0032 7.345420 0.230260 0.000000
rs0041 7.253320 0.736840 0.092110
rs0042 7.023050 0.828950 0.000000
rs0044 7.621740 0.230260 0.276320
rs0045 6.977000 0.414470 0.000000
rs0046 7.207260 0.322370 0.138160
rs0048 6.977000 0.736840 0.000000
rs0049 6.977000 1.059210 -0.092100
rs0050 6.977000 0.598680 0.000000
rs0051 6.977000 0.414470 inf
rs0052 6.977000 0.552630 0.000000
rs0053 6.977000 0.230260 inf
rs0054 7.069100 0.230270 0.000000
rs0062 7.207260 0.230270 0.092100
rs0063 6.977000 0.230260 0.000000
rs0064 6.977000 0.690790 -0.092100
rs0068 6.977000 0.230260 0.000000
rs0070 7.069100 0.184220 0.046050
rs0077 7.621740 0.230260 0.000000
rs0080 7.115160 0.506580 0.046060
rs0082 7.115160 0.276310 0.000000
rs0083 7.253320 0.276310 0.138160
rs0084 6.977000 0.276320 0.000000
rs0085 6.977000 0.322370 inf
rs0087 6.977000 1.013160 0.000000
rs0088 7.161210 0.230260 0.092110
rs0089 6.977000 0.414470 0.000000
rs0090 7.299370 0.276310 0.092110
rs0092 7.069100 0.230270 0.000000
rs0093 7.253320 0.368420 0.184220
rs0094 6.977000 0.322370 0.000000
rs0095 7.391470 0.230270 0.092100
rs0096 7.299370 0.322370 0.000000
rs0097 7.345420 0.322370 0.092100
rs0098 6.977000 0.322370 0.000000
rs0104 7.483580 0.230260 0.322370
rs0105 6.977000 0.184210 0.000000
rs0107 7.115160 0.322370 0.092110
rs0109 7.713840 0.322370 0.000000
rs0111 7.161210 0.230260 0.092110
rs0113 7.253320 0.322360 0.000000
rs0118 6.977000 0.276320 inf
rs0120 6.977000 0.414470 0.000000
rs0121 6.977000 0.552630 -0.046050
rs0122 7.207260 0.276320 0.000000
rs0124 7.161210 0.184210 0.092110
rs0127 7.069100 0.460530 0.000000
rs0128 7.299370 0.322370 0.230270
rs0129 7.667790 0.138160 0.000000
rs0130 7.069100 0.230270 0.046050
rs0132 7.069100 0.230270 0.000000
rs0133 6.977000 0.460530 -0.046050
rs0134 6.977000 0.460530 0.000000
rs0135 6.977000 0.460530 inf
rs0136 6.977000 0.276320 0.000000
rs0138 7.161210 0.230260 0.092110
rs0140 7.621740 0.414470 0.000000
rs0141 6.977000 0.230260 inf
rs0143 7.253320 0.322360 0.000000
rs0145 7.713840 0.230260 0.506580
rs0146 7.299370 0.414470 0.000000
rs0147 6.977000 0.276320 inf
rs0148 7.575680 0.230270 0.000000
rs0149 6.977000 0.276320 inf
rs0150 6.977000 0.230260 0.000000
rs0155 6.977000 0.644740 -0.046050
rs0156 7.023050 0.506580 0.000000
rs0159 7.115160 0.230260 0.092110
rs0163 6.977000 0.506580 0.000000
rs0166 6.977000 0.644740 -0.046050
rs0167 7.253320 0.184210 0.000000
rs0168 7.345420 0.276320 0.092100
rs0172 6.977000 0.230260 0.000000
rs0174 7.069100 0.230270 0.046050
rs0175 7.023050 0.506580 0.000000
rs0179 6.977000 0.460530 inf
rs0180 6.977000 0.322370 0.000000
rs0181 7.621740 0.230260 0.230270
rs0182 6.977000 0.644740 0.000000
rs0183 7.207260 0.276320 0.138160
rs0184 7.023050 0.276320 0.000000
rs0188 7.759890 0.138160 0.322360
rs0190 7.115160 0.322370 0.000000
rs0191 7.483580 0.368420 0.276320
rs0193 6.977000 0.506580 0.000000
rs0194 7.805950 0.184210 0.322370
rs0196 6.977000 0.276320 0.000000
rs0201 7.391470 0.322370 0.184210
rs0202 7.161210 0.276320 0.000000
rs0203 7.299370 0.276310 0.184210
rs0206 7.253320 0.276310 0.000000
rs0209 7.437530 0.276310 0.276320
rs0210 7.115160 0.230260 0.000000
rs0211 7.437530 0.322360 0.230270
rs0212 7.023050 0.230270 0.000000
rs0214 6.977000 0.460530 -0.046050
rs0218 7.023050 0.230270 0.000000
rs0221 6.977000 0.506580 -0.046050
rs0222 7.575680 0.184210 0.000000
rs0225 6.977000 0.552630 -0.046050
rs0226 7.207260 0.322370 0.000000
rs0227 7.253320 0.414470 0.184220
rs0231 7.069100 0.276320 0.000000
rs0237 7.023050 0.276320 inf
rs0239 7.575680 0.230270 0.000000
rs0240 7.621740 0.230260 0.368420
rs0242 6.977000 0.276320 0.000000
rs0243 7.575680 0.322370 0.276310
rs0244 7.529630 0.230260 0.000000
rs0247 7.483580 0.276310 0.092110
rs0250 6.977000 0.644740 0.000000
rs0253 6.977000 0.322370 -0.046050
rs0255 7.207260 0.368420 0.000000
rs0256 7.207260 0.414480 0.092100
rs0257 6.977000 0.230260 0.000000
rs0259 7.069100 0.414480 0.046050
rs0260 7.391470 0.506580 0.000000
rs0261 7.299370 0.276310 0.138160
rs0262 7.253320 0.230260 0.000000
rs0263 6.977000 0.644740 -0.092100
rs0264 7.391470 0.276320 0.000000
rs0266 7.161210 0.230260 0.138160
rs0267 6.977000 0.460530 0.000000
rs0268 6.977000 0.460530 -0.046050
rs0269 7.161210 0.276320 0.000000
rs0270 6.977000 0.875000 -0.138160
rs0273 7.023050 0.184210 0.000000
rs0274 7.023050 0.368420 inf
rs0275 7.115160 0.230260 0.000000
rs0276 7.023050 0.276320 inf
rs0280 6.977000 0.690790 0.000000
rs0282 7.207260 0.322370 0.184210
rs0283 6.977000 0.276320 0.000000
rs0289 6.977000 0.276320 inf
rs0290 7.161210 0.276320 0.000000
rs0297 7.161210 0.230260 0.092110
rs0303 7.069100 0.184220 0.000000
rs0306 6.977000 0.598680 -0.046050
rs0308 6.977000 0.690790 0.000000
rs0310 6.977000 0.414470 -0.046050
rs0313 7.575680 0.138160 0.000000
rs0314 6.977000 0.598680 inf
rs0315 7.115160 0.276310 0.000000
rs0316 6.977000 0.460530 -0.046050
rs0318 7.621740 0.368420 0.000000
rs0320 7.253320 0.276310 0.184220
rs0323 6.977000 0.230260 0.000000
rs0328 6.977000 0.230260 inf
rs0331 6.977000 0.276320 0.000000
rs0334 6.977000 0.368420 inf
rs0336 7.023050 0.506580 0.000000
rs0337 6.977000 0.460530 inf
rs0339 7.391470 0.276320 0.000000
rs0341 7.115160 0.230260 0.092110
rs0343 7.253320 0.552630 0.000000
rs0344 7.253320 0.276310 0.092110
rs0345 7.253320 0.184210 0.000000
rs0349 7.391470 0.276320 0.092100
rs0350 7.852000 0.276320 0.000000
rs0351 6.977000 0.322370 inf
rs0354 7.299370 0.368420 0.000000
rs0356 7.069100 0.322370 0.046050
rs0358 6.977000 0.368420 0.000000
rs0362 7.115160 0.322370 0.092110
rs0363 7.253320 0.276310 0.000000
rs0365 7.023050 0.184210 inf
rs0371 6.977000 0.506580 0.000000
rs0372 7.253320 0.322360 0.092110
rs0373 7.161210 0.644740 0.000000
rs0374 7.023050 0.184210 inf
rs0376 6.977000 0.598680 0.000000
rs0377 6.977000 0.322370 inf
rs0378 7.713840 0.138160 0.000000
rs0382 7.575680 0.138160 0.322360
rs0384 7.069100 0.276320 0.000000
rs0386 7.299370 0.460520 0.092110
rs0389 7.299370 0.322370 0.000000
rs0390 7.483580 0.322370 0.276320
rs0391 6.977000 0.322370 0.000000
rs0392 7.667790 0.644740 0.092110
rs0393 6.977000 0.230260 0.000000
rs0396 7.437530 0.184210 0.230270
rs0405 7.437530 0.230260 0.000000
rs0406 7.023050 0.276320 0.000000
rs0409 6.977000 0.414470 0.000000
rs0410 7.161210 0.230260 0.092110
rs0416 7.207260 0.184210 0.000000
rs0418 7.161210 0.276320 0.138160
rs0419 7.023050 0.782900 0.000000
rs0420 6.977000 0.644740 -0.046050
rs0421 7.299370 0.230260 0.000000
rs0423 6.977000 0.276320 inf
rs0424 7.253320 0.322360 0.000000
rs0425 6.977000 0.322370 inf
rs0427 7.115160 0.184210 0.000000
rs0429 7.161210 0.184210 0.092110
rs0430 7.115160 0.184210 0.000000
rs0432 8.404630 0.230260 0.184210
rs0433 6.977000 0.690790 0.000000
rs0435 6.977000 0.230260 inf
rs0437 7.437530 0.690790 0.000000
rs0440 7.161210 0.230260 0.138160
rs0444 7.161210 0.184210 0.000000
rs0449 6.977000 0.414470 -0.046050
rs0451 7.253320 0.276310 0.000000
rs0452 6.977000 0.782890 -0.092100
rs0453 7.805950 0.138150 0.000000
rs0454 6.977000 0.276320 inf
rs0456 6.977000 0.322370 0.000000
rs0460 7.207260 0.184210 0.138160
rs0463 8.312530 0.230260 0.000000
rs0466 7.621740 0.184210 0.460530
rs0467 6.977000 0.230260 0.000000
rs0468 6.977000 0.644740 inf
rs0469 7.299370 0.322370 0.000000
rs0470 7.023050 0.184210 inf
rs0472 7.299370 0.230260 0.000000
rs0473 7.345420 0.230260 0.092100
rs0476 6.977000 0.690790 0.000000
rs0477 7.667790 0.644740 0.092110
rs0480 6.977000 0.230260 0.000000
rs0485 7.253320 0.184210 0.138160
rs0493 7.207260 0.230270 0.000000
rs0495 7.023050 0.230270 inf
rs0496 6.977000 0.368420 0.000000
rs0498 7.069100 0.322370 0.046050
rs0503 7.115160 0.230260 0.000000
rs0505 7.161210 0.921050 0.092110
rs0508 7.023050 0.184210 0.000000
rs0516 7.253320 0.414470 0.092110
rs0517 7.391470 0.322370 0.000000
rs0519 7.023050 0.506580 0.000000
rs0520 7.069100 0.230270 0.000000
rs0521 6.977000 0.414470 inf
rs0522 6.977000 0.368420 0.000000
rs0524 6.977000 0.276320 inf
rs0528 7.207260 0.322370 0.000000
rs0531 7.759890 0.138160 0.414470
rs0532 7.023050 0.552630 0.000000
rs0534 7.069100 0.414480 0.046050
rs0536 7.253320 0.276310 0.000000
rs0537 7.345420 0.184210 0.184210
rs0538 6.977000 0.322370 0.000000
rs0541 7.621740 0.322360 0.184210
rs0543 7.161210 0.368420 0.000000
rs0545 7.299370 0.184210 0.138160
rs0548 7.253320 0.368420 0.000000
rs0549 7.023050 0.276320 inf
rs0553 7.069100 0.230270 0.000000
rs0554 7.207260 0.414480 0.138160
rs0555 6.977000 0.368420 0.000000
rs0556 8.082260 0.414480 0.138160
rs0560 6.977000 0.322370 0.000000
rs0561 6.977000 0.368420 -0.046050
rs0562 6.977000 0.184210 0.000000
rs0564 7.023050 0.276320 inf
rs0568 6.977000 0.230260 0.000000
rs0570 7.253320 0.414470 0.138160
rs0571 7.253320 0.184210 0.000000
rs0572 6.977000 0.736840 -0.046050
rs0573 7.115160 0.230260 0.000000
rs0574 7.713840 0.276320 0.230260
rs0578 6.977000 0.690790 0.000000
rs0582 6.977000 0.276320 inf
rs0585 6.977000 0.322370 0.000000
rs0586 7.253320 0.230260 0.092110
rs0587 7.299370 0.276310 0.000000
rs0588 6.977000 0.690790 inf
rs0591 7.069100 0.414480 0.000000
rs0598 6.977000 0.967100 -0.138160
rs0603 7.207260 0.322370 0.000000
rs0609 6.977000 0.368420 inf
rs0610 6.977000 0.506580 0.000000
rs0612 7.023050 0.230270 inf
rs0615 6.977000 0.552630 0.000000
rs0626 6.977000 0.184210 inf
rs0636 7.483580 0.184210 0.000000
rs0640 7.023050 0.506580 0.000000
rs0644 7.069100 0.322370 0.000000
rs0650 7.483580 0.276310 0.184210
rs0656 7.023050 0.368420 0.000000
rs0660 7.207260 0.506580 0.138160
rs0669 6.977000 0.322370 0.000000
rs0672 7.345420 0.230260 0.184210
rs0679 6.977000 0.690790 0.000000
rs0688 7.805950 0.184210 0.322370
rs0708 7.667790 0.230260 0.000000
rs0719 7.990160 0.322370 0.322370
rs0724 7.207260 0.276320 0.000000
rs0731 7.023050 0.460530 inf
rs0741 6.977000 0.736840 0.000000
rs0743 7.115160 0.230260 0.092110
rs0744 7.069100 0.552640 0.000000
rs0745 7.161210 0.322370 0.138160
rs0751 7.299370 0.368420 0.000000
rs0752 7.023050 0.552630 0.000000
rs0754 6.977000 0.644740 0.000000
rs0757 7.023050 0.322370 0.000000
rs0763 6.977000 0.368420 0.000000
rs0767 6.977000 0.230260 inf
rs0768 6.977000 0.276320 0.000000
rs0774 7.023050 0.230270 inf
rs0775 7.023050 0.184210 0.000000
rs0777 7.529630 0.322370 0.092100
rs0779 7.253320 0.368420 0.000000
rs0781 7.253320 0.230260 0.184220
rs0784 7.115160 0.230260 0.000000
rs0786 7.023050 0.230270 inf
rs0788 7.161210 0.230260 0.000000
rs0793 7.023050 0.368420 inf
rs0797 7.345420 0.276320 0.000000
rs0798 7.161210 0.230260 0.138160
rs0802 6.977000 0.230260 0.000000
rs0804 7.575680 0.506580 0.092100
rs0805 7.805950 0.414470 0.000000
rs0806 6.977000 0.368420 inf
rs0808 7.023050 0.184210 0.000000
rs0809 7.391470 0.322370 0.184210
rs0810 7.069100 0.184220 0.000000
rs0811 6.977000 0.322370 inf
rs0812 7.621740 0.276310 0.000000
rs0815 7.069100 0.230270 0.046050
rs0823 7.345420 0.276320 0.000000
rs0831 7.437530 0.276310 0.276320
rs0833 7.852000 0.230260 0.000000
rs0834 6.977000 0.322370 inf
rs0839 7.161210 0.368420 0.000000
rs0842 7.299370 0.184210 0.138160
rs0843 6.977000 0.552630 0.000000
rs0845 6.977000 0.506580 -0.046050
rs0846 6.977000 0.552630 0.000000
rs0847 6.977000 0.736840 -0.092100
rs0850 7.207260 0.368420 0.000000
rs0853 6.977000 0.552630 inf
rs0866 6.977000 0.322370 0.000000
rs0868 6.977000 0.322370 inf
rs0869 7.253320 0.506570 0.000000
rs0871 7.069100 0.828950 0.046050
rs0872 6.977000 0.276320 0.000000
rs0873 7.437530 0.230260 0.322370
rs0875 7.023050 0.322370 0.000000
rs0879 6.977000 0.276320 inf
rs0880 6.977000 0.368420 0.000000
rs0882 7.621740 0.276310 0.460530
rs0891 7.575680 0.092110 0.000000
rs0896 7.391470 0.184210 0.184210
rs0897 6.977000 0.368420 0.000000
rs0901 7.023050 0.184210 inf
rs0906 7.253320 0.276310 0.000000
rs0907 6.977000 0.276320 inf
rs0909 6.977000 0.184210 0.000000
rs0910 7.207260 0.184210 0.138160
rs0916 7.069100 0.276320 0.000000
rs0919 7.115160 0.230260 0.092110
rs0921 7.391470 0.368420 0.000000
rs0922 6.977000 0.460530 inf
rs0923 6.977000 0.184210 0.000000
rs0932 7.115160 0.184210 0.092110
rs0933 7.115160 0.184210 0.000000
rs0935 7.069100 0.368430 0.046050
rs0944 7.023050 0.230270 0.000000
rs0945 6.977000 0.506580 inf
rs0946 7.023050 0.598690 0.000000
rs0950 7.253320 0.506570 0.092110
rs0953 7.253320 0.276310 0.000000
rs0954 7.437530 0.230260 0.230270
rs0957 7.437530 0.322360 0.000000
rs0958 6.977000 0.552630 -0.046050
rs0959 7.115160 0.184210 0.000000
rs0960 7.161210 0.184210 0.092110
rs0967 6.977000 0.322370 0.000000
rs0970 6.977000 0.460530 -0.046050
rs0974 7.207260 0.276320 0.000000
rs0978 7.207260 0.460530 0.092100
rs0979 6.977000 0.230260 0.000000
rs0980 7.990160 0.138160 0.644740
rs0981 7.207260 0.230270 0.000000
rs0982 7.253320 0.230260 0.092110
rs0983 7.299370 0.368420 0.000000
rs0984 7.069100 0.368430 0.046050
rs0985 7.161210 0.276320 0.000000
rs0988 7.023050 0.506580 0.000000
rs0989 6.977000 0.598680 0.000000
rs0991 7.161210 0.276320 0.138160
rs0995 6.977000 0.414470 0.000000
rs0997 6.977000 0.322370 inf
rs1000 7.023050 0.414480 0.000000
rs1002 6.977000 0.736840 inf
rs1003 7.115160 0.460520 0.000000
rs1004 7.207260 0.184210 0.138160
rs1005 7.115160 0.414470 0.000000
rs1010 8.036210 0.184210 0.276320
rs1014 7.529630 0.322370 0.000000
rs1016 7.299370 0.322370 0.184210
rs1017 7.299370 0.230260 0.000000
rs1020 7.115160 0.230260 0.092110
rs1021 7.023050 0.230270 0.000000
rs1023 7.345420 0.230260 0.184210
rs1025 7.161210 0.230260 0.000000
rs1029 6.977000 0.230260 inf
rs1030 7.069100 0.184220 0.000000
rs1031 7.023050 0.414480 0.000000
rs1032 7.207260 0.230270 0.000000
rs1034 7.161210 0.230260 0.092110
rs1035 7.391470 0.460530 0.000000
rs1036 7.253320 0.414470 0.092110
rs1038 6.977000 0.230260 0.000000
rs1040 7.023050 0.184210 inf
rs1043 7.621740 0.322360 0.000000
rs1045 6.977000 0.322370 inf
rs1046 7.207260 0.276320 0.000000
rs1047 6.977000 0.230260 inf
rs1048 6.977000 0.736840 0.000000
rs1050 7.115160 0.184210 0.092110
rs1052 6.977000 0.322370 0.000000
rs1054 7.253320 0.230260 0.092110
rs1055 7.069100 0.230270 0.000000
rs1057 7.667790 0.184210 0.322370
rs1059 6.977000 0.552630 0.000000
rs1060 7.713840 0.414480 0.092100
rs1062 7.391470 0.276320 0.000000
rs1065 6.977000 0.276320 inf
rs1066 6.977000 1.151320 0.000000
rs1068 6.977000 0.690790 inf
rs1072 6.977000 0.230260 0.000000
rs1073 6.977000 0.184210 inf
rs1074 7.207260 0.230270 0.000000
rs1075 7.299370 0.230260 0.138160
rs1076 6.977000 0.460530 0.000000
rs1079 7.437530 0.230260 0.322370
rs1080 6.977000 0.460530 0.000000
rs1081 7.023050 0.322370 0.000000
rs1082 7.345420 0.184210 0.000000
rs1084 6.977000 0.230260 inf
rs1086 7.207260 0.230270 0.000000
rs1087 6.977000 0.276320 inf
rs1091 7.759890 0.276320 0.000000
rs1092 7.391470 0.230270 0.276310
rs1093 7.391470 0.276320 0.000000
rs1098 7.115160 0.230260 0.092110
rs1100 6.977000 0.690790 0.000000
rs1102 7.253320 0.322360 0.138160
rs1103 7.621740 0.598680 0.000000
rs1104 6.977000 0.230260 inf
rs1105 7.069100 0.184220 0.000000
rs1106 7.437530 0.184210 0.184210
rs1108 7.069100 0.184220 0.000000
rs1109 7.345420 0.368420 0.184210
rs1110 6.977000 0.368420 0.000000
rs1111 7.345420 0.184210 0.184210
rs1112 7.483580 0.276310 0.000000
rs1114 6.977000 0.782890 -0.184210
rs1116 6.977000 0.230260 0.000000
rs1117 7.069100 0.230270 0.046050
rs1118 6.977000 0.414470 0.000000
rs1121 7.299370 0.322370 0.184210
rs1122 7.299370 0.322370 0.000000
rs1123 7.253320 0.276310 0.184220
rs1124 6.977000 0.322370 0.000000
rs1126 7.115160 0.230260 0.092110
rs1129 7.253320 0.276310 0.000000
rs1131 7.253320 0.322360 0.138160
rs1132 7.207260 0.230270 0.000000
rs1134 7.575680 0.184210 0.368420
rs1137 6.977000 0.506580 0.000000
rs1142 7.023050 0.230270 inf
rs1143 7.069100 0.184220 0.000000
rs1145 7.069100 0.552640 0.046050
rs1147 7.069100 0.184220 0.000000
rs1149 7.207260 0.184210 0.138160
rs1150 7.115160 0.322370 0.000000
rs1151 6.977000 0.506580 inf
rs1152 7.115160 0.230260 0.000000
rs1154 6.977000 0.460530 inf
rs1159 7.115160 0.184210 0.000000
rs1162 6.977000 0.322370 inf
rs1163 7.207260 0.690790 0.000000
rs1165 7.115160 0.276310 0.092110
rs1168 7.161210 0.184210 0.000000
rs1169 6.977000 0.368420 inf
rs1170 6.977000 0.276320 0.000000
rs1178 6.977000 0.414470 inf
rs1179 7.115160 0.368420 0.000000
rs1182 6.977000 0.276320 inf
rs1183 6.977000 0.552630 0.000000
rs1184 7.161210 0.230260 0.092110
rs1185 6.977000 0.736840 0.000000
rs1188 7.345420 0.230260 0.092100
rs1190 7.575680 0.276320 0.000000
rs1191 6.977000 0.552630 -0.046050
rs1195 6.977000 0.230260 0.000000
rs1197 7.069100 0.230270 0.046050
rs1198 7.207260 0.552630 0.000000
rs1200 7.161210 0.230260 0.092110
rs1202 6.977000 0.184210 0.000000
rs1205 6.977000 0.644740 -0.092100
rs1209 7.207260 0.598690 0.000000
rs1211 7.391470 0.414480 0.276310
rs1212 6.977000 0.230260 0.000000
rs1213 7.575680 0.184210 0.414470
rs1214 7.852000 0.230260 0.000000
rs1217 7.759890 0.184210 0.368420
rs1220 6.977000 0.644740 0.000000
rs1229 7.575680 0.184210 0.368420
rs1245 6.977000 0.184210 0.000000
rs1248 6.977000 0.460530 inf
rs1254 7.023050 0.368420 0.000000
rs1258 6.977000 0.460530 inf
rs1259 7.437530 0.552630 0.000000
rs1260 7.115160 0.230260 0.046060
rs1261 7.345420 0.552630 0.000000
rs1262 7.069100 0.230270 0.046050
rs1263 6.977000 0.230260 0.000000
rs1264 7.253320 0.276310 0.092110
rs1265 6.977000 0.828950 0.000000
rs1266 7.253320 0.921050 0.046060
rs1267 7.253320 0.460520 0.000000
rs1269 6.977000 0.184210 inf
rs1270 7.253320 0.552630 0.000000
rs1276 7.207260 0.230270 0.092100
rs1278 6.977000 0.552630 0.000000
rs1282 7.069100 0.322370 0.046050
rs1283 7.069100 0.230270 0.000000
rs1284 7.483580 0.322370 0.092110
rs1285 7.161210 0.414470 0.000000
rs1286 6.977000 0.644740 -0.046050
rs1290 7.391470 0.276320 0.000000
rs1291 7.115160 0.230260 0.092110
rs1292 6.977000 0.276320 0.000000
rs1293 6.977000 0.368420 inf
rs1294 6.977000 0.322370 0.000000
rs1296 7.483580 0.322370 0.092110
rs1297 7.299370 0.230260 0.000000
rs1300 7.115160 0.368420 0.092110
rs1301 7.391470 0.322370 0.000000
rs1302 7.115160 0.184210 0.092110
rs1303 6.977000 0.414470 0.000000
rs1304 7.483580 0.368420 0.092110
rs1337 6.977000 0.368420 0.000000
rs1359 7.299370 0.276310 0.138160
rs1364 7.391470 0.276320 0.000000
rs1368 7.253320 0.414470 0.092110
rs1437 7.253320 0.276310 0.000000
rs1518 7.805950 0.184210 0.368420
