rf0002 6.977000 0.216050 0.000000
rf0003 6.977000 1.202670 -0.072020
rf0010 7.185850 0.151230 0.000000
rf0011 6.977000 0.201650 -0.014400
rf0013 7.560330 0.108030 0.000000
rf0015 8.150870 0.151230 0.756170
rf0016 6.977000 0.180040 0.000000
rf0022 7.085020 0.151240 0.043210
rf0024 6.977000 0.324070 0.000000
rf0029 7.077820 0.201650 0.043210
rf0030 6.977000 0.374490 0.000000
rf0031 6.977000 1.152260 -0.115230
rf0040 6.977000 1.116260 0.000000
rf0048 7.085020 0.144040 0.050410
rf0053 7.221860 0.158430 0.000000
rf0060 6.984200 0.158440 -0.007200
rf0062 6.977000 0.259260 0.000000
rf0064 7.279470 0.144030 0.072020
rf0065 7.034610 0.144040 0.000000
rf0072 7.689960 0.223250 0.086420
rf0073 7.308280 0.432090 0.000000
rf0092 8.078850 0.122430 0.828190
rf0125 6.977000 0.936210 0.000000
rf0127 7.243460 0.129630 0.086420
rf0129 6.977000 0.194440 0.000000
rf0132 6.977000 0.216050 -0.014400
rf0134 6.977000 0.489710 0.000000
rf0138 6.977000 0.064810 inf
rf0164 6.977000 1.137860 0.000000
rf0166 6.977000 0.093620 -0.007200
rf0169 7.063420 0.144030 0.000000
rf0176 6.977000 1.116260 -0.028810
rf0180 6.977000 0.266460 0.000000
rf0190 6.998600 0.144040 0.000000
rf0201 7.236260 0.187240 0.000000
rf0204 7.272270 0.208850 0.072020
rf0205 6.977000 1.317900 0.000000
rf0223 6.977000 0.871400 -0.057610
rf0234 6.977000 0.777780 0.000000
rf0237 6.977000 1.094650 -0.072020
rf0241 7.855600 0.331280 0.000000
rf0248 7.265070 0.079210 0.100830
rf0249 8.042840 0.129630 0.000000
rf0250 7.538730 0.288060 0.079220
rf0251 6.977000 0.280860 0.000000
rf0258 6.977000 0.388890 -0.021600
rf0263 6.977000 0.223250 0.000000
rf0267 6.977000 0.208850 -0.007200
rf0271 7.020210 0.187240 0.000000
rf0283 6.977000 1.130660 -0.136830
rf0284 7.265070 0.165630 0.000000
rf0287 6.977000 0.223250 -0.014400
rf0292 6.977000 1.008230 0.000000
rf0295 6.977000 0.201650 -0.021600
rf0298 6.977000 0.165640 0.000000
rf0306 7.077820 0.129630 0.043210
rf0309 6.977000 0.230450 0.000000
rf0315 7.128230 0.115230 0.079210
rf0319 7.027410 0.172840 0.000000
rf0324 7.236260 0.079220 0.079220
rf0338 7.322680 0.180040 0.000000
rf0339 6.977000 1.339510 -0.129630
rf0343 6.977000 0.727370 0.000000
rf0348 8.136470 0.151230 0.662560
rf0351 7.056220 0.172840 0.000000
rf0354 6.977000 0.943420 -0.021600
rf0358 7.409100 0.237650 0.000000
rf0363 7.509920 0.244860 0.072010
rf0364 6.977000 0.554530 0.000000
rf0366 7.135440 0.158430 0.057620
rf0372 7.553130 0.108030 0.000000
rf0375 6.998600 0.158440 0.000000
rf0377 6.977000 0.057610 0.000000
rf0383 6.977000 1.267490 -0.180040
rf0385 6.977000 0.180040 0.000000
rf0386 6.977000 0.813790 -0.036010
rf0388 8.165270 0.151240 0.000000
rf0396 6.977000 0.921810 -0.050410
rf0397 6.977000 0.792180 0.000000
rf0399 6.977000 0.172840 -0.014400
rf0400 8.280500 0.223250 0.000000
rf0403 7.063420 0.266460 0.036010
rf0415 6.977000 0.295270 0.000000
rf0419 7.495520 0.237650 0.079220
rf0428 7.149840 0.172840 0.000000
rf0439 7.315480 0.136830 0.079220
rf0444 7.070620 0.223250 0.000000
rf0474 7.344280 0.201650 0.064810
rf0477 7.113830 0.158440 0.000000
rf0488 6.977000 0.331280 -0.014400
rf0496 7.308280 0.194440 0.000000
rf0499 7.049020 0.144030 0.036010
rf0500 6.977000 0.993830 0.000000
rf0503 7.034610 0.172840 0.021600
rf0513 6.977000 0.792180 0.000000
rf0630 7.423500 0.165640 0.072010
rf0795 7.034610 0.194450 0.000000
rs0001 7.243460 0.216050 0.064810
rs0003 7.041810 0.237660 0.000000
rs0010 7.005810 0.165630 0.007210
rs0012 7.027410 0.201650 0.000000
rs0013 6.977000 0.172840 -0.014400
rs0022 6.998600 0.561730 0.000000
rs0029 6.984200 0.187240 -0.014400
rs0030 6.977000 0.295270 0.000000
rs0046 6.977000 1.094650 -0.108020
rs0051 6.977000 0.475310 0.000000
rs0052 6.977000 0.331280 -0.014400
rs0053 6.977000 0.115230 0.000000
rs0054 7.049020 0.144030 0.028810
rs0062 7.164240 0.151240 0.000000
rs0087 6.977000 0.986630 -0.014400
rs0088 7.106630 0.151230 0.000000
rs0089 6.977000 0.878600 -0.057610
rs0090 7.279470 0.158440 0.000000
rs0092 7.005810 0.172840 0.007210
rs0093 6.977000 1.166670 0.000000
rs0094 6.977000 0.230450 -0.014400
rs0095 7.293870 0.129630 0.000000
rs0096 6.977000 1.101850 -0.079220
rs0097 7.315480 0.187240 0.000000
rs0098 6.977000 0.360080 -0.021600
rs0104 6.977000 1.037040 0.000000
rs0107 6.977000 0.424900 -0.021600
rs0109 7.445110 0.165630 0.000000
rs0113 6.977000 1.173870 -0.180040
rs0122 7.178650 0.158430 0.000000
rs0124 7.128230 0.136840 0.057610
rs0127 6.991400 0.266460 0.000000
rs0133 6.977000 0.986630 -0.086420
rs0134 6.977000 0.957820 0.000000
rs0136 6.977000 0.554530 -0.028810
rs0138 7.142640 0.151230 0.000000
rs0140 7.531530 0.208840 0.079220
rs0141 6.977000 0.151230 0.000000
rs0143 6.977000 1.145060 -0.129630
rs0145 6.977000 1.224280 0.000000
rs0146 7.221860 0.216050 0.072020
rs0147 6.977000 0.216050 0.000000
rs0150 6.984200 0.151240 -0.007200
rs0156 6.977000 0.244860 0.000000
rs0159 6.977000 0.921810 -0.158440
rs0163 6.977000 0.698560 0.000000
rs0167 7.185850 0.151230 0.064820
rs0168 7.315480 0.194440 0.000000
rs0172 6.977000 0.165640 -0.007200
rs0175 6.977000 0.367280 0.000000
rs0181 7.257860 0.367290 0.043210
rs0183 6.977000 1.037040 0.000000
rs0196 6.977000 0.172840 -0.014400
rs0201 8.122060 0.144030 0.000000
rs0203 6.977000 1.152260 -0.129630
rs0206 6.977000 1.152260 0.000000
rs0218 6.984200 0.165640 -0.007200
rs0221 6.977000 0.612140 0.000000
rs0225 6.977000 0.712960 -0.028810
rs0226 7.121030 0.201650 0.000000
rs0231 6.977000 0.216050 -0.014400
rs0237 6.977000 0.979420 0.000000
rs0240 8.208480 0.208850 0.446500
rs0242 6.977000 0.223250 0.000000
rs0243 6.977000 1.245880 -0.064810
rs0244 7.329880 0.100820 0.000000
rs0247 7.401900 0.194440 0.064820
rs0256 7.149840 0.201650 0.000000
rs0259 6.977000 0.460910 -0.021600
rs0261 6.977000 0.612140 0.000000
rs0262 7.178650 0.165630 0.064820
rs0264 7.337080 0.172840 0.000000
rs0266 6.977000 0.518520 -0.021600
rs0267 6.977000 0.936210 0.000000
rs0268 6.977000 0.936210 -0.057610
rs0273 6.977000 0.165640 0.000000
rs0275 7.027410 0.180040 0.021600
rs0276 6.977000 0.201650 0.000000
rs0282 6.977000 0.655350 -0.021600
rs0306 6.977000 0.669750 0.000000
rs0315 6.977000 0.223250 -0.021600
rs0316 6.977000 0.878600 0.000000
rs0318 7.545930 0.201650 0.079220
rs0320 6.977000 0.907410 0.000000
rs0323 6.977000 0.180040 -0.014400
rs0334 6.977000 0.302470 0.000000
rs0337 6.977000 0.331280 -0.014400
rs0339 6.977000 1.224280 0.000000
rs0341 7.070620 0.158440 0.043210
rs0344 7.185850 0.187240 0.000000
rs0345 7.185850 0.144030 0.057620
rs0349 7.344280 0.180050 0.000000
rs0350 7.070620 1.181070 0.007200
rs0351 6.977000 0.216050 0.000000
rs0354 7.265070 0.230450 0.064820
rs0358 6.977000 0.468110 0.000000
rs0373 7.005810 0.475310 -0.007200
rs0386 7.236260 0.237650 0.000000
rs0391 6.977000 0.388890 -0.021600
rs0392 7.567530 0.424900 0.000000
rs0393 6.977000 0.165640 -0.014400
rs0406 6.998600 0.158440 0.000000
rs0416 7.178650 0.144030 0.057620
rs0419 6.977000 0.547330 0.000000
rs0421 7.265070 0.158430 0.086420
rs0424 7.207450 0.201650 0.000000
rs0425 6.977000 0.288070 -0.014400
rs0429 7.121030 0.151240 0.000000
rs0430 7.106630 0.136830 0.050410
rs0432 8.215680 0.259260 0.000000
rs0437 7.358690 0.468100 0.057620
rs0440 7.034610 0.180040 0.000000
rs0444 7.099430 0.151230 0.050410
rs0452 6.977000 1.058640 0.000000
rs0460 7.149840 0.151230 0.057610
rs0463 7.337080 0.770580 0.000000
rs0468 6.977000 0.302470 -0.014400
rs0472 7.265070 0.144030 0.000000
rs0473 7.301070 0.187250 0.064810
rs0477 7.610740 0.489720 0.000000
rs0485 7.193050 0.151230 0.064820
rs0493 7.121030 0.172840 0.000000
rs0495 7.013010 0.144030 0.014410
rs0503 6.977000 0.460910 0.000000
rs0505 8.237290 0.208850 0.792180
rs0508 6.998600 0.151240 0.000000
rs0516 7.178650 0.201640 0.064820
rs0517 6.977000 1.368310 0.000000
rs0519 6.977000 0.295270 -0.014400
rs0520 6.998600 0.180050 0.000000
rs0528 8.100460 0.122420 0.842600
rs0532 6.977000 0.403290 0.000000
rs0536 7.178650 0.172840 0.064820
rs0538 6.977000 0.295270 0.000000
rs0541 8.230090 0.194440 0.943420
rs0549 6.977000 0.208850 0.000000
rs0554 8.086050 0.144040 0.748970
rs0555 6.977000 0.439300 0.000000
rs0556 7.956420 0.252060 0.108020
rs0560 6.977000 0.547330 0.000000
rs0571 7.185850 0.136830 0.064820
rs0573 7.085020 0.158440 0.000000
rs0574 6.977000 1.490740 -0.237650
rs0582 6.977000 0.324070 0.000000
rs0586 7.236260 0.151230 0.072020
rs0591 6.977000 1.109050 0.000000
rs0612 6.977000 0.223250 -0.014400
rs0650 7.013010 0.820990 0.000000
rs0656 6.977000 0.252060 -0.014400
rs0660 8.150870 0.129630 0.000000
rs0672 7.077820 0.374490 0.028800
rs0679 6.977000 0.525720 0.000000
rs0724 6.977000 1.022630 -0.072020
rs0731 6.977000 0.280860 0.000000
rs0741 6.977000 1.181070 -0.151230
rs0745 6.977000 0.453700 0.000000
rs0751 6.977000 1.317900 -0.244860
rs0763 6.977000 0.266460 0.000000
rs0768 6.977000 0.230450 -0.014400
rs0775 7.013010 0.136830 0.000000
rs0779 6.977000 1.058640 -0.064810
rs0781 6.977000 0.965020 0.000000
rs0788 7.099430 0.165640 0.050410
rs0797 6.977000 1.037040 0.000000
rs0798 6.977000 0.446500 -0.021600
rs0804 7.524330 0.273660 0.000000
rs0805 7.617950 0.165630 0.086420
rs0806 6.977000 0.460910 0.000000
rs0808 7.034610 0.057620 0.036010
rs0809 6.977000 1.217080 0.000000
rs0812 6.977000 1.461930 -0.244860
rs0815 7.056220 0.144030 0.000000
rs0823 8.035640 0.115230 0.849790
rs0833 6.977000 1.425930 0.000000
rs0839 6.977000 1.152260 -0.136830
rs0842 7.250660 0.151240 0.000000
rs0847 6.977000 1.065840 -0.043210
rs0868 6.977000 0.403290 0.000000
rs0869 7.178650 0.259260 0.064820
rs0871 7.005810 0.266460 0.000000
rs0896 7.279470 0.129630 0.100820
rs0906 7.214650 0.165640 0.000000
rs0909 6.977000 0.144030 -0.007200
rs0916 7.005810 0.194440 0.000000
rs0932 7.092230 0.151230 0.050420
rs0933 7.099430 0.129630 0.000000
rs0944 6.984200 0.172840 -0.007200
rs0950 7.207450 0.216050 0.000000
rs0957 7.401900 0.208840 0.064820
rs0958 6.977000 0.741770 0.000000
rs0959 7.092230 0.129630 0.043210
rs0960 7.128230 0.136840 0.000000
rs0967 6.977000 0.266460 -0.014400
rs0970 6.977000 0.532920 0.000000
rs0974 6.977000 0.965020 -0.079220
rs0978 7.077820 0.230460 0.000000
rs0981 7.149840 0.151230 0.064820
rs0983 7.243460 0.216050 0.000000
rs0984 6.977000 0.288070 -0.021600
rs0985 7.106630 0.165640 0.000000
rs0991 6.977000 0.929010 -0.057610
rs0995 6.977000 0.604940 0.000000
rs0997 6.977000 0.273660 -0.014400
rs1004 7.034610 0.309670 0.000000
rs1014 7.445110 0.230450 0.064820
rs1016 8.122060 0.129630 0.000000
rs1021 6.991400 0.158440 0.000000
rs1023 6.977000 0.756170 0.000000
rs1025 6.977000 0.403290 -0.028810
rs1029 6.977000 0.165640 0.000000
rs1030 7.063420 0.129630 0.043210
rs1035 7.329880 0.302470 0.000000
rs1036 7.128230 0.223260 0.057610
rs1038 6.984200 0.129630 0.000000
rs1046 7.164240 0.194450 0.100820
rs1047 6.977000 0.151230 0.000000
rs1050 7.085020 0.129630 0.050410
rs1052 6.977000 0.201650 0.000000
rs1055 7.041810 0.151240 0.028800
rs1060 7.596340 0.237660 0.000000
rs1062 6.977000 1.195470 -0.129630
rs1072 6.977000 0.172840 0.000000
rs1074 7.142640 0.172840 0.057620
rs1075 6.977000 1.080250 0.000000
rs1081 6.977000 0.208850 -0.014400
rs1082 6.977000 0.921810 0.000000
rs1084 6.977000 0.201650 -0.007200
rs1091 6.977000 1.411520 0.000000
rs1098 7.049020 0.165630 0.028810
rs1100 6.977000 0.640950 0.000000
rs1102 8.114860 0.165640 0.496910
rs1103 7.567530 0.396100 0.000000
rs1105 7.027410 0.136830 0.021600
rs1106 7.308280 0.072010 0.000000
rs1109 6.977000 1.195470 -0.136830
rs1110 6.977000 0.324070 0.000000
rs1111 7.214650 0.108030 0.072010
rs1112 7.135440 0.475300 0.000000
rs1116 6.977000 0.129630 -0.014400
rs1117 7.027410 0.151240 0.000000
rs1118 6.977000 0.532920 -0.021600
rs1121 6.977000 1.245880 0.000000
rs1126 7.070620 0.158440 0.043210
rs1129 7.178650 0.144030 0.000000
rs1131 8.071650 0.129630 0.691360
rs1137 6.977000 0.302470 0.000000
rs1143 7.049020 0.129630 0.036010
rs1150 7.121030 0.136830 0.000000
rs1152 6.977000 0.741770 -0.043210
rs1154 6.977000 0.338480 0.000000
rs1159 7.070620 0.151240 0.043210
rs1163 7.142640 0.244850 0.000000
rs1168 6.977000 0.885800 -0.108020
rs1169 6.977000 0.367280 0.000000
rs1178 6.977000 0.410490 -0.021600
rs1179 7.013010 0.223250 0.000000
rs1182 6.977000 0.266460 -0.014400
rs1185 6.977000 0.763370 0.000000
rs1188 7.293870 0.180040 0.064810
rs1191 6.977000 0.612140 0.000000
rs1195 6.977000 0.136830 -0.007200
rs1197 6.977000 0.669750 0.000000
rs1198 7.164240 0.216050 0.064810
rs1200 7.135440 0.151230 0.000000
rs1209 7.106630 0.266460 0.043210
rs1212 6.977000 0.180040 0.000000
rs1214 7.495520 0.072010 0.072020
rs1220 6.977000 0.957820 0.000000
rs1248 6.977000 0.842590 -0.057610
rs1258 6.977000 0.367280 0.000000
rs1259 7.351490 0.367280 0.057620
rs1264 7.236260 0.151230 0.000000
rs1266 7.157040 0.619340 0.057610
rs1267 8.179670 0.172840 0.000000
rs1270 7.164240 0.223250 0.057610
rs1276 7.149840 0.158440 0.000000
rs1284 7.409100 0.223250 0.064820
rs1290 7.329880 0.187240 0.000000
rs1291 7.027410 0.180040 0.021600
rs1293 6.977000 0.316870 0.000000
rs1296 7.401900 0.180040 0.064820
rs1297 7.243460 0.158440 0.000000
rs1337 6.977000 0.561730 -0.036010
rs1359 7.229060 0.172840 0.000000
rs1437 7.999630 0.115230 0.820980
