rf0001 7.511710 0.560390 0.000000
rf0003 8.757760 0.105480 -0.046150
rf0006 8.349000 0.131860 0.000000
rf0007 8.632500 0.112070 0.243940
rf0008 9.061030 -0.032960 0.000000
rf0010 7.900690 0.224160 0.474680
rf0011 8.342410 0.138450 0.000000
rf0014 8.058920 0.243930 0.204380
rf0015 8.981920 0.013180 0.000000
rf0017 8.065510 0.224160 0.329640
rf0019 8.362190 0.138450 0.000000
rf0020 8.388560 0.230750 0.290080
rf0023 8.058920 0.217560 0.000000
rf0024 8.711610 0.032960 0.362610
rf0028 8.085290 0.349420 0.000000
rf0029 8.138030 0.171420 0.415350
rf0030 8.665460 0.059340 0.000000
rf0031 8.764350 0.184600 0.323050
rf0032 8.362190 0.151630 0.000000
rf0033 8.058920 0.191190 0.342830
rf0034 8.058920 0.210970 0.000000
rf0040 8.757760 0.191190 0.586760
rf0042 8.329220 0.098900 0.000000
rf0043 8.935770 0.026370 0.303270
rf0045 7.933650 0.217570 0.000000
rf0048 8.058920 0.138450 0.382390
rf0049 8.065510 0.257120 0.000000
rf0051 8.058920 0.184600 0.408760
rf0053 7.867730 0.237340 0.000000
rf0058 8.276480 0.191190 0.342830
rf0059 7.834760 0.329640 0.000000
rf0060 8.058920 0.184600 0.362600
rf0061 8.177590 0.250530 0.000000
rf0062 8.494050 0.112070 0.362610
rf0064 7.643570 0.408760 0.000000
rf0065 7.749050 0.375800 0.138450
rf0068 8.058920 0.296680 0.000000
rf0071 8.764350 0.184600 0.395570
rf0072 7.650160 0.362610 0.000000
rf0073 8.217150 0.118670 0.428540
rf0074 8.612720 0.131850 0.000000
rf0076 8.058920 0.230750 0.375790
rf0077 8.217150 0.171410 0.000000
rf0079 8.065510 0.303270 0.164820
rf0083 8.058920 0.283490 0.000000
rf0084 8.362190 0.270310 0.388970
rf0092 9.001690 0.013190 0.000000
rf0098 8.757760 0.112080 0.290090
rf0099 8.065510 0.250530 0.000000
rf0102 8.256700 0.243940 0.316450
rf0104 7.887500 0.276900 0.000000
rf0106 7.834760 0.336240 0.421940
rf0107 7.913880 0.237340 0.000000
rf0108 7.801800 0.309860 0.342830
rf0109 8.441300 0.197790 0.000000
rf0110 7.458970 0.751580 0.408760
rf0111 8.454490 0.191190 0.000000
rf0117 7.498530 0.441720 0.257120
rf0118 8.058920 0.296680 0.000000
rf0119 8.058920 0.224150 0.402160
rf0120 7.458970 0.672470 0.000000
rf0122 7.689720 0.487870 0.230750
rf0125 8.757760 0.092300 0.000000
rf0126 9.028070 -0.006600 0.402160
rf0128 8.131440 0.263710 0.000000
rf0129 8.362190 0.171410 0.388980
rf0132 8.428120 0.112080 0.000000
rf0134 8.757760 0.006590 0.191200
rf0141 8.058920 0.237340 0.000000
rf0143 8.236930 0.184590 0.079110
rf0145 8.441300 0.164820 0.000000
rf0147 8.757760 0.092300 0.164820
rf0150 8.915990 0.019780 0.000000
rf0154 8.349000 0.092300 0.362610
rf0155 8.395150 0.237350 0.000000
rf0156 8.757760 0.118670 0.098890
rf0157 8.151220 0.158230 0.000000
rf0160 8.757760 0.026370 0.092300
rf0164 8.935770 0.013180 0.000000
rf0165 8.757760 0.125260 0.323050
rf0167 8.981920 0.006590 0.000000
rf0169 8.052330 0.151630 0.224160
rf0170 8.757760 0.065930 0.000000
rf0171 9.061030 -0.059340 0.375790
rf0172 8.724800 -0.013190 0.000000
rf0173 8.962140 -0.026370 0.369200
rf0175 8.210550 0.270310 0.000000
rf0176 8.757760 0.039560 0.349420
rf0177 8.065510 0.197790 0.000000
rf0179 8.012770 0.164820 0.375790
rf0180 8.368780 0.250530 0.000000
rf0181 8.362190 0.171410 0.349420
rf0191 8.757760 0.131860 0.000000
rf0192 7.518310 0.560390 0.290080
rf0193 8.757760 0.118670 0.000000
rf0195 8.757760 0.052740 0.296680
rf0197 7.742460 0.375790 0.000000
rf0199 8.138030 0.428540 0.349420
rf0201 8.151220 0.158230 0.000000
rf0204 8.085290 0.164820 0.481270
rf0205 8.757760 0.151630 0.000000
rf0206 8.751170 0.032960 0.283490
rf0207 8.058920 0.237340 0.000000
rf0209 9.054440 -0.026370 0.217560
rf0210 7.623790 0.415350 0.000000
rf0216 8.915990 0.019780 0.303270
rf0217 8.757760 0.171410 0.000000
rf0218 8.362190 0.237340 0.204380
rf0223 8.764350 0.131860 0.000000
rf0226 8.362190 0.316460 0.296670
rf0227 8.316040 0.178010 0.000000
rf0229 8.757760 0.112080 -0.125260
rf0234 8.757760 0.092300 0.000000
rf0236 7.656760 0.487870 0.296680
rf0237 8.757760 0.079110 0.000000
rf0238 7.571050 0.547200 -0.026370
rf0241 7.874320 0.224160 0.000000
rf0242 8.546790 0.112080 0.402160
rf0245 8.757760 0.032960 0.000000
rf0246 8.058920 0.125260 0.408760
rf0247 8.111660 0.191190 0.000000
rf0249 8.981920 0.019770 -0.085710
rf0250 8.039140 0.112080 0.000000
rf0251 8.362190 0.243930 0.098890
rf0252 8.263300 0.171410 0.000000
rf0256 8.757760 0.059330 0.243940
rf0257 8.058920 0.184600 0.000000
rf0258 8.566570 0.118670 0.356020
rf0259 8.058920 0.230750 0.000000
rf0262 7.458970 0.679060 0.342830
rf0263 8.362190 0.151630 0.000000
rf0264 8.757760 0.046150 0.408760
rf0265 8.078700 0.178000 0.000000
rf0266 8.072100 0.145050 0.191190
rf0267 8.362190 0.151630 0.000000
rf0268 8.058920 0.283490 0.468090
rf0269 8.210550 0.217570 0.000000
rf0272 7.953430 0.210970 0.428540
rf0273 7.663350 0.553800 0.000000
rf0280 7.676530 0.382390 0.382390
rf0283 8.764350 0.158230 0.000000
rf0284 8.019360 0.138450 0.224150
rf0292 8.757760 0.112080 0.000000
rf0294 8.955540 0.013190 0.210970
rf0296 8.151220 0.276900 0.000000
rf0297 8.388560 0.145040 0.323050
rf0298 8.105070 0.263710 0.000000
rf0299 8.058920 0.237340 0.342820
rf0300 8.065510 0.237340 0.000000
rf0302 8.757760 0.092300 0.336230
rf0303 8.144630 0.276890 0.000000
rf0305 8.058920 0.237340 0.276900
rf0306 7.505120 0.566980 0.000000
rf0314 8.362190 0.164820 0.342830
rf0316 8.751170 0.006590 0.000000
rf0318 8.058920 0.178010 0.527430
rf0320 7.742460 0.342830 0.000000
rf0322 8.190780 0.309860 0.388980
rf0323 8.381970 0.204380 0.000000
rf0326 8.058920 0.263710 0.527430
rf0328 8.586350 0.105480 0.000000
rf0331 8.058920 0.224150 0.448320
rf0332 8.105070 0.151630 0.000000
rf0333 8.757760 0.039560 0.421950
rf0335 7.894100 0.296680 0.000000
rf0338 7.458970 0.402160 0.217560
rf0339 8.757760 0.085710 0.000000
rf0340 8.012770 0.164820 0.540610
rf0341 8.757760 0.118670 0.000000
rf0342 8.105070 0.204380 0.665880
rf0343 8.672050 0.072520 0.000000
rf0348 9.028070 0.006590 0.520840
rf0351 8.098480 0.197780 0.000000
rf0354 8.520420 0.237340 0.382380
rf0358 8.052330 0.105480 0.000000
rf0360 8.263300 0.197780 0.382390
rf0363 7.887500 0.197790 0.000000
rf0364 8.731390 0.006590 0.336230
rf0365 8.105070 0.158230 0.000000
rf0366 8.058920 0.118670 0.382390
rf0367 7.458970 0.487870 0.000000
rf0368 8.032550 0.138450 0.309860
rf0370 8.058920 0.178010 0.000000
rf0374 8.058920 0.243930 0.408760
rf0376 7.946840 0.217560 0.000000
rf0378 8.757760 0.019780 0.263710
rf0381 8.362190 0.151630 0.000000
rf0383 8.764350 0.145040 -0.039550
rf0385 8.157810 0.210970 0.000000
rf0386 8.757760 0.052740 0.210970
rf0387 8.757760 -0.013190 0.000000
rf0388 8.988510 0.006590 0.415350
rf0391 8.058920 0.210970 0.000000
rf0392 8.032550 0.131850 0.158230
rf0393 7.762240 0.329640 0.000000
rf0395 8.981920 -0.006600 0.356010
rf0396 8.757760 0.059330 0.000000
rf0398 8.757760 0.032960 0.342830
rf0399 8.184180 0.171420 0.000000
rf0400 9.061030 -0.013190 0.342830
rf0401 7.650160 0.461500 0.000000
rf0403 8.362190 0.112080 0.224160
rf0412 8.362190 0.145040 0.000000
rf0413 8.362190 0.204380 0.270310
rf0415 8.461080 0.158230 0.000000
rf0417 8.757760 0.197780 0.362610
rf0418 8.421520 0.184600 0.000000
rf0419 7.880910 0.210970 0.441720
rf0425 8.467670 0.224160 0.000000
rf0426 7.458970 0.705430 0.065930
rf0427 8.737980 0.013190 0.000000
rf0428 8.157810 0.171410 0.454910
rf0430 8.276480 0.131860 0.000000
rf0431 7.788610 0.323050 0.237340
rf0432 8.019360 0.191190 0.000000
rf0433 8.362190 0.237340 0.336240
rf0434 8.190780 0.171410 0.000000
rf0436 8.058920 0.309860 0.243930
rf0439 7.458970 0.560390 0.000000
rf0441 7.524900 0.520830 0.382390
rf0443 7.458970 0.659280 0.000000
rf0448 8.190780 0.210970 0.441720
rf0450 8.757760 0.065930 0.000000
rf0452 8.362190 0.178010 0.356010
rf0453 8.065510 0.290090 0.000000
rf0454 8.039140 0.197790 0.336240
rf0455 8.757760 0.224160 0.000000
rf0456 8.105070 0.276900 0.079120
rf0459 7.564460 0.461490 0.000000
rf0460 8.757760 0.092300 0.230750
rf0461 8.335820 0.085700 0.000000
rf0462 8.058920 0.164820 0.000000
rf0463 8.757760 0.112080 0.000000
rf0464 8.058920 0.118670 0.250530
rf0465 8.210550 0.191200 0.000000
rf0466 8.381970 0.230750 0.164820
rf0467 8.105070 0.283490 0.000000
rf0471 8.296260 0.197790 0.395570
rf0473 8.744570 0.000000 0.000000
rf0474 7.834760 0.250530 0.362610
rf0476 8.058920 0.171410 0.000000
rf0477 7.828170 0.276900 0.342830
rf0478 8.362190 0.204380 0.000000
rf0479 7.821580 0.296670 0.237350
rf0480 8.058920 0.257120 0.000000
rf0482 8.072100 0.217570 0.356010
rf0485 8.078700 0.210970 0.000000
rf0487 8.058920 0.184600 0.309860
rf0488 8.408340 0.204380 0.000000
rf0496 7.847950 0.270300 0.421950
rf0497 8.217150 0.197780 0.000000
rf0498 7.841350 0.375800 0.270310
rf0499 7.960030 0.204370 0.000000
rf0500 8.757760 0.079110 0.408760
rf0503 7.946840 0.191190 0.000000
rf0505 8.058920 0.257120 0.329640
rf0507 8.362190 0.257120 0.000000
rf0510 8.757760 0.118670 0.388980
rf0511 8.058920 0.210970 0.000000
rf0513 8.757760 0.118670 -0.105490
rf0518 8.012770 0.210970 0.000000
rf0524 7.979800 0.290090 0.375790
rf0545 7.458970 0.916400 0.000000
rf0583 7.458970 0.758180 0.349420
rf0591 8.362190 0.250530 0.000000
rf0607 7.465560 0.560390 0.336240
rf0622 7.808390 0.375790 0.000000
rf0630 7.623790 0.408760 0.336230
rf0632 8.058920 0.349420 0.000000
rf0642 7.676530 0.356020 0.421940
rf0644 8.362190 0.158230 0.000000
rf0663 7.544680 0.481270 0.388980
rf0684 8.757760 0.158230 0.000000
rf0693 7.979800 0.197790 0.448310
rf0695 7.795200 0.342830 0.000000
rf0701 8.058920 0.296680 0.329640
rf0707 8.362190 0.250530 0.000000
rf0713 8.058920 0.250530 0.072520
rf0730 8.691830 0.032970 0.000000
rf0739 8.058920 0.270300 0.105480
rf0745 8.058920 0.171410 0.000000
rf0783 7.458970 0.613130 0.164820
rf0795 8.362190 0.118670 0.000000
rs0001 8.157810 0.145040 0.369200
rs0002 8.276480 0.178010 0.000000
rs0003 8.355600 0.105480 0.243940
rs0010 7.880910 0.250530 0.000000
rs0011 8.058920 0.230750 0.421940
rs0012 8.362190 0.145040 0.000000
rs0013 8.210550 0.224160 0.421940
rs0017 8.757760 0.092300 0.000000
rs0019 8.757760 0.164820 0.263710
rs0020 7.458970 0.665880 0.000000
rs0023 8.625900 0.204380 0.336240
rs0030 8.375370 0.164830 0.000000
rs0035 7.999580 0.145050 0.382390
rs0038 8.757760 0.032960 0.000000
rs0039 7.656760 0.415340 0.329640
rs0041 8.381970 0.158230 0.000000
rs0042 8.757760 -0.006590 0.243940
rs0045 8.362190 0.210970 0.000000
rs0046 8.764350 0.145040 0.369200
rs0047 8.058920 0.204380 0.000000
rs0048 8.757760 0.072520 0.382390
rs0050 8.757760 0.079110 0.000000
rs0051 8.685240 0.059330 -0.052740
rs0052 8.527010 0.178010 0.000000
rs0054 8.058920 0.145040 0.448310
rs0062 8.006180 0.151630 0.000000
rs0063 8.131440 0.151630 0.415350
rs0064 8.757760 0.059330 0.000000
rs0065 8.058920 0.257120 0.402160
rs0068 8.058920 0.316450 0.000000
rs0070 7.617200 0.501050 0.158230
rs0077 9.034660 -0.013190 0.000000
rs0081 7.722680 0.395570 0.395580
rs0082 8.171000 0.243930 0.000000
rs0083 8.171000 0.197780 0.316460
rs0084 8.335820 0.151630 0.000000
rs0085 8.362190 0.164820 0.369200
rs0087 8.507230 0.204380 0.000000
rs0088 8.078700 0.204370 0.342830
rs0089 8.764350 0.131860 0.000000
rs0090 7.590830 0.435120 0.395570
rs0092 8.184180 0.197790 0.000000
rs0093 8.942360 0.013180 0.342830
rs0094 8.362190 0.164820 0.000000
rs0095 7.458970 0.487870 0.388980
rs0096 8.757760 0.112080 0.000000
rs0097 7.999580 0.145050 0.283490
rs0098 8.678650 0.046150 0.000000
rs0099 8.058920 0.441720 -0.046150
rs0103 8.757760 0.032960 0.000000
rs0104 8.757760 0.092300 0.257120
rs0105 7.458970 0.580170 0.000000
rs0106 8.058920 0.230750 0.382390
rs0111 7.531490 0.580170 0.000000
rs0113 8.922580 0.019780 0.210970
rs0118 8.210550 0.224160 0.000000
rs0120 8.434710 0.184600 0.316460
rs0121 8.757760 0.125260 0.000000
rs0122 8.072100 0.204380 0.230750
rs0123 8.764350 0.158230 0.000000
rs0124 7.458970 0.501060 0.276900
rs0126 8.645680 0.092300 0.000000
rs0127 8.362190 0.158230 0.349430
rs0128 8.757760 0.092300 0.000000
rs0129 9.061030 -0.019780 0.197790
rs0130 8.058920 0.224150 0.000000
rs0132 8.058920 0.309860 0.375800
rs0133 8.757760 0.098890 0.000000
rs0134 8.757760 0.092300 0.514250
rs0135 8.507230 0.171420 0.000000
rs0137 8.283070 0.145050 0.270300
rs0138 8.058920 0.158230 0.000000
rs0140 7.518310 0.448310 0.481280
rs0141 8.058920 0.204380 0.000000
rs0143 8.764350 0.158230 0.336240
rs0145 8.718200 0.059340 0.000000
rs0146 8.223740 0.131860 0.402160
rs0147 8.296260 0.145040 0.000000
rs0148 8.797320 0.158220 -0.059340
rs0149 8.309450 0.197780 0.000000
rs0150 7.472160 0.599940 0.388980
rs0153 8.757760 0.032960 0.000000
rs0154 8.223740 0.204380 0.382390
rs0156 8.381970 0.210970 0.000000
rs0158 8.058920 0.395570 0.415350
rs0163 8.711610 0.039560 0.000000
rs0165 8.217150 0.178000 0.270310
rs0166 8.586350 0.105480 0.000000
rs0167 8.058920 0.145040 0.415350
rs0168 8.025950 0.131860 0.000000
rs0170 8.058920 0.191190 0.408760
rs0171 8.157810 0.210970 0.000000
rs0172 8.263300 0.184600 0.290080
rs0174 8.058920 0.145040 0.000000
rs0175 8.401750 0.145040 0.349420
rs0178 8.058920 0.138450 0.000000
rs0179 8.362190 0.250530 0.349420
rs0180 8.276480 0.191190 0.000000
rs0182 8.757760 0.046150 0.547210
rs0183 8.757760 0.118670 0.000000
rs0184 8.058920 0.303270 0.369200
rs0185 8.546790 0.178010 0.000000
rs0188 8.764350 0.191190 0.428540
rs0189 8.757760 0.098890 0.000000
rs0192 8.157810 0.191190 0.382390
rs0193 8.724800 0.019770 0.000000
rs0195 8.757760 0.112080 0.178010
rs0200 7.498530 0.230750 0.000000
rs0201 9.041250 0.000000 0.382390
rs0203 8.995100 0.006590 0.000000
rs0206 8.922580 0.026370 0.197790
rs0209 8.731390 0.052740 0.000000
rs0210 8.157810 0.243940 0.329640
rs0211 9.008290 0.006590 0.000000
rs0212 8.078700 0.323050 0.329640
rs0215 7.663350 0.461500 0.000000
rs0218 8.058920 0.210970 0.336230
rs0220 8.019360 0.138450 0.000000
rs0221 8.757760 0.026370 0.079110
rs0224 8.757760 0.026370 0.000000
rs0225 8.757760 0.026370 0.336240
rs0226 8.217150 0.145040 0.000000
rs0227 8.757760 0.145040 0.435130
rs0228 8.058920 0.184600 0.000000
rs0231 8.283070 0.145050 0.408760
rs0236 8.058920 0.210970 0.000000
rs0237 8.902800 0.032970 0.270300
rs0240 9.061030 -0.006590 0.000000
rs0241 8.250110 0.158230 0.138450
rs0242 8.362190 0.204380 0.000000
rs0243 8.757760 0.039560 0.290080
rs0246 8.098480 0.145040 0.000000
rs0247 7.702910 0.342820 0.263710
rs0250 8.757760 0.125260 0.000000
rs0251 8.058920 0.323050 0.329640
rs0255 8.309450 0.118670 0.000000
rs0256 8.236930 0.131850 -0.105490
rs0257 8.058920 0.217560 0.000000
rs0259 8.507230 0.118670 0.487870
rs0260 8.975320 0.013190 0.000000
rs0262 8.058920 0.118670 0.356010
rs0263 8.757760 0.072520 0.000000
rs0264 7.491930 0.487870 0.428530
rs0267 8.757760 0.052740 0.000000
rs0268 8.757760 0.052740 0.197780
rs0269 8.276480 0.138450 0.000000
rs0270 8.757760 0.092300 0.388980
rs0273 8.058920 0.197780 0.000000
rs0274 8.289670 0.178000 0.468090
rs0275 8.078700 0.210970 0.000000
rs0276 8.316040 0.145040 0.369200
rs0277 7.880910 0.283490 0.000000
rs0280 8.757760 0.125260 0.388980
rs0282 8.612720 0.098890 0.000000
rs0283 8.085290 0.210970 -0.079110
rs0284 8.164400 0.184600 0.000000
rs0288 8.757760 0.217560 -0.026370
rs0289 8.309450 0.171410 0.000000
rs0290 8.217150 0.204370 -0.098890
rs0297 8.058920 0.145040 0.000000
rs0303 8.058920 0.224150 0.349430
rs0306 8.751170 0.013180 0.000000
rs0308 8.757760 0.145040 0.250530
rs0313 8.757760 0.158230 0.000000
rs0314 8.421520 0.257130 0.323050
rs0316 8.757760 0.059330 0.000000
rs0318 7.702910 0.342820 0.342830
rs0320 8.737980 0.046150 0.000000
rs0323 8.197370 0.178000 0.408760
rs0325 7.538080 0.468100 0.000000
rs0328 8.111660 0.303270 0.197790
rs0330 8.065510 0.461500 0.000000
rs0331 8.302850 0.158230 0.336240
rs0334 8.388560 0.204380 0.000000
rs0336 8.368780 0.276900 0.013190
rs0337 8.408340 0.184600 0.000000
rs0339 8.962140 0.013180 0.210970
rs0340 8.434710 0.191190 0.000000
rs0341 8.058920 0.178010 0.342830
rs0343 8.362190 0.171410 0.000000
rs0344 8.151220 0.164820 0.435130
rs0345 7.458970 0.573580 0.000000
rs0349 7.643570 0.395570 0.224160
rs0350 8.507230 0.131860 0.000000
rs0354 8.190780 0.145040 0.362610
rs0358 8.698420 0.039560 0.000000
rs0363 8.210550 0.184600 0.388970
rs0364 7.491930 0.560400 0.000000
rs0365 8.058920 0.184600 0.329640
rs0367 8.045730 0.171420 0.000000
rs0371 8.757760 0.079110 0.329640
rs0372 8.164400 0.184600 0.000000
rs0373 8.408340 0.138450 0.487870
rs0374 8.058920 0.217560 0.000000
rs0376 8.474270 0.230750 0.540610
rs0377 8.362190 0.283490 0.000000
rs0380 8.381970 0.125260 0.237340
rs0384 8.177590 0.191190 0.000000
rs0386 8.322630 0.092300 0.435130
rs0389 8.144630 0.191190 0.000000
rs0391 8.724800 0.013180 0.230750
rs0392 8.151220 0.125260 0.000000
rs0393 8.058920 0.164820 0.613140
rs0394 7.676530 0.362610 0.000000
rs0401 8.757760 0.052740 0.224160
rs0408 8.368780 0.098890 0.000000
rs0409 8.705020 0.039550 0.435130
rs0410 8.058920 0.217560 0.000000
rs0411 8.058920 0.164820 0.388970
rs0416 7.564460 0.487870 0.000000
rs0417 7.458970 0.356010 0.349420
rs0418 8.058920 0.184600 0.000000
rs0419 8.467670 0.204380 0.402160
rs0420 8.698420 0.059340 0.000000
rs0421 7.458970 0.540610 0.303270
rs0422 7.735870 0.336230 0.000000
rs0423 8.058920 0.323050 0.243940
rs0424 8.157810 0.151640 0.000000
rs0425 8.362190 0.204380 0.494470
rs0427 8.058920 0.197780 0.000000
rs0428 8.362190 0.230750 0.237340
rs0429 7.847950 0.276900 0.000000
rs0430 7.458970 0.586760 0.342830
rs0432 7.458970 0.461500 0.000000
rs0433 8.757760 -0.006590 0.349420
rs0435 8.058920 0.356010 0.000000
rs0437 8.269890 0.098890 0.290080
rs0442 8.058920 0.217560 0.000000
rs0444 8.058920 0.125260 0.369200
rs0449 8.718200 0.052750 0.000000
rs0452 8.678650 0.072520 0.395570
rs0453 9.061030 -0.026370 0.000000
rs0454 8.190780 0.257120 0.184600
rs0456 8.283070 0.191200 0.000000
rs0458 8.757760 0.098890 0.415350
rs0460 8.058920 0.125260 0.000000
rs0463 8.474270 0.118670 0.263710
rs0467 8.058920 0.217560 0.000000
rs0468 8.441300 0.224160 0.395570
rs0469 7.953430 0.237350 0.000000
rs0470 7.505120 0.639510 0.375790
rs0472 7.458970 0.501060 0.000000
rs0473 8.025950 0.138450 -0.145040
rs0476 8.757760 0.079110 0.000000
rs0477 8.236930 0.105480 -0.118670
rs0480 8.065510 0.303270 0.000000
rs0485 7.834760 0.263720 0.395570
rs0492 7.458970 0.606540 0.000000
rs0493 8.203960 0.158230 -0.079120
rs0494 8.619310 0.125260 0.000000
rs0495 7.946840 0.237340 0.210970
rs0496 8.691830 0.046150 0.000000
rs0505 8.962140 0.013180 0.065930
rs0508 8.058920 0.164820 0.000000
rs0512 8.757760 0.000000 0.375790
rs0516 8.256700 0.118670 0.000000
rs0517 9.021470 0.000000 0.112070
rs0519 8.388560 0.204380 0.000000
rs0520 8.065510 0.197790 0.487870
rs0521 8.362190 0.178010 0.000000
rs0522 8.606120 0.098900 0.000000
rs0524 8.362190 0.204380 0.000000
rs0526 8.138030 0.210970 0.276900
rs0528 8.988510 0.013180 0.000000
rs0529 8.250110 0.125260 0.356010
rs0531 9.054440 -0.019780 0.000000
rs0532 8.428120 0.184600 0.204370
rs0534 8.362190 0.171410 0.000000
rs0536 8.105070 0.178000 0.408760
rs0538 8.401750 0.178000 0.000000
rs0541 8.757760 0.191190 0.336240
rs0542 8.388560 0.283490 0.000000
rs0543 8.362190 0.178010 0.415350
rs0545 7.458970 0.553800 0.000000
rs0546 8.164400 0.184600 0.494460
rs0548 8.283070 0.125270 0.000000
rs0549 8.171000 0.184600 0.408760
rs0553 8.058920 0.237340 0.000000
rs0554 8.935770 0.026370 0.362610
rs0555 8.658870 0.059330 0.000000
rs0556 7.524900 0.494460 -0.085710
rs0559 8.256700 0.138450 0.000000
rs0560 8.737980 0.026370 0.369200
rs0562 8.058920 0.468090 0.000000
rs0564 8.058920 0.263710 0.336230
rs0566 8.230330 0.145040 0.000000
rs0568 8.058920 0.217560 0.402160
rs0571 7.577640 0.494460 0.000000
rs0572 8.757760 0.098890 0.369200
rs0573 8.052330 0.138450 0.000000
rs0574 8.757760 0.145040 0.270300
rs0578 8.757760 0.046150 0.000000
rs0579 8.909390 0.013190 0.382390
rs0585 8.105070 0.283490 0.000000
rs0586 7.960030 0.178000 0.342830
rs0588 8.362190 0.290080 0.000000
rs0591 8.955540 0.013190 0.382380
rs0598 8.705020 0.065930 0.000000
rs0599 8.751170 0.032960 0.178010
rs0602 8.362190 0.316460 0.000000
rs0609 8.362190 0.178010 0.197790
rs0615 8.757760 0.019780 0.000000
rs0616 8.698420 0.059340 -0.105490
rs0617 9.061030 -0.019780 0.000000
rs0618 8.269890 0.191190 0.191190
rs0620 8.362190 0.145040 0.000000
rs0623 7.716090 0.435130 0.329640
rs0626 7.458970 0.527430 0.000000
rs0627 8.757760 0.019780 0.342820
rs0630 8.302850 0.204380 0.000000
rs0637 8.757760 0.019780 0.461500
rs0638 8.757760 0.112080 0.000000
rs0640 8.395150 0.283500 0.085710
rs0641 8.487450 0.184600 0.000000
rs0644 8.223740 0.204380 0.481280
rs0645 8.586350 0.118670 0.000000
rs0656 8.381970 0.112080 0.481280
rs0660 8.988510 0.006590 0.000000
rs0667 8.685240 0.065930 0.395570
rs0670 8.784130 0.145040 0.000000
rs0671 8.058920 0.158230 0.178000
rs0677 8.467670 0.224160 0.000000
rs0679 8.757760 -0.006590 0.448310
rs0691 8.995100 -0.026370 0.000000
rs0696 8.757760 0.184600 0.349420
rs0703 8.935770 0.013180 0.000000
rs0708 8.757760 0.131860 0.270310
rs0710 8.335820 0.171410 0.000000
rs0713 7.458970 0.468090 0.323050
rs0720 8.217150 0.171410 0.000000
rs0722 8.157810 0.237340 0.329640
rs0724 8.764350 0.138450 0.000000
rs0726 8.065510 0.224160 0.421940
rs0727 8.441300 0.158230 0.000000
rs0731 8.368780 0.191190 0.362610
rs0733 8.757760 0.098890 0.000000
rs0734 8.428120 0.210970 0.303270
rs0738 8.375370 0.283500 0.000000
rs0740 8.085290 0.276900 0.270310
rs0741 8.757760 0.125260 0.000000
rs0743 7.814980 0.336240 0.382390
rs0744 8.540200 0.131850 0.000000
rs0746 8.362190 0.230750 0.356010
rs0747 8.757760 0.085710 0.000000
rs0751 9.014880 0.006590 0.046150
rs0752 8.362190 0.276900 0.000000
rs0754 8.731390 0.019780 0.395570
rs0756 8.058920 0.171410 0.000000
rs0758 8.757760 0.032960 0.138450
rs0763 8.619310 0.072520 0.000000
rs0766 8.355600 0.250520 0.395570
rs0767 8.058920 0.323050 0.000000
rs0768 8.362190 0.197780 0.388980
rs0769 8.111660 0.349420 0.000000
rs0774 7.946840 0.263710 0.415350
rs0775 7.458970 0.540610 0.000000
rs0777 7.795200 0.296680 0.435130
rs0778 8.012770 0.171410 0.000000
rs0779 8.757760 0.052740 0.178010
rs0781 8.757760 0.072520 0.000000
rs0782 7.874320 0.224160 0.342830
rs0786 8.058920 0.230750 0.000000
rs0788 8.118250 0.184600 0.224150
rs0790 8.058920 0.230750 0.000000
rs0793 8.362190 0.184600 0.039560
rs0794 8.757760 0.000000 0.000000
rs0797 8.757760 0.059330 0.369200
rs0799 7.465560 0.613140 0.000000
rs0800 8.329220 0.171420 0.415350
rs0802 8.058920 0.230750 0.000000
rs0804 7.992990 0.138450 0.395570
rs0805 7.458970 0.461500 0.000000
rs0806 8.718200 0.032970 -0.052740
rs0809 8.757760 0.197780 0.000000
rs0810 8.058920 0.283490 0.237340
rs0811 8.757760 0.026370 0.000000
rs0812 8.757760 0.204380 0.349420
rs0815 7.900690 0.250530 0.000000
rs0818 8.052330 0.131850 0.435130
rs0823 8.962140 0.019780 0.000000
rs0828 8.362190 0.178010 0.356010
rs0831 8.757760 0.197780 0.000000
rs0832 8.243520 0.131850 0.356010
rs0833 8.652270 0.112080 0.000000
rs0834 8.395150 0.145050 0.276900
rs0836 8.757760 0.059330 0.000000
rs0838 8.757760 0.059330 -0.085710
rs0839 8.988510 0.013180 0.000000
rs0840 8.210550 0.151640 0.435130
rs0842 7.663350 0.388980 0.000000
rs0843 8.500640 0.184600 -0.032970
rs0845 8.757760 0.046150 0.000000
rs0846 8.698420 0.032970 0.290080
rs0847 8.757760 0.046150 0.000000
rs0850 8.975320 0.006600 0.382380
rs0853 8.757760 -0.013190 0.000000
rs0854 8.289670 0.178000 0.296680
rs0855 8.757760 0.178010 0.000000
rs0856 9.061030 -0.019780 0.296680
rs0860 8.757760 0.171410 0.000000
rs0865 9.041250 -0.046150 0.336230
rs0866 8.566570 0.138450 0.000000
rs0868 8.698420 0.032970 0.191190
rs0869 8.283070 0.112080 0.000000
rs0871 8.401750 0.164820 -0.059340
rs0872 8.072100 0.283500 0.000000
rs0880 8.447900 0.171410 0.323050
rs0887 8.507230 0.145040 0.000000
rs0891 8.757760 0.118670 0.329640
rs0892 8.777540 -0.013190 0.000000
rs0893 8.039140 0.131860 0.237340
rs0897 8.329220 0.138450 0.000000
rs0899 7.762240 0.428540 0.309860
rs0900 8.105070 0.151630 0.000000
rs0901 8.058920 0.309860 0.408760
rs0906 8.032550 0.131850 0.000000
rs0907 8.329220 0.204380 0.356010
rs0909 8.045730 0.151640 0.000000
rs0916 8.124850 0.197780 0.210970
rs0919 8.058920 0.257120 0.000000
rs0920 8.065510 0.290090 0.191190
rs0921 8.757760 0.092300 0.000000
rs0922 8.362190 0.237340 0.283490
rs0923 7.683130 0.527420 0.000000
rs0927 8.203960 0.375790 0.349420
rs0930 7.571050 0.487870 0.000000
rs0932 7.801800 0.336230 0.402160
rs0933 7.636980 0.448310 0.000000
rs0934 8.362190 0.145040 -0.019770
rs0935 8.362190 0.151630 0.000000
rs0944 8.085290 0.237340 0.388980
rs0945 8.388560 0.243940 0.000000
rs0946 8.401750 0.197780 0.171410
rs0948 8.579750 0.131860 0.000000
rs0950 8.349000 0.085710 0.276900
rs0953 8.764350 0.138450 0.000000
rs0957 7.907280 0.210970 0.336240
rs0958 8.757760 0.098890 0.000000
rs0959 7.478750 0.599950 0.342830
rs0960 7.458970 0.593360 0.000000
rs0962 8.447900 0.250520 0.112080
rs0967 8.362190 0.164820 0.000000
rs0968 8.058920 0.230750 0.454910
rs0970 8.757760 0.052740 0.000000
rs0976 7.577640 0.481280 -0.085700
rs0977 7.458970 0.468090 0.000000
rs0979 8.058920 0.382380 0.369200
rs0980 8.757760 0.026370 0.000000
rs0981 7.999580 0.158230 0.395570
rs0982 7.458970 0.560390 0.000000
rs0983 8.151220 0.158230 0.283490
rs0984 8.362190 0.125260 0.000000
rs0985 8.203960 0.164820 0.349420
rs0986 7.847950 0.402160 0.000000
rs0989 8.533600 0.145050 0.349420
rs0991 8.757760 0.118670 0.000000
rs0995 8.724800 0.032960 0.388980
rs0996 8.058920 0.204380 0.000000
rs0997 8.573160 0.105490 0.270310
rs0999 8.355600 0.145040 0.000000
rs1001 8.335820 0.105480 0.375790
rs1002 8.757760 0.006590 0.000000
rs1003 8.335820 0.145040 0.375790
rs1010 9.047840 -0.032960 0.000000
rs1014 7.801800 0.270300 0.375790
rs1016 8.988510 0.006590 0.000000
rs1017 8.025950 0.158230 0.375790
rs1020 7.973210 0.250530 0.000000
rs1021 8.012770 0.171410 0.382390
rs1028 8.375370 0.164830 0.000000
rs1029 8.065510 0.230750 0.415350
rs1030 7.458970 0.586760 0.000000
rs1031 8.362190 0.191190 0.283500
rs1032 8.091880 0.230750 0.000000
rs1034 8.157810 0.204380 0.356010
rs1035 8.177590 0.138450 0.000000
rs1038 7.458970 0.520830 0.375790
rs1040 7.834760 0.369200 0.000000
rs1041 7.458970 0.441720 0.362600
rs1043 7.880910 0.230750 0.000000
rs1045 8.283070 0.204380 0.402160
rs1047 7.795200 0.329650 0.000000
rs1048 8.764350 0.151640 0.171410
rs1049 8.467670 0.197790 0.000000
rs1050 7.538080 0.527430 0.369200
rs1052 8.355600 0.151630 0.000000
rs1053 8.058920 0.145040 0.283490
rs1054 8.058920 0.224150 0.000000
rs1055 8.058920 0.145040 0.138450
rs1057 9.014880 0.000000 0.000000
rs1058 8.408340 0.270310 0.217560
rs1059 8.428120 0.184600 0.000000
rs1060 7.636980 0.362600 0.323050
rs1062 8.757760 0.145040 0.000000
rs1065 8.217150 0.204370 0.481280
rs1068 8.757760 -0.006590 0.000000
rs1070 8.355600 0.085700 0.290090
rs1072 8.184180 0.224160 0.000000
rs1073 7.458970 0.580170 0.000000
rs1074 8.105070 0.184600 0.000000
rs1076 8.757760 0.013190 0.283490
rs1077 8.058920 0.283490 0.000000
rs1078 8.085290 0.382380 0.336230
rs1079 8.757760 0.072520 0.000000
rs1080 8.672050 0.052750 0.303270
rs1081 8.283070 0.138450 0.000000
rs1082 8.757760 0.059330 0.243940
rs1083 8.467670 0.210980 0.000000
rs1084 8.256700 0.191200 0.382380
rs1087 8.592940 0.072520 0.000000
rs1091 8.691830 0.085710 0.356020
rs1098 8.065510 0.191190 0.000000
rs1100 8.533600 0.171420 0.336240
rs1102 9.054440 -0.006600 0.000000
rs1103 8.217150 0.112070 0.085710
rs1104 8.072100 0.290090 0.000000
rs1105 7.458970 0.501060 0.388980
rs1108 7.894100 0.290080 0.000000
rs1109 8.757760 0.151630 0.362600
rs1110 8.705020 0.019780 0.000000
rs1113 8.058920 0.171410 0.349420
rs1114 8.757760 0.112080 0.000000
rs1117 8.058920 0.204380 0.382390
rs1118 8.658870 0.079110 0.000000
rs1119 8.362190 0.230750 0.408760
rs1120 9.014880 0.006590 0.000000
rs1121 8.981920 0.013180 0.356020
rs1122 8.757760 0.145040 0.000000
rs1124 8.236930 0.250520 0.243940
rs1125 8.362190 0.191190 0.000000
rs1126 8.065510 0.204380 0.375790
rs1128 8.131440 0.145040 0.000000
rs1131 8.981920 0.019770 0.408750
rs1132 7.742460 0.388980 0.000000
rs1135 8.058920 0.356010 0.402160
rs1137 8.421520 0.191200 0.000000
rs1142 8.138030 0.270310 0.210970
rs1143 7.485340 0.573580 0.000000
rs1145 8.520420 0.158230 0.283490
rs1146 8.757760 0.191190 0.000000
rs1147 8.058920 0.303270 0.382380
rs1149 8.085290 0.270310 0.000000
rs1151 8.362190 0.270310 0.369200
rs1154 8.421520 0.204380 0.000000
rs1156 8.065510 0.210970 0.270310
rs1157 8.058920 0.210970 0.000000
rs1159 8.058920 0.158230 0.329650
rs1163 8.381970 0.125260 0.000000
rs1164 7.458970 0.527430 0.131860
rs1165 8.058920 0.204380 0.000000
rs1166 7.458970 0.553800 0.276900
rs1169 8.507230 0.138450 0.000000
rs1170 8.362190 0.178010 0.388980
rs1171 8.474270 0.243930 0.000000
rs1172 7.478750 0.527430 0.375800
rs1174 8.520420 0.151630 0.000000
rs1176 7.663350 0.461500 0.342830
rs1178 8.454490 0.184600 0.000000
rs1179 8.362190 0.118670 0.395570
rs1182 8.454490 0.191190 0.000000
rs1183 8.718200 0.046150 0.210970
rs1184 8.111660 0.210970 0.000000
rs1185 8.757760 0.013190 0.395570
rs1187 8.316040 0.112080 0.000000
rs1188 7.894100 0.217560 0.395570
rs1191 8.612720 0.098890 0.000000
rs1192 7.458970 0.659280 0.250530
rs1193 7.742460 0.421940 0.000000
rs1195 7.992990 0.164820 -0.046150
rs1198 8.349000 0.085710 0.000000
rs1200 7.808390 0.303270 0.243940
rs1202 7.986400 0.237340 0.000000
rs1205 8.731390 0.046150 0.243940
rs1206 8.777540 0.032960 0.000000
rs1207 8.744570 0.026380 0.382380
rs1208 8.058920 0.276900 0.000000
rs1209 8.368780 0.125270 0.303270
rs1210 8.757760 0.052740 0.000000
rs1211 8.751170 0.046150 0.382390
rs1212 8.190780 0.210970 0.000000
rs1213 8.757760 0.171410 0.388980
rs1217 8.764350 0.217570 0.000000
rs1220 8.757760 0.039560 0.349420
rs1229 9.014880 -0.006590 0.000000
rs1236 7.920470 0.237340 0.428540
rs1238 8.566570 0.131850 0.000000
rs1245 8.006180 0.217560 0.276900
rs1248 8.757760 0.085710 0.000000
rs1257 7.966620 0.171410 0.217560
rs1258 8.691830 0.032970 0.000000
rs1259 8.217150 0.118670 0.217570
rs1260 8.058920 0.210970 0.000000
rs1261 8.342410 0.079110 0.342830
rs1262 8.065510 0.243940 0.000000
rs1263 7.458970 0.547210 0.395570
rs1264 8.012770 0.145040 0.000000
rs1265 8.513820 0.210980 0.243940
rs1266 8.434710 0.131860 0.000000
rs1267 9.034660 0.000000 0.402170
rs1269 7.505120 0.751580 0.000000
rs1270 8.362190 0.098890 0.408760
rs1276 8.058920 0.138450 0.000000
rs1278 8.757760 0.065930 0.415350
rs1280 7.973210 0.237340 0.000000
rs1281 8.065510 0.210970 0.415350
rs1283 7.458970 0.501060 0.000000
rs1284 7.887500 0.210980 0.402170
rs1285 8.263300 0.164820 0.000000
rs1286 8.744570 0.006600 0.309860
rs1289 8.058920 0.125260 0.000000
rs1290 8.058920 0.125260 0.237340
rs1291 8.157810 0.184600 0.000000
rs1292 8.256700 0.283500 0.316450
rs1293 8.408340 0.217560 0.000000
rs1294 8.645680 0.079120 0.257120
rs1295 7.867730 0.336230 0.000000
rs1296 7.524900 0.468090 0.131860
rs1297 8.058920 0.125260 0.000000
rs1298 7.458970 0.566980 0.243930
rs1299 8.058920 0.178010 0.000000
rs1301 8.757760 0.184600 0.329640
rs1302 7.458970 0.639510 0.000000
rs1303 8.375370 0.303280 0.000000
rs1304 8.065510 0.191190 0.000000
rs1310 8.316040 0.164820 0.336230
rs1337 8.757760 0.026370 0.000000
rs1359 8.058920 0.158230 0.336230
rs1368 8.586350 0.092300 0.000000
rs1437 8.764350 0.158230 0.388970
rs1518 8.784130 0.158230 0.000000
