rf0002 -0.247040 0.210790 0.000000
rf0003 0.258870 inf 0.252960
rf0007 0.048070 0.168640 0.000000
rf0010 -0.626480 0.168640 0.084320
rf0011 -0.331360 0.252950 0.000000
rf0013 0.301030 inf 0.252960
rf0015 0.258870 inf 0.000000
rf0016 0.048070 0.168640 0.126480
rf0022 -0.162720 0.252950 0.000000
rf0024 0.048070 0.126480 0.337270
rf0029 -0.500000 0.252960 0.000000
rf0030 0.048070 0.126480 0.379430
rf0031 0.258870 inf 0.000000
rf0040 0.258870 inf 0.168640
rf0042 -0.668640 0.379440 0.000000
rf0043 0.301030 inf 0.168640
rf0048 -0.626480 0.210800 0.000000
rf0049 -0.626480 0.168640 0.084320
rf0053 -0.668640 0.168640 0.000000
rf0060 -0.542160 0.168640 0.084320
rf0062 -0.120560 0.252950 0.000000
rf0064 -0.752960 0.168640 0.084320
rf0065 -0.626480 0.168640 0.000000
rf0071 0.301030 inf 0.210800
rf0072 -0.837280 0.210800 0.000000
rf0073 -0.542160 0.463750 0.042160
rf0084 -0.457840 0.548070 0.000000
rf0092 0.301030 inf 0.168640
rf0099 -0.542160 0.210800 0.000000
rf0109 -0.331360 0.421590 0.084320
rf0117 -0.457840 0.210800 0.000000
rf0125 0.258870 0.000000 0.295120
rf0126 0.301030 inf 0.000000
rf0127 -0.247040 0.210790 0.084320
rf0129 -0.373520 0.337270 0.000000
rf0132 -0.162720 0.252950 0.126480
rf0134 0.258870 -0.042160 0.000000
rf0138 0.258870 inf 0.126480
rf0150 0.301030 inf 0.000000
rf0164 0.258870 inf 0.210800
rf0166 0.301030 inf 0.000000
rf0167 0.301030 inf 0.210800
rf0169 -0.626480 0.210800 0.000000
rf0171 0.301030 inf 0.126480
rf0173 0.301030 inf 0.000000
rf0175 -0.457840 0.295120 0.084320
rf0176 0.301030 -0.042160 0.000000
rf0180 -0.457840 0.463750 0.042160
rf0190 -0.331360 0.210800 0.000000
rf0191 0.258870 0.000000 0.337280
rf0192 -0.584320 0.210800 0.000000
rf0193 0.301030 inf 0.337280
rf0201 -0.668640 0.252960 0.000000
rf0204 -0.626480 0.252960 0.084320
rf0205 0.301030 inf 0.000000
rf0216 0.301030 inf 0.337280
rf0223 0.216710 0.042160 0.000000
rf0227 -0.457840 0.295120 0.084320
rf0234 0.258870 0.000000 0.000000
rf0237 0.258870 0.000000 0.337280
rf0238 -0.584320 0.210800 0.000000
rf0241 -0.795120 0.252960 0.084320
rf0242 0.301030 -0.042160 0.000000
rf0248 0.090230 0.126480 0.126480
rf0249 0.301030 inf 0.000000
rf0250 -0.668640 0.295120 0.084320
rf0251 -0.415680 0.379430 0.000000
rf0256 0.258870 0.000000 0.337280
rf0258 -0.289200 0.421590 0.000000
rf0263 -0.500000 0.379440 0.084320
rf0264 0.258870 0.000000 0.000000
rf0267 -0.457840 0.337280 0.084320
rf0283 0.258870 inf 0.000000
rf0284 -0.668640 0.168640 0.084320
rf0287 0.005910 0.210800 0.000000
rf0292 0.258870 0.000000 0.295120
rf0294 0.301030 inf 0.000000
rf0295 0.048070 0.168640 0.126480
rf0298 -0.457840 0.252960 0.000000
rf0300 -0.457840 0.210800 0.084320
rf0303 -0.500000 0.252960 0.000000
rf0306 -0.710800 0.168640 0.084320
rf0309 0.005910 0.210800 0.000000
rf0315 0.258870 inf 0.126480
rf0316 0.216710 0.042160 0.000000
rf0324 0.132390 0.126480 0.126480
rf0325 0.301030 -0.042160 0.000000
rf0335 -0.710800 0.168640 0.084320
rf0338 -0.626480 0.168640 0.000000
rf0339 0.301030 inf 0.337280
rf0342 -0.331360 0.210800 0.000000
rf0343 0.048070 0.168640 0.252950
rf0348 0.301030 inf 0.000000
rf0351 -0.542160 0.210800 0.084320
rf0354 0.301030 -0.042160 0.000000
rf0358 -0.668640 0.252960 0.084320
rf0363 -0.710800 0.252960 0.000000
rf0364 0.301030 -0.084320 0.758870
rf0366 -0.584320 0.210800 0.000000
rf0372 0.301030 inf 0.210800
rf0374 -0.542160 0.210800 0.000000
rf0375 0.216710 0.042160 0.168640
rf0376 -0.373520 0.210800 0.000000
rf0377 0.090230 0.126480 0.126480
rf0381 -0.584320 0.379440 0.000000
rf0383 0.258870 0.000000 0.379430
rf0385 -0.415680 0.252960 0.000000
rf0386 0.258870 0.000000 0.463750
rf0388 0.301030 inf 0.000000
rf0396 0.132390 0.126480 0.168640
rf0397 0.090230 0.168640 0.000000
rf0399 -0.331360 0.210800 0.126480
rf0400 0.301030 inf 0.000000
rf0401 -0.837280 0.168640 0.084310
rf0403 -0.542160 0.505910 0.000000
rf0415 -0.289200 0.337270 0.084320
rf0419 -0.752960 0.252960 0.000000
rf0427 0.090230 0.126480 0.421590
rf0428 -0.584320 0.252960 0.000000
rf0432 -0.457840 0.210800 0.084320
rf0439 -0.921590 0.168630 0.000000
rf0441 -0.752960 0.126480 0.084320
rf0448 -0.373520 0.210800 0.000000
rf0460 0.258870 0.000000 0.295120
rf0466 -0.415680 0.463750 0.000000
rf0474 -0.668640 0.210800 0.084320
rf0476 -0.584320 0.210800 0.000000
rf0477 -0.584320 0.168640 0.084320
rf0488 -0.415680 0.463750 0.000000
rf0496 -0.710800 0.210800 0.084320
rf0499 -0.626480 0.168640 0.000000
rf0500 0.258870 0.000000 0.463750
rf0503 -0.415680 0.168640 0.000000
rf0506 -0.120560 0.252950 0.084320
rf0510 0.301030 inf 0.000000
rf0513 0.258870 0.000000 0.337280
rf0630 -0.879440 0.168640 0.000000
rf0684 0.301030 inf 0.337280
rf0693 -0.795120 0.168640 0.000000
rf0716 -0.036250 0.252960 0.126470
rf0730 -0.289200 0.505910 0.000000
rf0795 -0.584320 0.379440 0.042160
rs0001 -0.626480 0.295120 0.000000
rs0002 -0.457840 0.295120 0.042160
rs0003 -0.500000 0.379440 0.000000
rs0010 -0.457840 0.168640 0.126480
rs0012 -0.542160 0.421600 0.000000
rs0013 -0.542160 0.252960 0.042160
rs0017 0.301030 inf 0.000000
rs0022 0.301030 -0.042160 0.421590
rs0029 0.005910 0.168640 0.000000
rs0030 -0.457840 0.463750 0.042160
rs0046 0.258870 inf 0.000000
rs0048 0.258870 inf 0.421590
rs0050 0.258870 0.000000 0.000000
rs0051 0.048070 0.126480 0.295110
rs0052 -0.415680 0.590230 0.000000
rs0053 0.258870 inf 0.168640
rs0054 -0.626480 0.168640 0.000000
rs0062 -0.626480 0.168640 0.084320
rs0063 -0.247040 0.252950 0.000000
rs0064 0.258870 0.000000 0.337280
rs0070 -0.626480 0.168640 0.000000
rs0077 0.301030 inf 0.126480
rs0084 -0.373520 0.337270 0.000000
rs0085 -0.373520 0.337270 0.084320
rs0087 0.301030 -0.042160 0.000000
rs0088 -0.626480 0.210800 0.042160
rs0089 0.258870 0.000000 0.000000
rs0090 -0.710800 0.168640 0.084320
rs0092 -0.542160 0.210800 0.000000
rs0093 0.258870 inf 0.210800
rs0094 -0.457840 0.337280 0.000000
rs0095 -0.879440 0.168640 0.084310
rs0096 0.258870 0.000000 0.000000
rs0097 -0.668640 0.210800 0.084320
rs0098 -0.289200 0.421590 0.000000
rs0104 0.258870 inf 0.295120
rs0105 -0.542160 0.168640 0.000000
rs0107 -0.078410 0.252960 0.126470
rs0109 0.048070 0.168640 0.000000
rs0111 -0.710800 0.168640 0.084320
rs0113 0.258870 inf 0.000000
rs0118 -0.457840 0.252960 0.084320
rs0120 -0.331360 0.421590 0.000000
rs0121 0.258870 inf 0.337280
rs0122 -0.626480 0.168640 0.000000
rs0124 -0.710800 0.168640 0.084320
rs0127 -0.500000 0.463750 0.000000
rs0128 0.258870 inf 0.295120
rs0133 0.132390 0.126480 0.000000
rs0134 0.216710 0.042160 0.252960
rs0135 -0.289200 0.421590 0.000000
rs0136 0.048070 0.168640 0.168630
rs0138 -0.626480 0.168640 0.000000
rs0140 -0.795120 0.210800 0.084320
rs0141 -0.500000 0.210800 0.000000
rs0143 0.258870 inf 0.210800
rs0145 0.301030 inf 0.000000
rs0146 -0.584320 0.337280 0.084320
rs0147 -0.331360 0.210800 0.000000
rs0148 0.301030 inf 0.168640
rs0149 -0.457840 0.337280 0.000000
rs0150 -0.584320 0.168640 0.084320
rs0156 -0.542160 0.548070 0.000000
rs0159 0.258870 inf 0.210800
rs0163 0.090230 0.126480 0.000000
rs0167 -0.626480 0.168640 0.084320
rs0168 -0.710800 0.210800 0.000000
rs0172 -0.331360 0.252950 0.126480
rs0174 -0.584320 0.210800 0.000000
rs0175 -0.331360 0.379430 0.084320
rs0180 -0.373520 0.295110 0.000000
rs0181 0.258870 0.000000 0.337280
rs0183 0.258870 0.000000 0.000000
rs0189 0.258870 0.000000 0.337280
rs0193 0.216710 0.000000 0.000000
rs0196 0.090230 0.126480 0.126480
rs0201 0.301030 inf 0.000000
rs0202 0.090230 0.168640 0.168640
rs0203 0.301030 inf 0.000000
rs0206 0.258870 inf 0.210800
rs0209 0.301030 -0.042160 0.000000
rs0211 0.301030 inf 0.168640
rs0218 -0.542160 0.210800 0.000000
rs0221 0.132390 0.126480 0.379430
rs0225 0.132390 0.126480 0.000000
rs0226 -0.542160 0.295120 0.084320
rs0227 0.301030 inf 0.000000
rs0231 -0.457840 0.252960 0.084320
rs0237 0.216710 inf 0.000000
rs0239 0.090230 0.168640 0.168640
rs0240 0.301030 inf 0.000000
rs0242 -0.415680 0.379430 0.084320
rs0243 0.301030 inf 0.000000
rs0244 0.132390 0.126480 0.126480
rs0247 -0.752960 0.168640 0.000000
rs0250 0.258870 inf 0.337280
rs0255 -0.584320 0.337280 0.000000
rs0256 -0.584320 0.337280 0.042160
rs0257 -0.542160 0.210800 0.000000
rs0259 -0.204880 0.337270 0.084320
rs0260 0.301030 inf 0.000000
rs0261 -0.036250 0.295120 0.084310
rs0262 -0.626480 0.210800 0.000000
rs0264 -0.752960 0.168640 0.084320
rs0266 -0.036250 0.252960 0.000000
rs0267 0.132390 0.126480 0.252950
rs0268 0.132390 0.126480 0.000000
rs0269 -0.584320 0.252960 0.084320
rs0273 -0.500000 0.168640 0.000000
rs0275 -0.500000 0.168640 0.126480
rs0276 -0.500000 0.295120 0.000000
rs0280 0.301030 inf 0.295120
rs0282 0.048070 0.168640 0.000000
rs0283 -0.373520 0.210800 0.084320
rs0289 -0.373520 0.295110 0.000000
rs0297 -0.626480 0.210800 0.084320
rs0306 0.132390 0.084320 0.000000
rs0308 0.258870 inf 0.295120
rs0315 -0.247040 0.295110 0.000000
rs0316 0.132390 0.126480 0.252950
rs0318 -0.837280 0.210800 0.000000
rs0320 0.090230 0.168640 0.210790
rs0323 -0.373520 0.210800 0.000000
rs0331 -0.331360 0.295110 0.126480
rs0334 -0.373520 0.379430 0.000000
rs0337 -0.373520 0.421590 0.084320
rs0339 0.301030 inf 0.000000
rs0341 -0.584320 0.210800 0.084320
rs0344 -0.584320 0.252960 0.000000
rs0345 -0.752960 0.126480 0.084320
rs0349 -0.752960 0.168640 0.000000
rs0350 0.301030 -0.042160 0.674550
rs0354 -0.626480 0.337280 0.000000
rs0358 0.048070 0.126480 0.379430
rs0365 -0.626480 0.210800 0.000000
rs0373 -0.457840 0.548070 0.042160
rs0374 -0.668640 0.168640 0.000000
rs0377 -0.457840 0.421590 0.084320
rs0384 -0.500000 0.210800 0.000000
rs0386 -0.626480 0.463760 0.042160
rs0390 0.301030 -0.042160 0.000000
rs0391 -0.331360 0.463750 0.042160
rs0392 -0.626480 0.421600 0.000000
rs0393 -0.457840 0.210800 0.084320
rs0396 0.301030 inf 0.000000
rs0401 0.258870 0.000000 0.421590
rs0406 -0.289200 0.210790 0.000000
rs0409 0.090230 0.126480 0.421590
rs0416 -0.710800 0.126480 0.000000
rs0419 -0.500000 0.716710 0.000000
rs0420 0.301030 -0.042160 0.000000
rs0421 -0.710800 0.168640 0.084320
rs0424 -0.584320 0.295120 0.000000
rs0425 -0.373520 0.337270 0.084320
rs0427 -0.542160 0.210800 0.000000
rs0429 -0.626480 0.168640 0.084320
rs0430 -0.710800 0.168640 0.000000
rs0432 -0.837280 0.168640 0.084310
rs0437 -0.584320 0.505910 0.000000
rs0440 0.048070 0.168640 0.126480
rs0444 -0.584320 0.168640 0.000000
rs0449 0.090230 0.168640 0.252950
rs0451 0.048070 0.210800 0.000000
rs0452 0.301030 -0.042160 0.590230
rs0454 -0.331360 0.337270 0.000000
rs0458 0.301030 inf 0.632390
rs0460 -0.668640 0.210800 0.000000
rs0463 0.048070 0.126480 0.590230
rs0468 -0.500000 0.674550 0.000000
rs0470 -0.710800 0.126480 0.084320
rs0472 -0.752960 0.168640 0.000000
rs0473 -0.710800 0.168640 0.084320
rs0477 -0.668640 0.463760 0.000000
rs0480 -0.457840 0.252960 0.084320
rs0485 -0.626480 0.168640 0.000000
rs0493 -0.626480 0.252960 0.084320
rs0495 -0.626480 0.210800 0.000000
rs0496 0.048070 0.126480 0.337270
rs0503 0.005910 0.210800 0.000000
rs0505 0.301030 inf 0.295120
rs0508 -0.584320 0.168640 0.000000
rs0516 -0.584320 0.337280 0.084320
rs0517 0.301030 inf 0.000000
rs0519 -0.500000 0.548070 0.042160
rs0520 -0.500000 0.210800 0.000000
rs0521 -0.457840 0.421590 0.042160
rs0522 -0.289200 0.421590 0.000000
rs0528 0.258870 inf 0.126480
rs0532 -0.415680 0.505910 0.000000
rs0534 -0.500000 0.421590 0.042160
rs0536 -0.584320 0.210800 0.000000
rs0538 -0.331360 0.337270 0.084320
rs0541 0.301030 inf 0.000000
rs0545 -0.795120 0.168640 0.084320
rs0549 -0.457840 0.210800 0.000000
rs0553 -0.542160 0.210800 0.084320
rs0554 0.301030 inf 0.000000
rs0555 0.048070 0.126480 0.379430
rs0556 -0.879440 0.210800 0.000000
rs0560 0.048070 0.168640 0.252950
rs0568 -0.500000 0.210800 0.000000
rs0571 -0.752960 0.126480 0.084320
rs0573 -0.584320 0.210800 0.000000
rs0574 0.301030 inf 0.210800
rs0579 0.301030 inf 0.000000
rs0582 0.005910 0.210800 0.168630
rs0586 -0.668640 0.168640 0.000000
rs0587 0.048070 0.168640 0.210790
rs0591 0.258870 inf 0.000000
rs0598 0.301030 inf 0.421590
rs0609 -0.331360 0.337270 0.000000
rs0612 0.216710 0.042160 0.210800
rs0615 0.258870 0.000000 0.000000
rs0626 -0.415680 0.210800 0.126480
rs0650 0.301030 -0.042160 0.000000
rs0656 -0.247040 0.252950 0.084320
rs0660 0.258870 inf 0.000000
rs0667 0.258870 0.000000 0.421590
rs0672 0.301030 -0.042160 0.000000
rs0679 0.301030 -0.084320 0.758870
rs0708 0.301030 inf 0.000000
rs0724 0.258870 inf 0.252960
rs0731 -0.500000 0.463750 0.000000
rs0741 0.258870 0.000000 0.295120
rs0743 -0.710800 0.168640 0.000000
rs0745 -0.078410 0.252960 0.126470
rs0751 0.301030 inf 0.000000
rs0763 -0.331360 0.463750 0.084320
rs0768 -0.373520 0.337270 0.000000
rs0774 -0.584320 0.168640 0.084320
rs0775 -0.626480 0.168640 0.000000
rs0777 -0.795120 0.210800 0.084320
rs0779 0.258870 0.000000 0.000000
rs0781 0.132390 0.126480 0.168640
rs0788 -0.584320 0.210800 0.000000
rs0797 0.258870 0.000000 0.337280
rs0798 -0.078410 0.252960 0.000000
rs0802 -0.542160 0.210800 0.084320
rs0804 -0.668640 0.252960 0.000000
rs0805 -0.879440 0.210800 0.084310
rs0806 0.048070 0.126480 0.000000
rs0808 0.216710 inf 0.084320
rs0809 0.301030 inf 0.000000
rs0811 0.090230 0.126480 0.295110
rs0812 0.301030 inf 0.000000
rs0815 -0.626480 0.168640 0.084320
rs0823 0.301030 inf 0.000000
rs0831 0.301030 inf 0.210800
rs0833 0.301030 inf 0.000000
rs0834 -0.247040 0.295110 0.084320
rs0839 0.258870 inf 0.000000
rs0842 -0.668640 0.168640 0.084320
rs0847 0.258870 0.000000 0.000000
rs0850 0.301030 inf 0.252960
rs0866 -0.078410 0.252960 0.000000
rs0868 0.048070 0.084320 0.379430
rs0869 -0.542160 0.421600 0.000000
rs0871 -0.584320 0.716710 0.042160
rs0875 -0.204880 0.252950 0.000000
rs0880 -0.247040 0.379430 0.084320
rs0887 -0.120560 0.295110 0.000000
rs0896 0.216710 0.042160 0.210800
rs0897 -0.373520 0.295110 0.000000
rs0906 -0.626480 0.210800 0.084320
rs0909 -0.457840 0.168640 0.000000
rs0916 -0.500000 0.252960 0.084320
rs0921 0.301030 inf 0.000000
rs0923 -0.668640 0.168640 0.084320
rs0932 -0.626480 0.168640 0.000000
rs0933 -0.668640 0.168640 0.084320
rs0935 -0.542160 0.379440 0.000000
rs0944 -0.542160 0.210800 0.084320
rs0950 -0.626480 0.505920 0.000000
rs0953 0.258870 inf 0.210800
rs0957 -0.752960 0.210800 0.000000
rs0958 0.258870 0.000000 0.421590
rs0959 -0.795120 0.168640 0.000000
rs0960 -0.752960 0.126480 0.084320
rs0967 -0.457840 0.337280 0.000000
rs0970 0.216710 0.042160 0.463750
rs0974 0.258870 0.000000 0.000000
rs0978 -0.289200 0.252950 0.084320
rs0980 0.301030 inf 0.000000
rs0981 -0.584320 0.168640 0.084320
rs0982 -0.837280 0.126480 0.000000
rs0983 -0.584320 0.295120 0.084320
rs0984 -0.457840 0.379430 0.000000
rs0985 -0.584320 0.252960 0.084320
rs0991 0.216710 0.042160 0.000000
rs0995 0.048070 0.168640 0.295110
rs0997 -0.204880 0.337270 0.000000
rs1004 0.301030 inf 0.210800
rs1014 -0.752960 0.210800 0.000000
rs1016 0.301030 inf 0.168640
rs1017 -0.710800 0.168640 0.000000
rs1021 -0.542160 0.210800 0.084320
rs1023 0.301030 -0.042160 0.000000
rs1025 0.258870 0.000000 0.295120
rs1029 -0.500000 0.210800 0.000000
rs1030 -0.668640 0.210800 0.042160
rs1035 -0.626480 0.379440 0.000000
rs1036 -0.162720 0.295110 0.084320
rs1038 -0.584320 0.126480 0.000000
rs1040 -0.626480 0.168640 0.084320
rs1043 -0.795120 0.210800 0.000000
rs1047 -0.500000 0.168640 0.084320
rs1048 0.301030 inf 0.000000
rs1050 -0.668640 0.126480 0.084320
rs1052 -0.457840 0.295120 0.000000
rs1055 -0.584320 0.210800 0.084320
rs1059 -0.204880 0.379430 0.000000
rs1060 -0.795120 0.252960 0.084320
rs1062 0.258870 inf 0.000000
rs1065 -0.457840 0.252960 0.084320
rs1072 -0.415680 0.252960 0.000000
rs1073 -0.542160 0.252960 0.084320
rs1074 -0.584320 0.252960 0.000000
rs1075 0.258870 inf 0.168640
rs1081 -0.373520 0.295110 0.000000
rs1082 0.258870 0.000000 0.337280
rs1084 -0.457840 0.252960 0.000000
rs1087 -0.331360 0.421590 0.084320
rs1091 0.301030 inf 0.000000
rs1098 -0.542160 0.210800 0.084320
rs1100 0.301030 -0.084320 0.000000
rs1102 0.301030 inf 0.126480
rs1103 -0.710800 0.463760 0.000000
rs1104 -0.373520 0.252960 0.126480
rs1105 -0.584320 0.168640 0.000000
rs1106 0.216710 0.042160 0.126480
rs1108 -0.668640 0.168640 0.000000
rs1109 0.258870 inf 0.210800
rs1110 -0.331360 0.505910 0.000000
rs1111 0.216710 inf 0.168640
rs1112 0.301030 -0.042160 0.000000
rs1114 0.258870 inf 0.295120
rs1116 0.216710 0.042160 0.000000
rs1117 -0.584320 0.210800 0.084320
rs1118 0.048070 0.168640 0.000000
rs1121 0.258870 inf 0.168640
rs1122 0.301030 inf 0.000000
rs1123 0.258870 0.000000 0.295120
rs1126 -0.584320 0.210800 0.000000
rs1129 0.090230 0.126480 0.126480
rs1131 0.301030 inf 0.000000
rs1137 -0.415680 0.505910 0.042160
rs1143 -0.668640 0.168640 0.000000
rs1150 -0.120560 0.168630 0.126480
rs1152 0.090230 0.168640 0.000000
rs1154 -0.415680 0.463750 0.042160
rs1159 -0.584320 0.168640 0.000000
rs1163 -0.584320 0.674550 0.042160
rs1168 0.132390 0.126480 0.000000
rs1169 -0.289200 0.337270 0.084320
rs1170 -0.457840 0.379430 0.000000
rs1178 -0.331360 0.421590 0.084320
rs1179 -0.542160 0.379440 0.000000
rs1182 -0.331360 0.379430 0.084320
rs1183 0.258870 0.000000 0.000000
rs1184 -0.626480 0.210800 0.084320
rs1185 0.301030 -0.042160 0.000000
rs1188 -0.668640 0.168640 0.084320
rs1191 0.048070 0.168640 0.000000
rs1195 -0.289200 0.210790 0.084320
rs1197 0.048070 0.168640 0.000000
rs1198 -0.626480 0.505920 0.042160
rs1200 -0.626480 0.168640 0.000000
rs1205 0.258870 0.000000 0.379430
rs1209 -0.542160 0.548070 0.000000
rs1211 0.301030 inf 0.337280
rs1212 -0.415680 0.210800 0.000000
rs1214 0.090230 0.126480 0.126480
rs1220 0.258870 0.000000 0.000000
rs1229 0.301030 inf 0.168640
rs1238 0.301030 -0.042160 0.000000
rs1245 -0.584320 0.210800 0.084320
rs1248 0.132390 0.126480 0.000000
rs1254 0.132390 0.126480 0.168640
rs1258 -0.331360 0.505910 0.000000
rs1259 -0.626480 0.463760 0.042160
rs1261 -0.668640 0.505920 0.000000
rs1262 -0.626480 0.210800 0.042160
rs1264 -0.668640 0.210800 0.000000
rs1265 -0.500000 0.716710 0.000000
rs1266 -0.584320 0.801030 0.000000
rs1267 0.301030 inf 0.126480
rs1270 -0.626480 0.590230 0.000000
rs1276 -0.584320 0.168640 0.084320
rs1278 0.258870 0.000000 0.000000
rs1282 0.048070 0.168640 0.126480
rs1283 -0.710800 0.168640 0.000000
rs1284 -0.710800 0.210800 0.084320
rs1290 -0.752960 0.210800 0.000000
rs1291 -0.542160 0.252960 0.084320
rs1292 -0.331360 0.295110 0.000000
rs1293 -0.373520 0.421590 0.084320
rs1294 -0.036250 0.210800 0.000000
rs1296 -0.795120 0.168640 0.084320
rs1297 -0.710800 0.210800 0.000000
rs1302 -0.710800 0.126480 0.084320
rs1304 -0.710800 0.252960 0.000000
rs1337 0.090230 0.084320 0.379430
rs1359 -0.626480 0.252960 0.000000
rs1437 0.258870 inf 0.210800
