rf0001 7.457060 0.817370 0.000000
rf0002 8.601380 0.098090 -0.032690
rf0003 8.862940 0.032700 0.000000
rf0006 8.176350 0.425030 0.163470
rf0007 8.862940 0.032700 0.000000
rf0008 8.961030 inf 0.196170
rf0010 7.816700 0.523120 0.000000
rf0011 8.503300 0.130780 0.392340
rf0013 8.830250 0.000000 0.000000
rf0014 7.751310 0.588510 0.196170
rf0015 8.961030 inf 0.000000
rf0016 8.895640 0.032690 0.098090
rf0017 8.012870 0.425040 0.000000
rf0019 7.653230 0.817370 0.261560
rf0020 8.470600 0.326950 0.000000
rf0022 8.732160 0.130780 0.098090
rf0023 7.522450 0.784680 0.000000
rf0024 8.764860 0.065390 0.326950
rf0025 8.666770 0.098090 0.000000
rf0028 8.078260 0.392340 0.228860
rf0029 8.274430 0.326950 0.000000
rf0030 8.634080 0.130780 0.098090
rf0031 8.928330 inf 0.000000
rf0032 8.307130 0.392340 0.163480
rf0033 7.620530 0.751990 0.000000
rf0034 7.424360 0.817380 0.425030
rf0040 8.895640 0.032690 0.000000
rf0042 8.110960 0.359640 0.098090
rf0043 8.961030 inf 0.000000
rf0045 7.620530 0.686600 0.228860
rf0048 7.751310 0.621210 0.000000
rf0049 7.620530 0.719290 0.326950
rf0051 7.424360 0.817380 0.000000
rf0053 7.980180 0.392340 0.000000
rf0055 8.928330 inf 0.000000
rf0057 8.699470 0.098080 0.163480
rf0058 8.339820 0.425040 0.000000
rf0059 7.980180 0.392340 0.163470
rf0060 8.012870 0.425040 0.000000
rf0061 8.274430 0.392340 0.457730
rf0062 8.797550 0.065390 0.000000
rf0064 7.489750 0.784680 0.523120
rf0065 7.620530 0.686600 0.000000
rf0068 7.522450 0.784680 0.130780
rf0071 8.961030 inf 0.000000
rf0072 7.358970 0.784680 0.130780
rf0073 8.274430 0.326950 0.000000
rf0074 8.862940 0.032700 0.326950
rf0075 8.110960 0.457730 0.000000
rf0076 7.914790 0.457730 0.098080
rf0077 8.274430 0.359650 0.000000
rf0079 8.176350 0.392340 -0.065390
rf0083 7.980180 0.392340 0.000000
rf0084 8.307130 0.359640 0.163480
rf0092 8.961030 inf 0.000000
rf0098 8.895640 0.032690 0.457730
rf0099 8.078260 0.425040 0.000000
rf0102 8.012870 0.425040 0.130780
rf0104 7.522450 0.784680 0.000000
rf0106 8.339820 0.392340 0.098080
rf0107 7.555140 0.751990 0.000000
rf0108 7.489750 0.784680 0.196170
rf0109 8.535990 0.130780 0.000000
rf0110 7.457060 0.882760 0.098080
rf0111 8.372520 0.359640 0.000000
rf0113 8.797550 0.065390 -0.065390
rf0115 8.797550 0.065390 0.000000
rf0117 8.012870 0.392340 0.425040
rf0118 7.457060 0.784680 0.000000
rf0119 7.980180 0.392340 0.163470
rf0120 7.358970 0.882770 0.000000
rf0122 7.358970 0.882770 0.163480
rf0125 8.862940 0.065390 0.000000
rf0126 8.961030 inf 0.196170
rf0127 8.503300 0.294250 0.000000
rf0128 8.274430 0.392340 0.425040
rf0129 8.405210 0.359650 0.000000
rf0130 8.012870 0.490430 0.425030
rf0132 8.732160 0.065390 0.000000
rf0133 8.862940 0.065390 0.425030
rf0134 8.601380 0.130780 0.000000
rf0138 7.358970 0.948160 0.196170
rf0139 8.961030 inf 0.000000
rf0141 7.358970 0.882770 0.000000
rf0143 8.339820 0.425040 0.000000
rf0145 8.666770 0.098090 0.098080
rf0147 8.895640 0.032690 0.000000
rf0148 8.961030 inf 0.032700
rf0149 8.862940 0.032700 0.000000
rf0150 8.961030 inf 0.130780
rf0154 8.241740 0.359640 0.000000
rf0155 8.535990 0.228870 -0.098090
rf0156 8.732160 0.065390 0.000000
rf0157 7.587840 0.686590 0.457730
rf0158 8.568690 0.163470 0.000000
rf0160 8.732160 0.130780 0.196170
rf0164 8.895640 0.032690 0.000000
rf0165 8.699470 0.098080 0.425040
rf0166 8.961030 inf 0.000000
rf0167 8.830250 0.065390 0.359650
rf0169 7.784010 0.588510 0.000000
rf0170 8.928330 inf 0.490420
rf0171 8.961030 inf 0.000000
rf0172 8.862940 0.032700 0.457730
rf0173 8.961030 inf 0.000000
rf0174 8.764860 0.065390 0.425040
rf0175 8.307130 0.392340 0.000000
rf0176 8.699470 0.098080 0.359650
rf0177 8.339820 0.392340 0.000000
rf0179 8.012870 0.457730 0.130780
rf0180 8.372520 0.425030 0.000000
rf0181 8.176350 0.359640 0.130780
rf0190 7.358970 0.850070 0.000000
rf0191 8.928330 inf 0.392340
rf0192 7.718620 0.621200 0.000000
rf0193 8.928330 inf 0.425030
rf0195 8.732160 0.065390 0.000000
rf0197 7.358970 0.948160 0.032700
rf0199 8.241740 0.359640 0.000000
rf0201 7.358970 0.980850 0.326950
rf0204 7.358970 0.948160 0.000000
rf0205 8.961030 inf 0.032690
rf0206 8.797550 0.065390 0.000000
rf0207 7.718620 0.653900 0.000000
rf0209 8.928330 inf 0.000000
rf0210 8.078260 0.392340 0.130780
rf0216 8.862940 0.065390 0.000000
rf0217 8.732160 0.065390 -0.032690
rf0218 8.928330 -0.032690 0.000000
rf0221 8.961030 inf 0.294260
rf0223 8.862940 0.065390 0.000000
rf0226 8.503300 0.294250 0.228860
rf0227 8.307130 0.392340 0.000000
rf0229 8.634080 0.098080 0.228860
rf0230 8.732160 0.065390 0.000000
rf0233 8.961030 inf 0.425030
rf0234 8.862940 0.065390 0.000000
rf0236 7.653230 0.653900 -0.032690
rf0237 8.928330 inf 0.000000
rf0238 8.045570 0.392340 0.425040
rf0241 7.391660 0.719300 0.000000
rf0242 8.928330 inf -0.065390
rf0244 8.928330 0.000000 0.000000
rf0245 8.928330 0.000000 -0.098090
rf0246 7.489750 0.653900 0.000000
rf0247 8.078260 0.425040 0.163470
rf0248 8.862940 0.032700 0.000000
rf0249 8.961030 inf 0.130780
rf0250 7.816700 0.490430 0.000000
rf0251 8.535990 0.130780 0.294260
rf0252 8.110960 0.392340 0.000000
rf0253 8.535990 0.294260 0.490420
rf0256 8.830250 0.065390 0.000000
rf0257 7.424360 0.850070 0.326950
rf0258 8.699470 0.098080 0.000000
rf0259 8.241740 0.359640 0.425030
rf0261 8.110960 0.457730 0.000000
rf0262 7.489750 0.784680 0.196170
rf0263 8.307130 0.392340 0.000000
rf0264 8.830250 0.032690 0.130780
rf0265 7.882090 0.457730 0.000000
rf0266 7.653230 0.621200 0.130780
rf0267 8.307130 0.425030 0.000000
rf0268 8.078260 0.392340 -0.130780
rf0269 7.980180 0.457730 0.000000
rf0271 8.862940 0.032700 0.130780
rf0272 8.012870 0.392340 0.000000
rf0273 7.424360 0.850070 -0.098090
rf0277 8.797550 0.065390 0.000000
rf0280 7.457060 0.817370 0.228860
rf0283 8.961030 inf 0.000000
rf0284 7.685920 0.621210 0.163470
rf0286 8.830250 0.065390 0.000000
rf0287 8.928330 0.000000 0.163480
rf0292 8.862940 0.065390 0.000000
rf0294 8.961030 inf 0.098090
rf0295 8.699470 0.098080 0.000000
rf0296 8.045570 0.457730 0.294250
rf0297 8.339820 0.392340 0.000000
rf0298 8.241740 0.294250 0.130780
rf0299 8.012870 0.392340 0.000000
rf0300 8.339820 0.392340 0.490430
rf0301 8.634080 0.065390 0.000000
rf0302 7.358970 0.948160 0.130780
rf0303 8.078260 0.392340 0.000000
rf0305 8.176350 0.359640 0.196170
rf0306 7.555140 0.719290 0.000000
rf0307 7.358970 0.915460 0.065390
rf0309 8.928330 inf 0.000000
rf0310 7.358970 0.948160 0.130780
rf0314 8.143650 0.392340 0.000000
rf0315 8.405210 0.228870 0.359640
rf0316 7.358970 0.948160 0.000000
rf0318 7.358970 0.948160 0.130780
rf0319 8.895640 0.032690 0.000000
rf0320 7.424360 0.817380 0.163480
rf0322 8.339820 0.359650 0.000000
rf0323 8.405210 0.392340 0.130780
rf0324 8.732160 0.130780 0.000000
rf0325 8.928330 inf 0.130780
rf0326 7.685920 0.686600 0.000000
rf0328 8.764860 0.065390 0.228870
rf0329 8.928330 inf 0.000000
rf0331 8.307130 0.196170 0.163470
rf0332 7.914790 0.359640 0.000000
rf0333 8.339820 0.261560 0.130780
rf0335 7.424360 0.850070 0.000000
rf0338 7.358970 0.948160 0.326950
rf0339 7.358970 0.915460 0.000000
rf0340 7.849400 0.326950 0.163480
rf0341 8.961030 inf 0.000000
rf0342 7.358970 0.751990 0.196170
rf0343 7.358970 0.948160 0.000000
rf0348 8.961030 inf 0.359650
rf0351 8.176350 0.196170 0.000000
rf0354 7.358970 0.948160 0.196170
rf0358 7.947480 0.326950 0.000000
rf0360 8.176350 0.392340 0.228860
rf0362 8.666770 0.098090 0.000000
rf0363 7.587840 0.621200 0.392340
rf0364 8.601380 0.130780 0.000000
rf0365 7.358970 0.882770 0.196170
rf0366 7.358970 0.948160 0.000000
rf0367 7.358970 0.686600 0.523120
rf0368 7.882090 0.392340 0.000000
rf0370 8.012870 0.228870 -0.098090
rf0372 8.862940 0.032700 0.000000
rf0374 8.339820 0.261560 0.163470
rf0375 8.307130 0.228860 0.000000
rf0376 8.339820 0.261560 0.196170
rf0377 8.928330 inf 0.000000
rf0378 8.372520 0.228860 0.130780
rf0381 8.241740 0.359640 0.000000
rf0383 8.961030 inf 0.163470
rf0385 8.307130 0.392340 0.000000
rf0386 8.437910 0.228860 -0.130780
rf0387 8.503300 0.228860 0.000000
rf0388 8.862940 0.032700 0.457730
rf0389 8.372520 0.425030 0.000000
rf0391 7.849400 0.490420 -0.163480
rf0392 7.522450 0.751980 0.000000
rf0393 7.391660 0.850080 -0.130780
rf0394 8.928330 inf 0.000000
rf0395 8.928330 inf 0.130780
rf0396 8.961030 inf 0.000000
rf0397 8.961030 inf 0.196170
rf0398 8.830250 0.032690 0.000000
rf0399 8.339820 0.425040 0.163480
rf0400 8.961030 inf 0.000000
rf0401 7.358970 0.850070 0.130780
rf0403 8.372520 0.359640 0.000000
rf0405 8.830250 0.065390 0.425030
rf0411 8.928330 inf 0.000000
rf0412 8.339820 0.425040 0.130780
rf0413 8.372520 0.392340 0.000000
rf0415 8.699470 0.098080 0.196170
rf0417 8.928330 inf 0.000000
rf0418 8.503300 0.163470 0.555810
rf0419 7.457060 0.784680 0.000000
rf0425 8.405210 0.392340 0.130780
rf0426 7.358970 0.915460 0.000000
rf0427 8.666770 0.098090 0.130780
rf0428 8.078260 0.392340 0.000000
rf0430 7.849400 0.523120 0.326950
rf0431 7.391660 0.850080 0.000000
rf0432 8.241740 0.359640 0.261560
rf0433 8.470600 0.294260 0.000000
rf0434 8.012870 0.392340 0.163480
rf0435 8.961030 inf 0.000000
rf0436 8.078260 0.425040 0.294250
rf0439 7.358970 0.817380 0.000000
rf0441 7.489750 0.784680 0.098090
rf0443 7.620530 0.719290 0.000000
rf0444 8.895640 0.032690 0.163470
rf0447 8.862940 0.032700 0.000000
rf0448 8.372520 0.359640 0.130780
rf0450 8.797550 0.065390 0.000000
rf0452 8.503300 0.196170 0.163470
rf0453 8.274430 0.359650 0.000000
rf0454 8.012870 0.425040 0.457730
rf0455 8.830250 0.065390 0.000000
rf0456 8.274430 0.392340 -0.065400
rf0459 7.489750 0.784680 0.000000
rf0460 8.895640 0.032690 0.130780
rf0461 8.110960 0.392340 0.000000
rf0462 7.620530 0.686600 0.294250
rf0463 8.895640 0.032690 0.000000
rf0464 7.489750 0.751990 0.425030
rf0465 8.045570 0.425030 0.000000
rf0466 8.339820 0.392340 0.000000
rf0467 8.503300 0.294250 0.000000
rf0468 8.764860 0.065390 0.457730
rf0471 8.143650 0.457730 0.000000
rf0473 8.666770 0.196170 0.228860
rf0474 7.587840 0.686590 0.000000
rf0476 8.078260 0.425040 0.098090
rf0477 8.012870 0.392340 0.000000
rf0478 8.928330 0.000000 0.261560
rf0479 7.522450 0.784680 0.000000
rf0480 8.274430 0.392340 0.130780
rf0482 7.358970 0.948160 0.000000
rf0485 7.424360 0.784680 0.457730
rf0487 7.358970 0.948160 0.000000
rf0488 7.358970 0.948160 0.326950
rf0490 7.358970 0.850070 0.000000
rf0493 7.358970 0.948160 0.196170
rf0496 7.424360 0.817380 0.000000
rf0497 7.947480 0.425040 -0.065390
rf0498 7.358970 0.882770 0.000000
rf0499 7.358970 0.948160 0.196170
rf0500 8.241740 0.098080 0.000000
rf0503 7.358970 0.948160 0.490430
rf0504 7.358970 0.948160 0.000000
rf0505 7.358970 0.948160 0.392340
rf0506 8.601380 0.130780 0.000000
rf0507 8.241740 0.294250 0.000000
rf0510 8.961030 inf 0.000000
rf0511 8.078260 0.457730 0.359650
rf0513 8.797550 0.065390 0.000000
rf0518 7.391660 0.882770 0.196170
rf0524 7.718620 0.621200 0.000000
rf0545 8.601380 0.228870 0.326950
rf0583 7.358970 0.882770 0.000000
rf0591 8.372520 0.359640 0.130780
rf0607 7.587840 0.719290 0.000000
rf0622 7.816700 0.555820 0.261560
rf0630 7.424360 0.784680 0.000000
rf0632 7.816700 0.621210 0.457730
rf0642 7.391660 0.817380 0.000000
rf0644 8.176350 0.359640 0.392340
rf0663 7.358970 0.850070 0.000000
rf0684 8.666770 0.098090 0.196170
rf0693 7.358970 0.850070 0.000000
rf0695 7.358970 0.882770 0.425030
rf0701 7.457060 0.784680 0.000000
rf0707 8.568690 0.130780 -0.065390
rf0713 7.980180 0.392340 0.000000
rf0716 7.358970 0.948160 0.228860
rf0730 8.699470 0.098080 0.000000
rf0739 7.358970 0.948160 -0.032690
rf0745 7.391660 0.784690 0.000000
rf0783 7.358970 0.686600 0.163480
rf0795 7.391660 0.719300 0.000000
rs0001 8.143650 0.359650 0.163470
rs0002 8.339820 0.425040 0.000000
rs0003 7.358970 0.948160 0.163480
rs0010 8.078260 0.425040 0.000000
rs0011 7.980180 0.425030 0.163470
rs0012 8.307130 0.359640 0.000000
rs0013 8.241740 0.392340 0.163470
rs0014 8.307130 0.163470 0.000000
rs0017 8.012870 0.228870 0.130780
rs0019 8.764860 0.098080 0.000000
rs0020 7.522450 0.784680 0.163480
rs0022 8.862940 0.032700 0.000000
rs0023 8.634080 0.098080 0.457730
rs0025 8.143650 0.392340 0.000000
rs0027 8.830250 0.032690 0.326950
rs0029 8.862940 0.032700 0.000000
rs0030 8.274430 0.163480 0.425040
rs0031 8.732160 0.065390 0.000000
rs0035 7.457060 0.784680 0.425030
rs0038 8.895640 0.032690 0.000000
rs0039 7.620530 0.686600 0.261560
rs0041 8.209040 0.359650 0.000000
rs0042 8.307130 0.392340 0.490430
rs0044 8.568690 0.261560 0.000000
rs0045 8.274430 0.392340 -0.130780
rs0046 8.895640 0.032690 0.000000
rs0047 7.358970 0.915460 0.425030
rs0048 8.699470 0.098080 0.000000
rs0050 8.797550 0.065390 0.457730
rs0051 8.797550 0.065390 0.000000
rs0052 8.503300 0.130780 0.065390
rs0053 8.928330 inf 0.000000
rs0054 8.012870 0.457730 -0.098090
rs0062 8.045570 0.392340 0.000000
rs0063 8.405210 0.326950 0.130780
rs0064 8.895640 0.032690 0.000000
rs0065 8.143650 0.392340 -0.130780
rs0068 8.143650 0.425040 0.000000
rs0070 7.587840 0.751980 0.490420
rs0077 8.928330 inf 0.000000
rs0078 8.699470 0.163470 0.065390
rs0080 8.961030 inf 0.000000
rs0081 7.358970 0.948160 -0.130780
rs0082 7.358970 0.686600 0.000000
rs0083 7.980180 0.392340 -0.130780
rs0084 7.358970 0.948160 0.000000
rs0085 8.274430 0.392340 0.098090
rs0087 8.535990 0.294260 0.000000
rs0088 8.078260 0.392340 -0.065390
rs0089 8.895640 0.032690 0.000000
rs0090 7.489750 0.784680 0.621200
rs0092 7.358970 0.948160 0.000000
rs0093 8.895640 0.032690 0.163470
rs0094 8.339820 0.425040 0.000000
rs0095 7.358970 0.850070 0.228860
rs0096 8.895640 0.032690 0.000000
rs0097 7.980180 0.359640 0.130780
rs0098 8.732160 0.098090 0.000000
rs0099 8.176350 0.294250 0.163470
rs0103 8.928330 inf 0.000000
rs0104 8.764860 0.065390 0.196170
rs0105 8.012870 0.392340 0.000000
rs0106 7.424360 0.850070 0.130780
rs0107 7.358970 0.948160 0.000000
rs0109 8.666770 0.130780 0.555820
rs0111 7.358970 0.882770 0.000000
rs0113 8.961030 inf 0.392340
rs0118 8.372520 0.392340 0.000000
rs0120 8.274430 0.163480 0.130780
rs0121 8.764860 0.065390 0.000000
rs0122 8.012870 0.392340 -0.065390
rs0123 8.862940 0.032700 0.000000
rs0124 7.391660 0.850080 -0.130780
rs0126 8.535990 0.294260 0.000000
rs0127 8.372520 0.359640 -0.130780
rs0128 8.862940 0.032700 0.000000
rs0129 8.961030 inf 0.326950
rs0130 7.620530 0.719290 0.000000
rs0132 7.391660 0.882770 0.163480
rs0133 8.961030 inf 0.000000
rs0134 8.961030 inf -0.098090
rs0135 8.634080 0.130780 0.000000
rs0136 8.961030 inf -0.130780
rs0137 8.372520 0.425030 0.000000
rs0138 7.587840 0.751980 0.098090
rs0140 7.358970 0.817380 0.000000
rs0141 8.045570 0.392340 0.359650
rs0143 8.928330 inf 0.000000
rs0145 8.797550 0.065390 -0.130780
rs0146 8.143650 0.392340 0.000000
rs0147 8.503300 0.163470 0.392340
rs0148 8.961030 inf 0.000000
rs0149 8.307130 0.392340 0.523120
rs0150 7.653230 0.653900 0.000000
rs0153 8.862940 0.032700 0.228860
rs0154 7.653230 0.686590 0.000000
rs0155 8.764860 0.098080 0.098090
rs0156 8.372520 0.392340 0.000000
rs0157 8.241740 0.392340 0.130780
rs0158 7.620530 0.719290 0.000000
rs0159 8.961030 inf -0.098090
rs0162 8.895640 0.032690 0.000000
rs0163 8.797550 0.065390 -0.130780
rs0165 8.209040 0.425040 0.000000
rs0166 8.862940 0.032700 -0.065390
rs0167 8.045570 0.392340 0.000000
rs0168 7.555140 0.719290 0.359640
rs0169 8.372520 0.098080 0.000000
rs0170 8.045570 0.457730 0.425030
rs0171 8.110960 0.457730 0.000000
rs0172 8.437910 0.326950 0.130780
rs0174 7.980180 0.425030 0.000000
rs0175 8.764860 0.098080 0.261560
rs0178 7.358970 1.046240 0.000000
rs0179 7.358970 0.948160 0.163480
rs0180 8.405210 0.392340 0.000000
rs0181 7.358970 0.948160 0.163470
rs0182 8.568690 0.261560 0.000000
rs0183 8.928330 inf 0.098080
rs0184 7.653230 0.686590 0.000000
rs0185 8.764860 0.098080 0.130780
rs0188 8.895640 0.032690 0.000000
rs0189 7.358970 0.948160 0.523120
rs0190 8.895640 0.032690 0.000000
rs0191 8.928330 inf 0.163480
rs0192 7.358970 0.948160 0.000000
rs0193 8.503300 0.130780 0.326950
rs0194 8.862940 0.032700 0.000000
rs0195 7.358970 0.948160 0.098090
rs0196 7.358970 0.948160 0.000000
rs0200 8.012870 0.392340 0.130780
rs0201 7.358970 0.948160 0.000000
rs0202 7.947480 0.261560 0.130780
rs0203 8.928330 inf 0.000000
rs0206 8.928330 inf 0.196170
rs0208 7.358970 0.948160 0.000000
rs0209 8.895640 0.032690 0.294260
rs0210 7.620530 0.719290 0.000000
rs0211 8.928330 inf 0.032700
rs0212 8.045570 0.392340 0.000000
rs0214 8.634080 0.130780 -0.065400
rs0215 7.457060 0.817370 0.000000
rs0218 7.358970 0.948160 0.130780
rs0220 7.653230 0.653900 0.000000
rs0221 8.764860 0.065390 0.130780
rs0222 8.895640 0.032690 0.000000
rs0224 8.437910 0.228860 0.130780
rs0225 8.732160 0.065390 0.000000
rs0226 8.241740 0.359640 0.130780
rs0227 8.895640 0.032690 0.000000
rs0228 8.045570 0.457730 0.228870
rs0231 8.209040 0.425040 0.000000
rs0236 7.522450 0.784680 0.228860
rs0237 8.961030 inf 0.000000
rs0239 8.797550 0.065390 0.098090
rs0240 8.961030 inf 0.000000
rs0241 8.307130 0.425030 -0.098090
rs0242 8.372520 0.359640 0.000000
rs0243 8.830250 0.065390 0.326950
rs0244 8.732160 0.098090 0.000000
rs0246 8.012870 0.359650 0.163480
rs0247 7.424360 0.784680 0.000000
rs0250 8.862940 0.065390 0.065390
rs0251 8.045570 0.425030 0.000000
rs0253 8.895640 0.032690 0.261560
rs0254 7.358970 0.948160 0.000000
rs0255 8.209040 0.359650 0.261560
rs0256 8.274430 0.359650 0.000000
rs0257 8.078260 0.425040 0.163480
rs0259 8.830250 0.032690 0.000000
rs0260 8.928330 inf 0.130780
rs0261 8.895640 0.032690 0.000000
rs0262 8.045570 0.392340 0.130780
rs0263 8.895640 0.032690 0.000000
rs0264 7.424360 0.817380 -0.032690
rs0266 8.928330 inf 0.000000
rs0267 7.358970 0.948160 0.196170
rs0268 7.358970 0.948160 0.000000
rs0269 8.241740 0.294250 -0.098090
rs0270 8.895640 0.032690 0.000000
rs0273 8.143650 0.425040 0.163470
rs0274 8.307130 0.425030 0.000000
rs0275 7.358970 0.948160 0.457730
rs0276 8.209040 0.425040 0.000000
rs0277 7.816700 0.555820 0.294260
rs0280 8.928330 inf 0.000000
rs0282 8.862940 0.032700 -0.065400
rs0283 8.274430 0.392340 0.000000
rs0284 8.241740 0.326950 0.457730
rs0288 8.797550 0.065390 0.000000
rs0289 8.339820 0.392340 0.392340
rs0290 7.751310 0.621210 0.000000
rs0297 7.653230 0.686590 0.425030
rs0299 8.961030 inf 0.000000
rs0303 7.391660 0.850080 0.098090
rs0306 8.699470 0.098080 0.000000
rs0308 8.732160 0.098090 0.490420
rs0310 8.862940 0.065390 0.000000
rs0313 8.764860 0.065390 -0.098090
rs0314 8.339820 0.392340 0.000000
rs0315 7.358970 0.948160 0.000000
rs0316 8.895640 0.032690 0.000000
rs0317 7.358970 0.850070 0.098080
rs0318 7.358970 0.817380 0.000000
rs0320 8.895640 0.032690 0.163480
rs0323 8.372520 0.392340 0.000000
rs0325 8.012870 0.392340 0.196170
rs0328 8.274430 0.359650 0.000000
rs0329 8.339820 0.392340 0.261560
rs0330 8.209040 0.425040 0.000000
rs0331 8.339820 0.392340 0.196170
rs0334 8.535990 0.163480 0.000000
rs0336 8.209040 0.392340 0.098090
rs0337 8.470600 0.359650 0.000000
rs0339 8.928330 inf 0.457730
rs0340 8.405210 0.392340 0.000000
rs0341 7.980180 0.457730 0.392340
rs0343 8.045570 0.392340 0.000000
rs0344 8.045570 0.425030 0.163480
rs0345 7.358970 0.882770 0.000000
rs0347 8.928330 inf 0.490420
rs0349 7.391660 0.817380 0.000000
rs0350 8.503300 0.294250 0.000000
rs0351 8.928330 inf 0.000000
rs0354 8.012870 0.392340 0.163480
rs0356 8.895640 0.032690 0.000000
rs0358 8.764860 0.065390 0.457730
rs0362 8.961030 inf 0.000000
rs0363 7.980180 0.425030 0.098080
rs0364 7.358970 0.882770 0.000000
rs0365 7.620530 0.686600 0.163480
rs0367 8.012870 0.425040 0.000000
rs0371 8.830250 0.065390 0.000000
rs0372 7.980180 0.392340 0.000000
rs0373 8.503300 0.294250 0.425040
rs0374 8.012870 0.392340 0.000000
rs0376 8.372520 0.392340 0.261560
rs0377 8.535990 0.130780 0.000000
rs0378 8.895640 0.032690 0.425040
rs0380 8.274430 0.326950 0.000000
rs0382 8.928330 inf 0.196170
rs0384 8.143650 0.457730 0.000000
rs0385 8.405210 0.294260 0.392340
rs0386 8.078260 0.392340 0.000000
rs0389 7.555140 0.751990 0.294250
rs0390 7.358970 0.948160 0.000000
rs0391 8.764860 0.065390 0.065390
rs0392 8.241740 0.163470 0.000000
rs0393 8.274430 0.359650 0.425030
rs0394 7.424360 0.784680 0.000000
rs0396 8.928330 inf 0.457730
rs0401 8.830250 0.065390 0.000000
rs0402 7.358970 1.013550 0.294250
rs0405 7.947480 0.261560 0.000000
rs0406 8.339820 0.425040 0.032700
rs0408 8.307130 0.294250 0.000000
rs0409 7.358970 0.751990 0.621200
rs0410 7.489750 0.850070 0.000000
rs0411 8.012870 0.392340 -0.130780
rs0416 7.358970 0.784680 0.000000
rs0417 7.358970 0.980850 -0.032700
rs0418 7.620530 0.719290 0.000000
rs0419 8.503300 0.326950 -0.130780
rs0420 7.358970 0.948160 0.000000
rs0421 7.391660 0.850080 -0.130780
rs0422 7.457060 0.784680 0.000000
rs0423 8.732160 0.065390 -0.098090
rs0424 8.078260 0.392340 0.000000
rs0425 8.241740 0.065390 -0.130780
rs0427 7.980180 0.457730 0.000000
rs0428 8.274430 0.359650 -0.032700
rs0429 7.555140 0.523120 0.000000
rs0430 7.391660 0.817380 0.392340
rs0432 7.391660 0.523130 0.000000
rs0433 8.339820 0.425040 -0.098090
rs0435 7.980180 0.392340 0.000000
rs0437 8.176350 0.326950 -0.130780
rs0440 8.372520 0.228860 0.000000
rs0442 7.358970 0.686600 0.457730
rs0444 7.358970 0.719290 0.000000
rs0449 8.862940 0.032700 -0.130780
rs0451 8.241740 0.163470 0.000000
rs0452 8.797550 0.032700 -0.130780
rs0453 8.961030 inf 0.000000
rs0454 7.358970 0.948160 -0.130780
rs0456 8.143650 0.163480 0.000000
rs0458 8.862940 0.065390 0.163470
rs0460 7.849400 0.523120 0.000000
rs0461 8.961030 inf 0.523120
rs0463 8.307130 0.326950 0.000000
rs0466 8.961030 inf 0.130780
rs0467 7.980180 0.392340 0.000000
rs0468 7.358970 0.948160 0.425030
rs0469 7.751310 0.523120 0.000000
rs0470 7.522450 0.751980 0.130780
rs0472 7.391660 0.850080 0.000000
rs0473 7.489750 0.784680 -0.098090
rs0476 8.634080 0.098080 0.000000
rs0477 7.358970 0.948160 0.196170
rs0480 8.307130 0.392340 0.000000
rs0485 7.980180 0.392340 0.719290
rs0491 8.830250 0.065390 0.000000
rs0492 8.241740 0.425030 -0.098090
rs0493 8.176350 0.392340 0.000000
rs0494 8.830250 0.032690 0.392340
rs0495 7.849400 0.490420 0.000000
rs0496 8.732160 0.065390 0.065390
rs0498 8.928330 inf 0.000000
rs0502 8.928330 inf 0.261560
rs0503 8.928330 inf 0.000000
rs0505 8.961030 inf -0.032700
rs0508 7.980180 0.392340 0.000000
rs0512 7.358970 0.948160 0.261560
rs0516 8.209040 0.359650 0.000000
rs0517 8.928330 inf -0.065400
rs0519 8.437910 0.359640 0.000000
rs0520 8.110960 0.457730 0.523120
rs0521 8.307130 0.425030 0.000000
rs0522 8.699470 0.098080 -0.098090
rs0524 8.110960 0.392340 0.000000
rs0526 8.307130 0.425030 0.130780
rs0528 8.961030 inf 0.000000
rs0529 8.339820 0.326950 -0.098090
rs0531 8.961030 inf 0.000000
rs0532 8.535990 0.294260 -0.130780
rs0534 7.358970 0.948160 0.000000
rs0536 8.143650 0.392340 -0.032690
rs0537 8.895640 0.032690 0.000000
rs0538 8.666770 0.098090 0.130780
rs0541 8.928330 inf 0.000000
rs0542 8.372520 0.326950 0.425040
rs0543 8.078260 0.326950 0.000000
rs0545 7.358970 0.882770 -0.130780
rs0546 8.307130 0.392340 0.000000
rs0548 8.012870 0.392340 0.163480
rs0549 8.274430 0.425040 0.000000
rs0553 8.012870 0.457730 -0.130780
rs0554 8.961030 inf 0.000000
rs0555 8.764860 0.098080 -0.065400
rs0556 7.358970 0.719290 0.000000
rs0559 8.241740 0.359640 -0.065390
rs0560 8.862940 0.032700 0.000000
rs0561 8.895640 0.032690 -0.065400
rs0562 8.274430 0.425040 0.000000
rs0564 8.045570 0.392340 0.457730
rs0566 8.045570 0.425030 0.000000
rs0567 8.568690 0.261560 0.228860
rs0568 8.143650 0.392340 0.000000
rs0570 8.437910 0.326950 -0.130780
rs0571 7.424360 0.817380 0.000000
rs0572 8.895640 0.032690 0.392340
rs0573 7.718620 0.653900 0.000000
rs0574 8.895640 0.032690 0.392340
rs0578 8.830250 0.065390 0.000000
rs0579 8.961030 inf 0.457730
rs0582 8.961030 inf 0.000000
rs0585 8.012870 0.392340 0.392340
rs0586 7.849400 0.490420 0.000000
rs0587 8.797550 0.065390 0.196170
rs0588 8.732160 0.130780 0.000000
rs0591 8.961030 inf 0.425030
rs0595 8.437910 0.326950 0.000000
rs0598 8.928330 inf 0.163480
rs0599 8.797550 0.065390 0.000000
rs0600 8.634080 0.228860 0.032700
rs0602 8.503300 0.294250 0.000000
rs0603 8.895640 0.032690 0.163470
rs0609 8.405210 0.392340 0.000000
rs0610 8.797550 0.065390 0.163480
rs0612 8.928330 inf 0.000000
rs0615 8.601380 0.130780 0.490420
rs0616 8.732160 0.098090 0.000000
rs0617 8.961030 inf 0.425040
rs0618 8.045570 0.457730 0.000000
rs0620 8.209040 0.359650 0.196170
rs0623 7.587840 0.719290 0.000000
rs0626 8.241740 0.359640 0.228860
rs0627 8.601380 0.130780 0.000000
rs0630 8.568690 0.228860 0.326950
rs0636 8.797550 0.065390 0.000000
rs0637 8.601380 0.130780 -0.032690
rs0638 8.732160 0.098090 0.000000
rs0640 8.176350 0.425030 0.359650
rs0641 8.732160 0.065390 0.000000
rs0644 8.012870 0.425040 0.098080
rs0645 8.634080 0.130780 0.000000
rs0650 8.895640 0.032690 0.555810
rs0652 7.358970 0.817380 0.000000
rs0656 8.699470 0.098080 0.326950
rs0660 8.961030 inf 0.000000
rs0667 8.862940 0.065390 0.196170
rs0669 7.358970 0.948160 0.000000
rs0670 8.928330 0.000000 0.359640
rs0671 8.274430 0.392340 0.000000
rs0672 8.928330 inf 0.130780
rs0677 8.339820 0.392340 0.000000
rs0679 8.535990 0.163480 -0.098090
rs0688 8.961030 inf 0.000000
rs0691 8.961030 inf 0.163480
rs0696 8.961030 inf 0.000000
rs0703 8.830250 0.065390 0.163470
rs0708 8.961030 inf 0.000000
rs0710 8.176350 0.392340 0.163470
rs0713 7.457060 0.817370 0.000000
rs0720 8.732160 0.130780 0.130780
rs0722 8.012870 0.392340 0.000000
rs0724 8.928330 inf 0.130780
rs0726 7.685920 0.686600 0.000000
rs0727 8.307130 0.359640 0.425030
rs0731 8.470600 0.326950 0.000000
rs0733 8.862940 0.065390 0.457730
rs0734 8.601380 0.130780 0.000000
rs0738 8.535990 0.130780 0.425030
rs0740 8.176350 0.457730 0.000000
rs0741 8.961030 inf 0.163480
rs0743 7.980180 0.425030 0.000000
rs0744 8.797550 0.065390 0.457730
rs0745 8.895640 0.032690 0.000000
rs0746 8.535990 0.261560 0.457730
rs0747 8.699470 0.098080 0.000000
rs0749 8.732160 0.065390 0.065390
rs0750 8.732160 0.065390 0.000000
rs0751 8.928330 inf 0.130780
rs0752 8.143650 0.457730 0.000000
rs0754 8.601380 0.098090 0.588510
rs0756 8.012870 0.425040 0.000000
rs0757 8.797550 0.065390 0.098090
rs0758 8.797550 0.065390 0.000000
rs0763 8.470600 0.326950 -0.130780
rs0766 8.797550 0.065390 0.000000
rs0767 8.045570 0.392340 -0.098090
rs0768 8.372520 0.392340 0.000000
rs0769 8.634080 0.196170 0.425040
rs0774 8.045570 0.425030 0.000000
rs0775 7.751310 0.588510 -0.130780
rs0777 7.424360 0.784680 0.000000
rs0778 8.078260 0.425040 0.392340
rs0779 8.961030 inf 0.000000
rs0781 8.928330 0.000000 0.228860
rs0782 7.555140 0.719290 0.000000
rs0783 8.961030 inf 0.457730
rs0784 8.928330 inf 0.000000
rs0786 7.980180 0.425030 0.130780
rs0788 8.176350 0.359640 0.000000
rs0790 7.424360 0.850070 0.000000
rs0793 8.339820 0.392340 0.000000
rs0794 8.339820 0.392340 -0.130780
rs0797 8.895640 0.032690 0.000000
rs0798 8.895640 0.032690 0.163480
rs0799 7.620530 0.751990 0.000000
rs0800 8.274430 0.392340 0.196170
rs0802 8.012870 0.359650 0.000000
rs0804 7.718620 0.588510 -0.065390
rs0805 7.358970 0.784680 0.000000
rs0806 8.797550 0.098090 0.163480
rs0808 7.358970 0.948160 0.000000
rs0809 8.928330 inf 0.425040
rs0810 7.620530 0.686600 0.000000
rs0811 8.895640 0.032690 0.163470
rs0812 8.895640 0.032690 0.000000
rs0815 7.784010 0.588510 0.588510
rs0818 8.045570 0.392340 0.000000
rs0823 8.961030 inf 0.163470
rs0828 8.241740 0.425030 0.000000
rs0829 8.928330 0.000000 0.196170
rs0830 8.405210 0.326950 0.000000
rs0831 8.830250 0.065390 0.425030
rs0832 8.012870 0.392340 0.000000
rs0833 8.732160 0.130780 -0.065390
rs0834 8.732160 0.098090 0.000000
rs0836 8.797550 0.065390 -0.130780
rs0838 8.830250 0.065390 0.000000
rs0839 8.928330 inf 0.228860
rs0840 8.307130 0.359640 0.000000
rs0842 7.489750 0.784680 -0.098090
rs0843 8.699470 0.098080 0.000000
rs0845 8.666770 0.196170 0.130780
rs0846 8.568690 0.130780 0.000000
rs0847 8.797550 0.065390 0.228870
rs0850 8.830250 0.065390 0.000000
rs0853 8.372520 0.359640 0.228860
rs0854 8.241740 0.326950 0.000000
rs0855 8.699470 0.098080 0.163480
rs0856 8.961030 inf 0.000000
rs0860 7.358970 0.948160 0.425030
rs0865 8.895640 0.032690 0.000000
rs0866 8.732160 0.065390 0.098080
rs0868 8.699470 0.098080 0.000000
rs0869 8.307130 0.326950 -0.065400
rs0871 8.470600 0.326950 0.000000
rs0872 8.143650 0.359650 0.228860
rs0873 8.895640 0.032690 0.000000
rs0875 8.372520 0.425030 0.294260
rs0879 8.732160 0.098090 0.000000
rs0880 8.666770 0.098090 0.196170
rs0882 7.358970 0.948160 0.000000
rs0886 7.358970 0.948160 0.130780
rs0887 8.797550 0.065390 0.000000
rs0889 7.358970 0.948160 0.098080
rs0891 8.732160 0.098090 0.000000
rs0892 8.535990 0.098090 -0.065400
rs0893 8.045570 0.392340 0.000000
rs0896 7.358970 0.948160 0.098090
rs0897 8.437910 0.392340 0.000000
rs0899 7.358970 0.948160 0.098090
rs0900 7.358970 0.948160 0.000000
rs0901 7.489750 0.850070 0.163480
rs0906 8.012870 0.392340 0.000000
rs0907 8.307130 0.326950 0.130780
rs0909 8.274430 0.392340 0.000000
rs0916 8.274430 0.392340 0.196170
rs0919 7.555140 0.784680 0.000000
rs0920 8.176350 0.392340 0.065390
rs0921 8.895640 0.032690 0.000000
rs0922 8.274430 0.163480 -0.098090
rs0923 7.522450 0.751980 0.000000
rs0927 7.358970 0.817380 0.425040
rs0930 7.980180 0.392340 0.000000
rs0932 7.457060 0.817370 0.130780
rs0933 7.358970 0.980850 0.000000
rs0934 8.339820 0.425040 0.425030
rs0935 8.307130 0.196170 0.000000
rs0944 8.110960 0.457730 0.457730
rs0945 8.372520 0.392340 0.000000
rs0946 8.339820 0.425040 0.098090
rs0948 8.503300 0.130780 0.000000
rs0950 8.110960 0.392340 0.098090
rs0951 8.797550 0.032700 0.000000
rs0953 8.961030 inf 0.425040
rs0954 7.358970 0.948160 0.000000
rs0957 7.424360 0.784680 0.130780
rs0958 8.732160 0.098090 0.000000
rs0959 7.391660 0.882770 0.228860
rs0960 7.358970 0.882770 0.000000
rs0962 8.568690 0.130780 0.130780
rs0965 8.895640 0.032690 0.000000
rs0966 7.358970 0.948160 0.425040
rs0967 8.437910 0.392340 0.000000
rs0968 7.522450 0.784680 0.261560
rs0970 8.732160 0.065390 0.000000
rs0974 8.961030 inf 0.457730
rs0976 7.424360 0.817380 0.000000
rs0977 7.358970 0.882770 0.098080
rs0978 8.634080 0.228860 0.000000
rs0979 7.555140 0.751990 0.098090
rs0980 8.928330 inf 0.000000
rs0981 8.045570 0.425030 0.098090
rs0982 7.358970 0.850070 0.000000
rs0983 8.045570 0.392340 0.196170
rs0984 8.437910 0.359640 0.000000
rs0985 8.110960 0.392340 0.359640
rs0986 7.587840 0.751980 0.000000
rs0989 8.699470 0.098080 0.196170
rs0991 8.895640 0.032690 0.000000
rs0995 8.830250 0.065390 0.457730
rs0996 7.751310 0.588510 0.000000
rs0997 8.634080 0.130780 0.032690
rs0999 8.110960 0.392340 0.000000
rs1000 8.830250 0.065390 0.228870
rs1001 8.307130 0.359640 0.000000
rs1002 8.372520 0.392340 0.425040
rs1003 8.372520 0.326950 0.000000
rs1004 8.961030 inf 0.392340
rs1005 8.895640 0.032690 0.000000
rs1010 8.961030 inf 0.326950
rs1014 7.424360 0.784680 0.000000
rs1016 8.961030 inf 0.392340
rs1017 7.489750 0.784680 0.000000
rs1020 7.424360 0.850070 0.392340
rs1021 8.078260 0.425040 0.000000
rs1023 8.895640 0.032690 -0.163480
rs1025 8.961030 inf 0.000000
rs1028 8.405210 0.392340 -0.130780
rs1029 8.274430 0.392340 0.000000
rs1030 7.457060 0.817370 0.163470
rs1031 8.209040 0.425040 0.000000
rs1032 7.980180 0.392340 -0.130780
rs1034 8.143650 0.392340 0.000000
rs1035 8.045570 0.359640 0.261560
rs1036 8.862940 0.000000 0.000000
rs1038 8.012870 0.392340 0.130780
rs1040 7.980180 0.425030 0.000000
rs1041 7.358970 0.882770 0.130780
rs1043 7.358970 0.948160 0.000000
rs1045 8.339820 0.392340 0.196170
rs1046 8.732160 0.130780 0.000000
rs1047 8.045570 0.326950 0.163480
rs1048 8.928330 inf 0.000000
rs1049 8.862940 0.065390 -0.130780
rs1050 7.358970 0.948160 0.000000
rs1052 8.307130 0.326950 0.163480
rs1053 8.470600 0.098090 0.000000
rs1054 7.620530 0.686600 0.098080
rs1055 8.012870 0.425040 0.000000
rs1057 8.961030 inf -0.130780
rs1058 8.666770 0.130780 0.000000
rs1059 8.797550 0.065390 0.098090
rs1060 7.391660 0.784690 0.000000
rs1062 8.928330 inf 0.261560
rs1065 8.307130 0.392340 0.000000
rs1068 8.437910 0.359640 -0.130780
rs1070 8.274430 0.326950 0.000000
rs1072 8.241740 0.359640 -0.130780
rs1073 8.568690 0.196170 0.000000
rs1074 8.078260 0.392340 0.392340
rs1075 8.961030 inf 0.000000
rs1076 8.699470 0.163470 -0.130780
rs1077 7.980180 0.392340 0.000000
rs1078 8.666770 0.130780 0.425030
rs1079 8.797550 0.065390 0.000000
rs1080 8.601380 0.228870 0.163470
rs1081 8.274430 0.392340 0.000000
rs1082 8.862940 0.065390 0.130780
rs1083 8.470600 0.326950 0.000000
rs1084 8.339820 0.425040 -0.130780
rs1086 7.358970 0.915460 0.000000
rs1087 8.601380 0.228870 0.163480
rs1088 8.503300 0.294250 0.000000
rs1091 8.830250 0.032690 0.098080
rs1092 8.928330 inf 0.000000
rs1093 8.862940 0.032700 0.130780
rs1098 8.176350 0.392340 0.000000
rs1100 8.634080 0.098080 0.425040
rs1102 7.358970 0.948160 0.000000
rs1103 7.980180 0.326950 0.130780
rs1104 8.437910 0.326950 0.000000
rs1105 8.012870 0.425040 -0.032690
rs1106 8.830250 0.065390 0.000000
rs1108 7.358970 0.980850 -0.130780
rs1109 7.358970 0.948160 0.000000
rs1110 8.568690 0.130780 0.130780
rs1111 7.358970 0.948160 0.000000
rs1112 7.358970 0.882770 0.163480
rs1113 7.391660 0.882770 0.000000
rs1114 7.358970 0.784680 0.196170
rs1116 8.241740 0.098080 0.000000
rs1117 7.358970 0.948160 0.098090
rs1118 8.862940 0.065390 0.000000
rs1119 7.685920 0.686600 0.196170
rs1120 7.358970 0.948160 0.000000
rs1121 8.176350 0.130780 0.523120
rs1122 7.358970 0.784680 0.000000
rs1123 8.928330 inf 0.163480
rs1124 8.143650 0.425040 0.000000
rs1125 8.503300 0.098080 0.392340
rs1126 7.980180 0.457730 0.000000
rs1128 8.078260 0.359650 0.359640
rs1129 7.358970 0.948160 0.000000
rs1131 8.961030 inf 0.032700
rs1132 7.424360 0.850070 0.000000
rs1134 7.358970 0.948160 0.098090
rs1135 7.587840 0.719290 0.000000
rs1137 8.405210 0.392340 0.359640
rs1142 8.078260 0.425040 0.000000
rs1143 7.555140 0.751990 0.098090
rs1145 8.339820 0.425040 0.000000
rs1146 8.928330 inf 0.294260
rs1147 7.522450 0.784680 0.000000
rs1149 7.358970 1.013550 0.261560
rs1150 7.358970 0.850070 0.000000
rs1151 8.274430 0.392340 0.163480
rs1152 8.961030 inf 0.000000
rs1154 8.405210 0.425040 0.326950
rs1156 7.980180 0.457730 0.000000
rs1157 7.358970 0.948160 0.425030
rs1159 7.980180 0.359640 0.000000
rs1162 7.358970 0.948160 -0.065390
rs1163 7.358970 1.013550 0.000000
rs1164 7.358970 0.850070 0.098080
rs1165 7.489750 0.817380 0.000000
rs1166 7.358970 0.948160 0.457730
rs1168 8.961030 inf 0.000000
rs1169 8.732160 0.098090 0.163480
rs1170 8.274430 0.359650 0.000000
rs1171 8.372520 0.425030 -0.130780
rs1172 7.489750 0.784680 0.000000
rs1174 8.732160 0.032700 0.490420
rs1176 7.457060 0.817370 0.000000
rs1178 8.634080 0.130780 0.490420
rs1179 8.372520 0.359640 0.000000
rs1182 8.634080 0.130780 0.425030
rs1183 8.764860 0.065390 0.000000
rs1184 8.078260 0.392340 0.196170
rs1185 8.601380 0.130780 0.000000
rs1186 8.895640 0.000000 0.130780
rs1187 7.358970 0.980850 0.000000
rs1188 7.522450 0.751980 0.130780
rs1190 8.797550 0.032700 0.000000
rs1191 8.830250 0.032690 0.457730
rs1192 7.555140 0.751990 0.000000
rs1193 7.685920 0.719290 0.163480
rs1195 8.372520 0.392340 0.000000
rs1197 8.961030 inf -0.065390
rs1198 8.307130 0.326950 0.000000
rs1200 7.980180 0.392340 0.130780
rs1202 8.045570 0.457730 0.000000
rs1205 8.928330 inf -0.130780
rs1206 8.699470 -0.032700 0.000000
rs1207 8.895640 0.032690 -0.130780
rs1208 7.751310 0.588510 0.000000
rs1209 8.307130 0.359640 0.523120
rs1210 8.634080 0.130780 0.000000
rs1211 8.928330 inf 0.163480
rs1212 8.339820 0.425040 0.000000
rs1213 8.830250 0.065390 0.392340
rs1214 7.358970 0.948160 0.000000
rs1217 8.928330 inf 0.261560
rs1220 8.797550 0.065390 0.000000
rs1229 7.358970 0.948160 -0.130780
rs1236 8.078260 0.425040 0.000000
rs1238 8.797550 0.065390 0.392340
rs1242 8.862940 0.065390 0.000000
rs1245 7.980180 0.359640 0.261560
rs1248 8.928330 inf 0.000000
rs1254 8.928330 inf 0.163470
rs1257 7.620530 0.686600 0.000000
rs1258 8.601380 0.098090 0.196170
rs1259 8.143650 0.359650 0.000000
rs1260 8.078260 0.392340 0.359640
rs1261 8.045570 0.392340 0.000000
rs1262 7.980180 0.457730 0.490430
rs1263 7.555140 0.751990 0.000000
rs1264 7.980180 0.392340 0.196170
rs1265 8.372520 0.425030 0.000000
rs1266 8.372520 0.359640 0.261560
rs1267 8.961030 inf 0.000000
rs1269 7.391660 0.850080 0.196170
rs1270 8.241740 0.359640 0.000000
rs1276 8.078260 0.392340 0.130780
rs1278 8.797550 0.065390 0.000000
rs1280 7.358970 1.078940 0.098090
rs1281 7.849400 0.490420 0.000000
rs1282 8.732160 0.065390 -0.065400
rs1283 8.012870 0.425040 0.000000
rs1284 7.587840 0.686590 0.163480
rs1285 8.078260 0.425040 0.000000
rs1286 8.535990 0.130780 0.163470
rs1289 7.816700 0.555820 0.000000
rs1290 7.751310 0.555820 0.261560
rs1291 8.274430 0.359650 0.000000
rs1292 8.568690 0.163470 0.163480
rs1293 8.568690 0.130780 0.000000
rs1294 8.928330 inf 0.261560
rs1295 7.358970 0.882770 0.000000
rs1296 7.391660 0.817380 -0.130780
rs1297 7.849400 0.490420 0.000000
rs1298 7.980180 0.425030 0.196170
rs1299 7.391660 0.850080 0.000000
rs1300 8.862940 0.065390 -0.098090
rs1301 8.928330 inf 0.000000
rs1302 7.391660 0.850080 -0.098090
rs1303 8.307130 0.392340 0.000000
rs1304 7.587840 0.686590 0.130780
rs1310 8.241740 0.392340 0.000000
rs1337 7.358970 0.948160 0.196170
rs1359 8.078260 0.392340 0.000000
rs1364 7.358970 0.948160 0.457730
rs1368 8.535990 0.098090 0.000000
rs1437 8.535990 0.163480 0.490420
rs1518 8.830250 0.065390 0.000000
