rf0001 8.236930 0.105480 0.000000
rf0003 8.355600 0.520830 0.098900
rf0006 8.316040 0.171410 0.000000
rf0007 8.606120 0.151640 0.019780
rf0008 9.041250 0.006590 0.000000
rf0010 8.236930 0.125260 0.065930
rf0011 8.368780 0.145040 0.000000
rf0014 8.236930 0.118670 0.145040
rf0015 8.962140 -0.006600 0.000000
rf0017 8.250110 0.125260 0.072520
rf0019 8.157810 0.171410 0.000000
rf0020 8.362190 0.230750 0.072530
rf0023 8.217150 0.125260 0.000000
rf0024 8.368780 0.250530 0.072520
rf0028 8.236930 0.125260 0.000000
rf0029 8.309450 0.112070 0.079120
rf0030 8.362190 0.290080 0.000000
rf0031 8.935770 0.000000 0.586770
rf0032 8.401750 0.217560 0.000000
rf0033 8.223740 0.125260 0.059330
rf0034 8.157810 0.164820 0.000000
rf0040 8.935770 -0.006600 0.085710
rf0042 8.151220 0.204380 0.000000
rf0043 8.935770 0.006590 0.059340
rf0045 8.157810 0.131860 0.000000
rf0048 8.236930 0.118670 0.072520
rf0049 8.184180 0.145040 0.000000
rf0051 8.085290 0.171410 0.052740
rf0053 8.210550 0.112080 0.000000
rf0058 8.329220 0.131860 0.065930
rf0059 8.395150 0.105490 0.000000
rf0060 8.243520 0.118670 0.072520
rf0061 8.388560 0.204380 0.000000
rf0062 8.408340 0.204380 0.059340
rf0064 8.111660 0.151640 0.000000
rf0065 8.236930 0.131850 0.415350
rf0068 8.105070 0.145040 0.000000
rf0071 8.935770 0.006590 0.032970
rf0072 8.058920 0.151630 0.000000
rf0073 8.263300 0.151630 0.085710
rf0074 8.606120 0.145050 0.000000
rf0076 8.236930 0.131850 0.065930
rf0077 8.230330 0.112080 0.000000
rf0079 8.269890 0.112080 0.580170
rf0083 8.236930 0.125260 0.000000
rf0084 8.289670 0.125260 0.052740
rf0092 8.975320 0.013190 0.000000
rf0098 8.355600 0.336230 0.415350
rf0099 8.250110 0.105490 0.000000
rf0102 8.197370 0.145040 0.065930
rf0104 8.111660 0.145040 0.000000
rf0106 8.388560 0.145040 0.072530
rf0107 8.210550 0.125270 0.000000
rf0108 8.138030 0.138450 0.065930
rf0109 8.335820 0.217560 0.000000
rf0110 8.091880 0.164820 0.059340
rf0111 8.309450 0.276900 0.000000
rf0117 8.447900 0.039550 0.085700
rf0118 8.144630 0.138440 0.000000
rf0119 8.217150 0.112070 0.072520
rf0120 7.999580 0.145050 0.000000
rf0122 8.151220 0.151630 0.085700
rf0125 8.368780 0.448310 0.000000
rf0126 9.001690 0.000000 0.059340
rf0128 8.375370 0.158230 0.000000
rf0129 8.322630 0.092300 0.065930
rf0132 8.421520 0.164830 0.000000
rf0134 8.302850 0.270310 0.006590
rf0141 8.118250 0.151640 0.000000
rf0143 8.309450 0.092300 0.059330
rf0145 8.395150 0.237350 0.000000
rf0147 8.606120 0.296680 0.052750
rf0150 8.362190 0.534020 0.000000
rf0154 8.138030 0.158230 0.065930
rf0155 8.388560 0.329640 0.000000
rf0156 8.335820 0.560390 0.323050
rf0157 8.072100 0.191200 0.000000
rf0160 8.309450 0.296670 0.085710
rf0164 8.342410 0.501060 0.000000
rf0165 8.263300 0.092300 0.065930
rf0167 8.302850 0.435130 0.000000
rf0169 8.236930 0.118670 0.184600
rf0170 8.612720 0.224150 0.000000
rf0171 8.217150 0.725210 0.065930
rf0172 8.329220 0.079120 0.000000
rf0173 8.342410 0.421940 0.065930
rf0175 8.263300 0.098890 0.000000
rf0176 8.276480 0.375790 0.065930
rf0177 8.381970 0.105480 0.000000
rf0179 8.236930 0.112070 0.079120
rf0180 8.283070 0.098900 0.000000
rf0181 8.263300 0.276900 0.065930
rf0191 8.362190 0.369200 0.000000
rf0192 8.309450 0.125260 0.323050
rf0193 8.375370 0.428540 0.000000
rf0195 8.316040 0.290080 0.059340
rf0197 8.289670 0.112080 0.000000
rf0199 8.197370 0.118670 0.065930
rf0201 8.164400 0.145050 0.000000
rf0204 8.223740 0.131860 0.072520
rf0205 8.362190 0.474680 0.000000
rf0206 8.639090 0.210970 0.059330
rf0207 8.236930 0.131850 0.000000
rf0209 8.329220 0.672470 0.065930
rf0210 8.388560 0.079110 0.000000
rf0216 8.316040 0.309860 0.079110
rf0217 8.935770 0.026370 0.000000
rf0218 8.388560 0.263710 0.065930
rf0223 8.362190 0.408760 0.000000
rf0226 8.250110 0.085710 0.065930
rf0227 8.283070 0.098900 0.000000
rf0229 8.283070 0.501060 0.065930
rf0234 8.342410 0.296680 0.000000
rf0236 8.236930 0.118670 0.059340
rf0237 8.375370 0.454910 0.000000
rf0238 8.263300 0.131850 0.072530
rf0241 8.058920 0.197780 0.000000
rf0242 8.599530 0.065930 0.065930
rf0245 8.381970 0.435120 0.000000
rf0246 8.058920 0.230750 0.072520
rf0247 8.223740 0.118670 0.000000
rf0249 8.962140 0.013180 0.065930
rf0250 8.138030 0.164820 0.000000
rf0251 8.296260 0.085710 0.072520
rf0252 8.203960 0.145040 0.000000
rf0256 8.368780 0.448310 0.026370
rf0257 8.164400 0.138450 0.000000
rf0258 8.355600 0.243930 0.474680
rf0259 8.322630 0.131860 0.000000
rf0262 8.105070 0.138450 0.079110
rf0263 8.256700 0.112080 0.000000
rf0264 8.342410 0.369200 0.065930
rf0265 8.164400 0.151640 0.000000
rf0266 8.072100 0.178010 0.013180
rf0267 8.289670 0.092300 0.000000
rf0268 8.243520 0.118670 0.059330
rf0269 8.236930 0.191190 0.000000
rf0272 8.236930 0.151630 0.072520
rf0273 8.124850 0.158220 0.000000
rf0280 8.230330 0.112080 0.072520
rf0283 8.368780 0.520840 0.000000
rf0284 8.164400 0.138450 0.013180
rf0292 8.362190 0.461500 0.000000
rf0294 8.335820 0.388980 0.052740
rf0296 8.322630 0.230750 0.000000
rf0297 8.190780 0.178000 0.013190
rf0298 8.296260 0.092300 0.000000
rf0299 8.243520 0.131850 0.052740
rf0300 8.316040 0.092300 0.000000
rf0302 8.935770 -0.006600 0.032960
rf0303 8.256700 0.118670 0.000000
rf0305 8.302850 0.125270 0.032970
rf0306 8.217150 0.105480 0.000000
rf0314 8.144630 0.158220 0.059330
rf0316 8.362190 0.415350 0.000000
rf0318 8.111660 0.257120 0.059340
rf0320 8.217150 0.118670 0.000000
rf0322 8.296260 0.171410 0.052740
rf0323 8.342410 0.191190 0.000000
rf0326 8.203960 0.151640 0.065930
rf0328 8.368780 0.230750 0.000000
rf0331 8.381970 0.145040 0.052740
rf0332 8.190780 0.158220 0.000000
rf0333 8.342410 0.428540 0.079120
rf0335 8.131440 0.138450 0.000000
rf0338 8.289670 0.131850 0.079120
rf0339 8.362190 0.501050 0.000000
rf0340 8.223740 0.105480 0.039560
rf0341 8.606120 0.323050 0.000000
rf0342 8.388560 0.105490 0.065920
rf0343 8.606120 0.118680 0.000000
rf0348 9.001690 0.000000 0.052740
rf0351 8.263300 0.112070 0.000000
rf0354 8.269890 0.323050 0.065930
rf0358 8.171000 0.145040 0.000000
rf0360 8.263300 0.224150 0.059330
rf0363 8.138030 0.158230 0.000000
rf0364 8.283070 0.184600 0.072520
rf0365 8.388560 0.092300 0.000000
rf0366 8.263300 0.118670 0.065930
rf0367 8.243520 0.184600 0.000000
rf0368 8.223740 0.112080 0.065920
rf0370 8.302850 0.118670 0.000000
rf0374 8.236930 0.105480 0.065930
rf0376 8.441300 0.059340 0.000000
rf0378 8.355600 0.375790 0.046150
rf0381 8.230330 0.171420 0.000000
rf0383 8.329220 0.342830 0.079120
rf0385 8.335820 0.092300 0.000000
rf0386 8.329220 0.388980 0.006590
rf0387 8.342410 0.395570 0.000000
rf0388 8.362190 0.580170 0.052740
rf0391 8.263300 0.131850 0.000000
rf0392 8.124850 0.151630 0.072520
rf0393 8.236930 0.138440 0.000000
rf0395 8.948950 0.006590 0.065930
rf0396 8.606120 0.204380 0.000000
rf0398 8.362190 0.441720 0.059330
rf0399 8.381970 0.118670 0.000000
rf0400 9.047840 0.000000 0.079110
rf0401 8.039140 0.151640 0.000000
rf0403 8.256700 0.131860 0.046150
rf0412 8.276480 0.098890 0.000000
rf0413 8.263300 0.098890 0.105490
rf0415 8.368780 0.217570 0.000000
rf0417 8.935770 0.032960 0.079120
rf0418 8.428120 0.257120 0.000000
rf0419 8.105070 0.171410 0.032960
rf0425 8.316040 0.257120 0.000000
rf0426 7.992990 0.131860 0.098890
rf0427 8.329220 0.197790 0.000000
rf0428 8.223740 0.131860 0.052740
rf0430 8.203960 0.237340 0.000000
rf0431 8.124850 0.158220 0.659290
rf0432 8.316040 0.098890 0.000000
rf0433 8.283070 0.105490 0.039560
rf0434 8.164400 0.171420 0.000000
rf0436 8.164400 0.164820 0.052740
rf0439 7.973210 0.145040 0.000000
rf0441 8.111660 0.158230 0.072520
rf0443 8.243520 0.158230 0.000000
rf0448 8.342410 0.085710 0.065920
rf0450 8.902800 0.006590 0.000000
rf0452 8.388560 0.290090 0.052740
rf0453 8.329220 0.118680 0.000000
rf0454 8.322630 0.131860 0.059340
rf0455 8.349000 0.626320 0.000000
rf0456 8.362190 0.151630 0.072530
rf0459 8.151220 0.145040 0.000000
rf0460 8.606120 0.224160 -0.013190
rf0461 8.171000 0.197780 0.000000
rf0462 8.157810 0.131860 0.065930
rf0463 8.375370 0.501060 0.000000
rf0464 8.065510 0.191190 0.079120
rf0465 8.230330 0.131860 0.000000
rf0466 8.309450 0.178000 0.151630
rf0467 8.368780 0.131860 0.000000
rf0471 8.263300 0.131850 0.013190
rf0473 8.342410 0.276900 0.000000
rf0474 8.217150 0.118670 0.065930
rf0476 8.243520 0.125260 0.000000
rf0477 8.296260 0.118670 0.072520
rf0478 8.269890 0.454910 0.000000
rf0479 8.184180 0.125270 0.323050
rf0480 8.263300 0.131850 0.000000
rf0482 8.408340 0.138450 0.065930
rf0485 7.946840 0.184600 0.000000
rf0487 8.236930 0.112070 0.059330
rf0488 8.309450 0.151630 0.000000
rf0496 8.171000 0.151630 0.065930
rf0497 8.098480 0.290080 0.000000
rf0498 7.999580 0.138450 0.006590
rf0499 8.236930 0.112070 0.000000
rf0500 8.296260 0.428540 0.065920
rf0503 8.428120 0.052740 0.000000
rf0505 8.223740 0.125260 0.065930
rf0507 8.283070 0.131860 0.000000
rf0510 8.843470 0.032960 0.079110
rf0511 8.329220 0.145050 0.000000
rf0513 8.355600 0.428530 0.065930
rf0518 8.236930 0.171410 0.000000
rf0524 8.190780 0.125260 0.065920
rf0545 8.223740 0.105480 0.000000
rf0583 8.091880 0.151640 0.052740
rf0591 8.335820 0.250530 0.000000
rf0607 8.309450 0.125260 0.059330
rf0622 8.124850 0.151630 0.000000
rf0630 8.006180 0.138450 0.059330
rf0632 8.065510 0.138450 0.000000
rf0642 8.065510 0.171420 0.065930
rf0644 7.999580 0.164820 0.000000
rf0663 8.058920 0.145040 0.072520
rf0684 8.329220 0.415350 0.000000
rf0693 8.065510 0.178010 0.065930
rf0695 8.256700 0.125270 0.000000
rf0701 8.184180 0.138450 0.065930
rf0707 8.276480 0.085710 0.000000
rf0713 8.164400 0.125270 0.065930
rf0730 8.335820 0.098890 0.000000
rf0739 8.289670 0.191190 0.098890
rf0745 7.973210 0.230750 0.000000
rf0783 8.223740 0.131860 0.000000
rf0795 8.210550 0.138450 0.000000
rs0001 8.203960 0.138450 0.065920
rs0002 8.302850 0.092300 0.000000
rs0003 8.263300 0.125260 0.046150
rs0010 8.381970 0.085700 0.000000
rs0011 8.256700 0.138450 0.059340
rs0012 8.243520 0.125260 0.000000
rs0013 8.243520 0.105480 0.098890
rs0017 8.606120 0.210970 0.000000
rs0019 8.935770 0.019770 0.046150
rs0020 8.236930 0.158220 0.000000
rs0023 8.243520 0.606540 0.065930
rs0030 8.316040 0.151630 0.000000
rs0035 8.098480 0.171410 0.065930
rs0038 8.362190 0.323050 0.000000
rs0039 8.236930 0.112070 0.072520
rs0041 8.316040 0.296680 0.000000
rs0042 8.250110 0.507650 0.356020
rs0045 8.329220 0.197790 0.000000
rs0046 8.368780 0.507650 0.065920
rs0047 8.091880 0.158230 0.000000
rs0048 8.322630 0.454910 0.072520
rs0050 8.368780 0.454910 0.000000
rs0051 8.368780 0.309870 0.092300
rs0052 8.302850 0.237350 0.000000
rs0054 8.203960 0.112080 0.052750
rs0062 8.236930 0.112070 0.000000
rs0063 8.454490 0.065930 0.039560
rs0064 8.368780 0.428540 0.000000
rs0065 8.335820 0.151630 0.065930
rs0068 8.263300 0.118670 0.000000
rs0070 8.236930 0.118670 0.092300
rs0077 9.008290 -0.006600 0.000000
rs0081 8.236930 0.118670 0.072520
rs0082 8.230330 0.178010 0.000000
rs0083 8.184180 0.178010 0.065930
rs0084 8.335820 0.112080 0.000000
rs0085 8.329220 0.171420 0.072520
rs0087 8.250110 0.356010 0.000000
rs0088 8.210550 0.118670 0.052740
rs0089 8.362190 0.441720 0.000000
rs0090 8.223740 0.105480 0.085710
rs0092 8.236930 0.112070 0.000000
rs0093 8.322630 0.507650 0.065930
rs0094 8.283070 0.092300 0.000000
rs0095 8.098480 0.178000 0.052740
rs0096 8.362190 0.481280 0.000000
rs0097 8.184180 0.131860 0.065930
rs0098 8.349000 0.197790 0.000000
rs0099 8.171000 0.131850 0.072520
rs0103 8.381970 0.329640 0.000000
rs0104 8.342410 0.514240 0.019780
rs0105 8.335820 0.112080 0.000000
rs0106 8.138030 0.145040 0.079110
rs0111 8.223740 0.131860 0.000000
rs0113 8.929170 -0.006590 0.052740
rs0118 8.296260 0.098890 0.000000
rs0120 8.362190 0.230750 0.059340
rs0121 8.322630 0.415350 0.000000
rs0122 8.177590 0.138450 0.191190
rs0123 8.375370 0.448320 0.000000
rs0124 8.236930 0.178000 0.448310
rs0126 8.362190 0.388980 0.000000
rs0127 8.276480 0.125270 0.065930
rs0128 8.375370 0.487870 0.000000
rs0129 9.034660 0.006590 0.059340
rs0130 8.269890 0.171410 0.000000
rs0132 8.039140 0.131860 0.072520
rs0133 8.375370 0.421950 0.000000
rs0134 8.606120 0.204380 0.079120
rs0135 8.368780 0.296680 0.000000
rs0137 8.368780 0.118670 0.065930
rs0138 8.236930 0.118670 0.000000
rs0140 8.098480 0.178000 0.059330
rs0141 8.283070 0.105490 0.000000
rs0143 8.368780 0.527430 0.059340
rs0145 8.309450 0.514240 0.000000
rs0146 8.217150 0.145040 0.065930
rs0147 8.368780 0.138450 0.000000
rs0148 8.935770 0.019770 0.039560
rs0149 8.276480 0.098890 0.000000
rs0150 8.309450 0.118670 0.085710
rs0153 8.896210 -0.006590 0.000000
rs0154 8.131440 0.164820 0.072520
rs0156 8.223740 0.131860 0.000000
rs0158 8.144630 0.151630 0.079120
rs0163 8.362190 0.323050 0.000000
rs0165 8.276480 0.105490 0.059330
rs0166 8.381970 0.270300 0.000000
rs0167 8.197370 0.118670 0.052750
rs0168 8.151220 0.145040 0.000000
rs0170 8.256700 0.112080 0.065930
rs0171 8.250110 0.118670 0.000000
rs0172 8.349000 0.085710 0.052740
rs0174 8.269890 0.118670 0.000000
rs0175 8.368780 0.197790 0.072520
rs0178 8.190780 0.138440 0.000000
rs0179 8.329220 0.257130 0.046150
rs0180 8.362190 0.171410 0.000000
rs0182 8.362190 0.507650 0.059340
rs0183 8.606120 0.257120 0.000000
rs0184 8.236930 0.145040 0.032970
rs0185 8.381970 0.349420 0.000000
rs0188 8.942360 0.032960 0.065930
rs0189 8.381970 0.408750 0.000000
rs0192 8.421520 0.138450 0.065930
rs0193 8.322630 0.303270 0.000000
rs0195 8.355600 0.441720 0.105490
rs0200 8.461080 0.006590 0.000000
rs0201 9.008290 0.006590 0.586760
rs0203 8.975320 -0.013180 0.000000
rs0206 8.935770 -0.019780 0.079110
rs0209 8.625900 0.184600 0.000000
rs0210 8.236930 0.164820 0.019780
rs0211 8.362190 0.613130 0.000000
rs0212 8.236930 0.125260 0.059340
rs0215 8.236930 0.138440 0.000000
rs0218 8.250110 0.118670 0.224150
rs0220 8.223740 0.125260 0.000000
rs0221 8.362190 0.362610 0.072520
rs0224 8.362190 0.283490 0.000000
rs0225 8.322630 0.303270 0.072520
rs0226 8.256700 0.125270 0.000000
rs0227 8.362190 0.487870 0.065930
rs0228 8.269890 0.118670 0.000000
rs0231 8.289670 0.112080 0.065930
rs0236 8.171000 0.131850 0.000000
rs0237 8.843470 0.052740 0.052740
rs0240 9.054440 0.000000 0.000000
rs0241 8.289670 0.098890 0.309870
rs0242 8.302850 0.085710 0.000000
rs0243 8.764350 0.072520 0.013190
rs0246 8.138030 0.164820 0.000000
rs0247 8.091880 0.164820 0.052740
rs0250 8.349000 0.382390 0.000000
rs0251 8.250110 0.138450 0.065930
rs0255 8.197370 0.158230 0.000000
rs0256 8.230330 0.131860 0.072520
rs0257 8.263300 0.112070 0.000000
rs0259 8.395150 0.250530 0.059330
rs0260 8.342410 0.566980 0.000000
rs0262 8.236930 0.131850 0.072520
rs0263 8.606120 0.217570 0.000000
rs0264 8.223740 0.105480 0.065930
rs0267 8.606120 0.178010 0.000000
rs0268 8.606120 0.178010 0.065930
rs0269 8.190780 0.138440 0.000000
rs0270 8.368780 0.520840 0.079110
rs0273 8.283070 0.098900 0.000000
rs0274 8.368780 0.184600 0.072520
rs0275 8.283070 0.105490 0.000000
rs0276 8.269890 0.105480 0.059330
rs0277 8.236930 0.131850 0.000000
rs0280 8.368780 0.468090 0.065920
rs0282 8.606120 0.098900 0.000000
rs0283 8.381970 0.118670 0.052740
rs0284 8.322630 0.158230 0.000000
rs0288 8.309450 0.665870 0.059330
rs0289 8.342410 0.118670 0.000000
rs0290 8.210550 0.164820 0.059340
rs0297 8.236930 0.138440 0.000000
rs0303 8.091880 0.138450 0.079110
rs0306 8.342410 0.342830 0.000000
rs0308 8.296260 0.481280 0.323050
rs0313 8.335820 0.580170 0.000000
rs0314 8.269890 0.158230 0.039560
rs0316 8.375370 0.402170 0.000000
rs0318 8.058920 0.151630 0.079110
rs0320 8.606120 0.178010 0.000000
rs0323 8.375370 0.105490 0.079110
rs0325 8.454490 0.059330 0.000000
rs0328 8.329220 0.112080 0.019780
rs0330 8.164400 0.138450 0.000000
rs0331 8.355600 0.118670 0.085710
rs0334 8.329220 0.138450 0.000000
rs0336 8.269890 0.217560 0.079120
rs0337 8.335820 0.197780 0.000000
rs0339 8.935770 0.013180 0.210970
rs0340 8.355600 0.237340 0.000000
rs0341 8.243520 0.125260 0.052750
rs0343 8.184180 0.290090 0.000000
rs0344 8.236930 0.131850 0.065930
rs0345 8.157810 0.138450 0.000000
rs0349 8.111660 0.158230 -0.019780
rs0350 8.329220 0.323050 0.000000
rs0354 8.197370 0.164820 0.059330
rs0358 8.355600 0.243930 0.000000
rs0363 8.210550 0.184600 0.072520
rs0364 8.236930 0.138440 0.000000
rs0365 8.236930 0.112070 0.065930
rs0367 8.322630 0.138450 0.000000
rs0371 8.381970 0.441720 0.085710
rs0372 8.131440 0.164820 0.000000
rs0373 8.316040 0.204380 0.072520
rs0374 8.157810 0.125260 0.000000
rs0376 8.309450 0.309860 0.065930
rs0377 8.243520 0.092300 0.000000
rs0380 8.203960 0.257120 0.092300
rs0384 8.276480 0.112080 0.000000
rs0386 8.190780 0.191190 0.065930
rs0389 8.151220 0.184600 0.000000
rs0391 8.322630 0.085710 0.072520
rs0392 8.164400 0.184600 0.000000
rs0393 8.368780 0.072520 0.072520
rs0394 8.124850 0.158220 0.000000
rs0401 8.368780 0.369200 0.072520
rs0408 8.190780 0.250520 0.000000
rs0409 8.349000 0.257120 0.065930
rs0410 8.184180 0.158230 0.000000
rs0411 8.236930 0.118670 0.059340
rs0416 8.184180 0.125270 0.000000
rs0417 8.236930 0.178000 0.059340
rs0418 8.276480 0.158230 0.000000
rs0419 8.276480 0.263720 0.079120
rs0420 8.381970 0.349420 0.000000
rs0421 8.236930 0.145040 0.059340
rs0422 8.164400 0.138450 0.000000
rs0423 8.197370 0.138450 0.072520
rs0424 8.236930 0.138440 0.000000
rs0425 8.329220 0.098900 0.072530
rs0427 8.283070 0.131860 0.000000
rs0428 8.309450 0.230750 0.065930
rs0429 8.236930 0.131850 0.000000
rs0430 8.236930 0.125260 0.065930
rs0432 8.032550 0.257120 0.000000
rs0433 8.296260 0.388980 0.046150
rs0435 8.236930 0.118670 0.000000
rs0437 8.217150 0.197780 0.072520
rs0442 8.184180 0.138450 0.000000
rs0444 8.236930 0.125260 0.072520
rs0449 8.606120 0.138450 0.000000
rs0452 8.355600 0.369200 0.065920
rs0453 9.021470 0.013190 0.000000
rs0454 8.362190 0.112080 0.349420
rs0456 8.316040 0.145040 0.000000
rs0458 8.276480 0.085710 0.079110
rs0460 8.197370 0.125260 0.000000
rs0463 8.507230 0.118670 0.052750
rs0467 8.223740 0.112080 0.000000
rs0468 8.269890 0.171410 0.092300
rs0469 8.230330 0.151640 0.000000
rs0470 8.131440 0.131860 0.072530
rs0472 8.236930 0.118670 0.000000
rs0473 8.124850 0.151630 0.092300
rs0476 8.362190 0.534020 0.000000
rs0477 8.144630 0.257120 0.072520
rs0480 8.296260 0.092300 0.000000
rs0485 8.236930 0.118670 0.072520
rs0492 8.177590 0.131860 0.000000
rs0493 8.177590 0.131860 0.079120
rs0494 8.381970 0.369200 0.000000
rs0495 8.236930 0.118670 0.059340
rs0496 8.362190 0.250530 0.000000
rs0505 8.329220 0.454910 0.059340
rs0508 8.236930 0.105480 0.000000
rs0512 8.342410 0.224160 0.092300
rs0516 8.223740 0.138450 0.000000
rs0517 8.329220 0.646100 0.052740
rs0519 8.263300 0.112070 0.000000
rs0520 8.322630 0.098890 0.072520
rs0521 8.309450 0.118670 0.000000
rs0522 8.362190 0.230750 0.072520
rs0524 8.210550 0.131860 0.000000
rs0526 8.289670 0.092300 0.052740
rs0528 8.368780 0.586760 0.000000
rs0529 8.276480 0.131860 0.059330
rs0531 9.014880 0.000000 0.000000
rs0532 8.316040 0.210970 0.059330
rs0534 8.283070 0.138450 0.000000
rs0536 8.223740 0.118670 0.072520
rs0538 8.362190 0.164820 0.000000
rs0541 8.935770 0.013180 0.065930
rs0542 8.124850 0.171410 0.000000
rs0543 8.164400 0.191200 0.065920
rs0545 8.236930 0.138440 0.000000
rs0546 8.428120 0.125260 0.065930
rs0548 8.151220 0.184600 0.000000
rs0549 8.309450 0.092300 0.085710
rs0553 8.263300 0.125260 0.000000
rs0554 8.935770 0.000000 0.052740
rs0555 8.362190 0.257120 0.000000
rs0556 7.992990 0.237340 0.105490
rs0559 8.223740 0.131860 0.000000
rs0560 8.375370 0.316460 0.059330
rs0562 8.164400 0.125270 0.000000
rs0564 8.368780 0.145040 0.065930
rs0566 8.210550 0.151640 0.000000
rs0568 8.276480 0.098890 0.065920
rs0571 8.111660 0.151640 0.000000
rs0572 8.368780 0.435130 0.065930
rs0573 8.269890 0.131860 0.000000
rs0574 8.935770 -0.006600 0.092300
rs0578 8.375370 0.468100 0.000000
rs0579 8.349000 0.329650 0.065920
rs0585 8.322630 0.178010 0.000000
rs0586 8.164400 0.131860 0.072520
rs0588 8.243520 0.224150 0.000000
rs0591 8.355600 0.461490 0.065930
rs0598 8.375370 0.388980 0.000000
rs0599 8.606120 0.250530 0.092300
rs0602 8.243520 0.092300 0.000000
rs0609 8.362190 0.191190 0.494470
rs0615 8.316040 0.263710 0.000000
rs0616 8.395150 0.435130 0.065930
rs0617 9.061030 inf 0.000000
rs0618 8.269890 0.197780 0.052740
rs0620 8.296260 0.145040 0.000000
rs0623 8.236930 0.118670 0.065930
rs0626 8.428120 0.079110 0.000000
rs0627 8.362190 0.461500 0.059340
rs0630 8.302850 0.125270 0.000000
rs0637 8.335820 0.323050 0.052740
rs0638 8.342410 0.586760 0.000000
rs0640 8.276480 0.349420 0.085710
rs0641 8.375370 0.309870 0.000000
rs0644 8.296260 0.197790 0.072520
rs0645 8.342410 0.217560 0.000000
rs0656 8.401750 0.164820 0.052740
rs0660 8.335820 0.553800 0.000000
rs0667 8.388560 0.323050 0.065920
rs0670 8.988510 0.019780 0.000000
rs0671 8.335820 0.085700 0.000000
rs0677 8.329220 0.362610 0.000000
rs0679 8.269890 0.171410 0.065930
rs0691 8.309450 0.461500 0.000000
rs0696 8.606120 0.336240 0.046150
rs0703 8.296260 0.092300 0.000000
rs0708 8.869840 0.032960 0.019780
rs0710 8.210550 0.118670 0.000000
rs0713 8.236930 0.158220 0.032960
rs0720 8.401750 0.125260 0.000000
rs0722 8.283070 0.158230 0.059330
rs0724 8.368780 0.501060 0.000000
rs0726 8.236930 0.125260 0.072520
rs0727 8.131440 0.382380 0.000000
rs0731 8.276480 0.112080 0.079120
rs0733 8.368780 0.468090 0.000000
rs0734 8.322630 0.118670 0.032970
rs0738 8.283070 0.085710 0.000000
rs0740 8.203960 0.105490 0.006590
rs0741 8.368780 0.448310 0.000000
rs0743 8.151220 0.131850 0.079120
rs0744 8.599530 0.085710 0.000000
rs0746 8.368780 0.270310 0.072520
rs0747 8.368780 0.481280 0.000000
rs0751 8.329220 0.619730 0.085710
rs0752 8.243520 0.243930 0.000000
rs0754 8.316040 0.296680 0.685660
rs0756 8.329220 0.112080 0.000000
rs0758 8.368780 0.402170 0.072530
rs0763 8.309450 0.145040 0.000000
rs0766 8.375370 0.184600 0.079110
rs0767 8.236930 0.131850 0.000000
rs0768 8.309450 0.085700 0.065930
rs0769 8.329220 0.112080 0.000000
rs0774 8.236930 0.112070 0.072520
rs0775 8.302850 0.125270 0.000000
rs0777 8.078700 0.178000 0.065920
rs0778 8.283070 0.105490 0.000000
rs0779 8.606120 0.204380 0.065930
rs0781 8.606120 0.230750 0.000000
rs0782 8.190780 0.131850 0.065920
rs0786 8.236930 0.125260 0.000000
rs0788 8.236930 0.118670 0.026370
rs0790 8.138030 0.158230 0.000000
rs0793 8.368780 0.204380 0.105490
rs0794 8.335820 0.435130 0.000000
rs0797 8.757760 0.072520 0.065930
rs0799 8.236930 0.138440 0.000000
rs0800 8.375370 0.217570 0.046150
rs0802 8.236930 0.125260 0.000000
rs0804 8.151220 0.151630 0.065920
rs0805 8.058920 0.164820 0.000000
rs0806 8.362190 0.276900 0.059340
rs0809 8.935770 0.006590 0.000000
rs0810 8.203960 0.131860 0.019780
rs0811 8.375370 0.316460 0.000000
rs0812 8.942360 0.006590 0.072520
rs0815 8.236930 0.125260 0.000000
rs0818 8.236930 0.125260 0.065930
rs0823 8.948950 0.013190 0.000000
rs0828 8.250110 0.125260 0.092300
rs0831 8.335820 0.580170 0.000000
rs0832 8.124850 0.191190 0.019780
rs0833 8.757760 0.052740 0.000000
rs0834 8.395150 0.184600 0.032960
rs0836 8.902800 0.000000 0.000000
rs0838 8.606120 0.257120 0.092300
rs0839 8.329220 0.481280 0.000000
rs0840 8.243520 0.112080 0.079110
rs0842 8.236930 0.112070 0.000000
rs0843 8.349000 0.237350 0.092300
rs0845 8.335820 0.421940 0.000000
rs0846 8.302850 0.105490 0.474680
rs0847 8.335820 0.441720 0.000000
rs0850 8.309450 0.323050 0.065930
rs0853 8.263300 0.131850 0.000000
rs0854 8.414930 0.204380 0.065930
rs0855 8.269890 0.270310 0.000000
rs0856 9.034660 0.006590 0.046150
rs0860 8.276480 0.646100 0.000000
rs0865 9.001690 0.006600 0.065930
rs0866 8.395150 0.276900 0.000000
rs0868 8.349000 0.224160 0.000000
rs0869 8.256700 0.145050 0.000000
rs0871 8.177590 0.164820 0.052750
rs0872 8.381970 0.178000 0.000000
rs0880 8.375370 0.217570 0.046150
rs0887 8.401750 0.230750 0.000000
rs0891 8.935770 0.006590 0.065930
rs0892 8.863240 0.026380 0.000000
rs0893 8.236930 0.131850 -0.006600
rs0897 8.362190 0.138450 0.000000
rs0899 8.335820 0.125260 0.191190
rs0900 8.236930 0.125260 0.000000
rs0901 8.065510 0.131860 0.065930
rs0906 8.236930 0.112070 0.000000
rs0907 8.302850 0.118670 0.065930
rs0909 8.368780 0.072520 0.000000
rs0916 8.309450 0.098890 -0.006600
rs0919 8.236930 0.158220 0.000000
rs0920 8.289670 0.112080 0.125260
rs0921 8.375370 0.487870 0.000000
rs0922 8.309450 0.230750 0.039560
rs0923 8.184180 0.125270 0.000000
rs0927 8.316040 0.072520 0.072520
rs0930 8.368780 0.065930 0.000000
rs0932 8.236930 0.145040 0.085710
rs0933 8.236930 0.105480 0.000000
rs0934 8.322630 0.118670 0.052750
rs0935 8.250110 0.118670 0.000000
rs0944 8.256700 0.105490 0.065920
rs0945 8.368780 0.290090 0.000000
rs0946 8.395150 0.296680 0.000000
rs0948 8.368780 0.349420 0.000000
rs0950 8.177590 0.191190 0.026380
rs0953 8.869840 0.032960 0.000000
rs0957 8.098480 0.164820 0.065930
rs0958 8.316040 0.369200 0.000000
rs0959 8.098480 0.145040 0.065930
rs0960 8.157810 0.145040 0.000000
rs0962 8.283070 0.098900 0.243940
rs0967 8.309450 0.085700 0.000000
rs0968 8.124850 0.171410 0.065930
rs0970 8.329220 0.283500 0.000000
rs0976 8.151220 0.145040 0.085710
rs0977 8.256700 0.191200 0.000000
rs0979 8.111660 0.145040 0.402160
rs0980 8.362190 0.388980 0.000000
rs0981 8.243520 0.131850 0.059340
rs0982 8.065510 0.164820 0.000000
rs0983 8.236930 0.138440 0.052740
rs0984 8.322630 0.112080 0.000000
rs0985 8.210550 0.131860 0.072530
rs0986 8.197370 0.131850 0.000000
rs0989 8.368780 0.276900 0.052740
rs0991 8.368780 0.454910 0.000000
rs0995 8.368780 0.329640 0.065930
rs0996 8.236930 0.125260 0.000000
rs0997 8.368780 0.263720 0.019780
rs0999 8.289670 0.217560 0.000000
rs1001 8.223740 0.138450 0.072520
rs1002 8.263300 0.250520 0.000000
rs1003 8.375370 0.243940 0.065930
rs1010 9.014880 0.006590 0.000000
rs1014 8.098480 0.171410 0.059330
rs1016 8.962140 -0.006600 0.000000
rs1017 8.138030 0.164820 0.065930
rs1020 8.236930 0.158220 0.000000
rs1021 8.302850 0.098900 0.079110
rs1028 8.362190 0.197780 0.000000
rs1029 8.296260 0.092300 0.065930
rs1030 8.283070 0.138450 0.000000
rs1031 8.289670 0.217560 0.059330
rs1032 8.210550 0.151640 0.000000
rs1034 8.236930 0.131850 0.072530
rs1035 8.223740 0.158230 0.000000
rs1038 8.421520 0.046150 0.065920
rs1040 8.223740 0.112080 0.000000
rs1041 8.243520 0.191190 0.065930
rs1043 8.065510 0.191190 0.000000
rs1045 8.388560 0.210970 0.039560
rs1047 8.335820 0.098890 0.000000
rs1048 8.355600 0.448310 0.151630
rs1049 8.408340 0.250530 0.000000
rs1050 8.236930 0.105480 0.079120
rs1052 8.269890 0.092300 0.000000
rs1053 8.111660 0.164820 0.026370
rs1054 8.012770 0.131860 0.000000
rs1055 8.256700 0.125270 0.224160
rs1057 8.981920 0.006590 0.000000
rs1058 8.316040 0.276900 -0.006590
rs1059 8.388560 0.243940 0.000000
rs1060 8.072100 0.191200 0.032960
rs1062 8.896210 0.006590 0.000000
rs1065 8.289670 0.098890 0.059330
rs1068 8.322630 0.382390 0.000000
rs1070 8.184180 0.171420 0.052750
rs1072 8.309450 0.098890 0.000000
rs1073 8.322630 0.125270 0.019780
rs1074 8.236930 0.131850 0.000000
rs1076 8.368780 0.428540 0.296680
rs1077 8.388560 0.178010 0.000000
rs1078 8.302850 0.197790 0.626320
rs1079 8.368780 0.494460 0.000000
rs1080 8.316040 0.158230 0.553800
rs1081 8.368780 0.145040 0.000000
rs1082 8.757760 0.079110 0.112080
rs1083 8.223740 0.230750 0.000000
rs1084 8.296260 0.085710 0.059340
rs1087 8.316040 0.079110 0.000000
rs1091 8.757760 0.059330 0.026370
rs1098 8.269890 0.112080 0.000000
rs1100 8.322630 0.309870 0.065930
rs1102 9.021470 0.006600 0.000000
rs1103 8.111660 0.250530 0.059340
rs1104 8.335820 0.092300 0.000000
rs1105 8.401750 0.059330 0.059330
rs1108 8.171000 0.125260 0.000000
rs1109 8.368780 0.527430 0.092300
rs1110 8.309450 0.098890 0.000000
rs1113 8.006180 0.151630 0.046150
rs1114 8.322630 0.507650 0.000000
rs1117 8.236930 0.125260 0.052740
rs1118 8.606120 0.118680 0.000000
rs1119 8.157810 0.184600 0.059330
rs1120 8.988510 0.006590 0.000000
rs1121 8.962140 -0.006600 0.065920
rs1122 8.368780 0.514240 0.000000
rs1124 8.296260 0.158230 0.039560
rs1125 8.355600 0.151630 0.000000
rs1126 8.250110 0.118670 0.059340
rs1128 8.190780 0.151630 0.000000
rs1131 8.962140 0.006590 0.065930
rs1132 8.203960 0.138450 0.000000
rs1135 8.236930 0.158220 0.065930
rs1137 8.329220 0.210980 0.000000
rs1142 8.250110 0.118670 0.257120
rs1143 8.236930 0.138440 0.000000
rs1145 8.381970 0.329640 0.224160
rs1146 8.988510 0.006590 0.000000
rs1147 8.197370 0.138450 0.065930
rs1149 8.085290 0.151640 0.000000
rs1151 8.269890 0.158230 0.065920
rs1154 8.316040 0.191190 0.000000
rs1156 8.243520 0.125260 0.375790
rs1157 8.263300 0.112070 0.000000
rs1159 8.236930 0.125260 0.059330
rs1163 8.190780 0.217560 0.000000
rs1164 8.058920 0.138450 0.052740
rs1165 8.381970 0.125260 0.000000
rs1166 8.395150 0.085710 0.052740
rs1169 8.362190 0.217560 0.000000
rs1170 8.269890 0.105480 0.079110
rs1171 8.269890 0.210970 0.000000
rs1172 8.217150 0.112070 0.052740
rs1174 8.368780 0.375790 0.000000
rs1176 8.454490 0.065930 0.065930
rs1178 8.335820 0.210970 0.000000
rs1179 8.256700 0.112080 0.065930
rs1182 8.335820 0.085700 0.000000
rs1183 8.368780 0.349420 0.000000
rs1184 8.197370 0.131850 0.000000
rs1185 8.296260 0.402160 0.039560
rs1187 8.269890 0.125260 0.000000
rs1188 8.184180 0.131860 0.059340
rs1191 8.368780 0.303270 0.000000
rs1192 8.190780 0.118670 0.204370
rs1193 8.434710 0.085710 0.000000
rs1195 8.454490 0.039560 0.112080
rs1198 8.177590 0.171410 0.000000
rs1200 8.236930 0.125260 0.210970
rs1202 8.269890 0.125260 0.000000
rs1205 8.606120 0.158230 0.210970
rs1206 8.929170 0.019780 0.000000
rs1207 8.368780 0.349420 0.052750
rs1208 8.144630 0.131850 0.000000
rs1209 8.243520 0.171410 0.019780
rs1210 8.342410 0.534020 0.000000
rs1211 8.606120 0.210970 0.065920
rs1212 8.316040 0.079110 0.000000
rs1213 8.362190 0.573580 0.059330
rs1217 8.975320 0.019780 0.000000
rs1220 8.349000 0.395570 0.072520
rs1229 8.995100 -0.006590 0.000000
rs1236 8.375370 0.092300 0.065930
rs1238 8.368780 0.290090 0.000000
rs1245 8.236930 0.112070 0.059340
rs1248 8.362190 0.323050 0.000000
rs1257 8.157810 0.138450 0.013180
rs1258 8.329220 0.250530 0.000000
rs1259 8.210550 0.171420 0.184600
rs1260 8.184180 0.138450 0.000000
rs1261 8.138030 0.237340 0.072520
rs1262 8.203960 0.118670 0.000000
rs1263 8.309450 0.138450 0.072520
rs1264 8.190780 0.125260 0.000000
rs1265 8.263300 0.329640 0.026380
rs1266 8.217150 0.316450 0.000000
rs1267 9.008290 -0.006600 0.072520
rs1269 7.999580 0.118670 0.000000
rs1270 8.190780 0.184590 0.065920
rs1276 8.236930 0.118670 0.000000
rs1278 8.342410 0.362610 0.065930
rs1280 8.329220 0.145050 0.000000
rs1281 8.230330 0.138450 0.065930
rs1283 8.217150 0.118670 0.000000
rs1284 8.151220 0.145040 0.059340
rs1285 8.256700 0.230750 0.000000
rs1286 8.322630 0.369200 0.052740
rs1289 8.276480 0.131860 0.000000
rs1290 8.091880 0.158230 0.032970
rs1291 8.263300 0.105480 0.000000
rs1292 8.362190 0.164820 0.065930
rs1293 8.316040 0.118670 0.000000
rs1294 8.606120 0.079120 0.013180
rs1295 8.078700 0.197780 0.000000
rs1296 8.078700 0.178000 0.079120
rs1297 8.138030 0.138450 0.000000
rs1298 8.236930 0.138440 0.138450
rs1299 8.210550 0.158230 0.000000
rs1301 8.935770 0.006590 0.072520
rs1302 8.177590 0.131860 0.000000
rs1303 8.118250 0.138450 0.046150
rs1304 8.144630 0.197780 0.000000
rs1310 8.269890 0.105480 0.079110
rs1337 8.355600 0.250520 0.000000
rs1359 8.230330 0.112080 0.072520
rs1368 8.810500 0.013190 0.000000
rs1437 8.902800 0.013190 0.072530
rs1518 8.948950 0.019780 0.000000
