rf0001 7.457060 0.915460 0.000000
rf0003 8.862940 0.065390 -0.032690
rf0006 8.961030 inf 0.000000
rf0007 7.358970 0.032690 0.163470
rf0008 7.358970 0.882770 0.000000
rf0010 8.961030 inf 0.032700
rf0011 8.503300 0.130780 0.000000
rf0014 7.751310 0.588510 inf
rf0015 7.358970 0.948160 0.000000
rf0017 8.012870 0.425040 -0.098090
rf0019 7.653230 0.784680 0.000000
rf0020 7.358970 0.882770 0.032700
rf0023 7.522450 0.784680 0.000000
rf0024 7.358970 0.948160 0.098090
rf0028 8.078260 0.392340 0.000000
rf0029 7.685920 0.425040 0.228860
rf0030 7.358970 0.784680 0.000000
rf0031 7.358970 0.817380 -0.130780
rf0032 8.961030 inf 0.000000
rf0033 7.358970 0.948160 0.425030
rf0034 7.424360 0.817380 0.000000
rf0040 7.358970 0.784680 0.098090
rf0042 8.110960 0.359640 0.000000
rf0043 8.961030 inf -0.130780
rf0045 8.961030 inf 0.000000
rf0048 8.961030 inf 0.000000
rf0049 8.961030 inf 0.000000
rf0051 7.424360 0.817380 -0.130780
rf0053 7.358970 0.948160 0.000000
rf0058 8.307130 0.196170 0.457730
rf0059 7.882090 0.294260 0.000000
rf0060 8.012870 0.425040 0.196170
rf0061 8.274430 0.392340 0.000000
rf0062 8.797550 0.065390 -0.098090
rf0064 7.358970 0.948160 0.000000
rf0065 7.358970 0.948160 -0.098090
rf0068 7.522450 0.784680 0.000000
rf0071 8.568690 0.130780 0.032700
rf0072 8.241740 0.392340 0.000000
rf0073 8.078260 0.196170 -0.130780
rf0074 8.666770 0.098090 0.000000
rf0076 7.947480 0.228870 -0.065390
rf0077 8.307130 0.228860 0.000000
rf0079 8.961030 inf -0.098090
rf0083 8.961030 inf 0.000000
rf0084 8.307130 0.359640 0.457730
rf0092 7.358970 0.817380 0.000000
rf0098 7.358970 0.751990 0.098090
rf0099 8.012870 0.228870 0.000000
rf0102 7.947480 0.228870 0.032700
rf0104 8.961030 inf 0.000000
rf0106 8.339820 0.392340 0.032700
rf0107 7.358970 0.751990 0.000000
rf0108 8.961030 inf 0.032700
rf0109 7.358970 0.915460 0.000000
rf0110 7.358970 0.915460 -0.065390
rf0111 8.372520 0.359640 0.000000
rf0117 7.980180 0.261560 -0.130780
rf0118 7.457060 0.784680 0.000000
rf0119 7.980180 0.392340 0.196170
rf0120 7.358970 0.882770 0.000000
rf0122 8.961030 inf 0.359640
rf0125 7.358970 0.850070 0.000000
rf0126 7.358970 0.032690 0.425030
rf0128 7.947480 0.032700 0.000000
rf0129 8.405210 0.359650 0.457730
rf0132 8.732160 0.065390 0.000000
rf0134 8.274430 0.196170 0.196170
rf0141 7.358970 0.882770 0.000000
rf0143 8.339820 0.425040 -0.130780
rf0145 8.666770 0.098090 0.000000
rf0147 8.895640 0.032690 -0.130780
rf0150 7.358970 0.032690 0.000000
rf0154 7.358970 0.784680 0.032700
rf0155 7.358970 0.032690 0.000000
rf0156 8.110960 0.196170 0.130780
rf0157 7.358970 0.751990 0.000000
rf0160 7.358970 0.915460 0.457730
rf0164 8.895640 0.032690 0.000000
rf0165 7.358970 0.784680 0.457730
rf0167 7.358970 0.850070 0.000000
rf0169 7.751310 0.523120 0.163470
rf0170 7.358970 0.850070 0.000000
rf0171 8.928330 inf 0.425030
rf0172 8.862940 0.032700 0.000000
rf0173 7.358970 0.882770 0.228870
rf0175 7.358970 0.817380 0.000000
rf0176 7.947480 0.261560 0.032700
rf0177 7.358970 0.948160 0.000000
rf0179 7.358970 0.915460 0.032700
rf0180 8.339820 0.228870 0.000000
rf0181 7.358970 0.980850 0.359650
rf0191 7.358970 0.882770 0.000000
rf0192 7.718620 0.621200 -0.098090
rf0193 8.928330 inf 0.000000
rf0195 8.274430 0.196170 -0.098090
rf0197 7.391660 0.719300 0.000000
rf0199 7.358970 0.882770 0.425030
rf0201 7.358970 0.686600 0.000000
rf0204 7.358970 0.686600 0.425030
rf0205 7.358970 0.948160 0.000000
rf0206 7.358970 0.882770 0.032700
rf0207 7.718620 0.588510 0.000000
rf0209 7.358970 0.817380 0.326950
rf0210 7.358970 0.948160 0.000000
rf0216 7.358970 0.882770 -0.098090
rf0217 8.732160 0.065390 0.000000
rf0218 8.928330 -0.032690 0.032700
rf0223 7.358970 0.032690 0.000000
rf0226 8.503300 0.294250 -0.130780
rf0227 8.307130 0.392340 0.000000
rf0229 8.634080 0.098080 -0.130780
rf0234 7.358970 0.948160 0.000000
rf0236 8.961030 inf 0.294260
rf0237 8.928330 inf 0.000000
rf0238 8.045570 0.392340 0.425040
rf0241 7.358970 0.686600 0.000000
rf0242 7.358970 0.032690 -0.032690
rf0245 8.928330 0.000000 0.000000
rf0246 7.489750 0.653900 0.425040
rf0247 8.078260 0.425040 0.000000
rf0249 8.961030 inf -0.065390
rf0250 7.489750 0.621210 0.000000
rf0251 8.535990 0.130780 0.032700
rf0252 8.110960 0.392340 0.000000
rf0256 7.358970 0.032690 -0.098090
rf0257 7.358970 0.751990 0.000000
rf0258 8.699470 0.098080 inf
rf0259 8.241740 0.359640 0.000000
rf0262 7.489750 0.784680 0.032690
rf0263 7.358970 0.850070 0.000000
rf0264 7.358970 0.948160 0.326950
rf0265 7.882090 0.457730 0.000000
rf0266 7.358970 0.948160 0.196170
rf0267 7.358970 0.948160 0.000000
rf0268 8.078260 0.392340 0.163470
rf0269 7.980180 0.457730 0.000000
rf0272 8.012870 0.392340 -0.098090
rf0273 7.424360 0.850070 0.000000
rf0280 7.457060 0.817370 0.228860
rf0283 8.961030 inf 0.000000
rf0284 7.685920 0.621210 0.163470
rf0292 8.895640 0.032690 0.000000
rf0294 7.947480 0.261560 0.163480
rf0296 7.358970 0.948160 0.000000
rf0297 8.110960 0.163470 inf
rf0298 8.078260 0.196170 0.000000
rf0299 7.522450 0.588510 -0.098090
rf0300 7.358970 0.850070 0.000000
rf0302 7.358970 0.784680 inf
rf0303 8.045570 0.261560 0.000000
rf0305 8.176350 0.359640 0.425040
rf0306 7.358970 0.980850 0.000000
rf0314 8.078260 0.359650 -0.098090
rf0316 8.372520 0.228860 0.000000
rf0318 7.358970 0.817380 -0.130780
rf0320 7.424360 0.817380 0.000000
rf0322 7.947480 0.032700 0.130780
rf0323 8.405210 0.392340 0.000000
rf0326 7.685920 0.686600 -0.098090
rf0328 8.503300 0.196170 0.000000
rf0331 7.980180 0.392340 -0.098090
rf0332 7.914790 0.326950 0.000000
rf0333 7.358970 0.751990 0.228860
rf0335 7.358970 0.686600 0.000000
rf0338 7.489750 0.621210 -0.098090
rf0339 8.241740 0.098080 0.000000
rf0340 7.489750 0.588510 0.098080
rf0341 7.391660 0.719300 0.000000
rf0342 7.947480 0.228870 0.326950
rf0343 7.358970 0.784680 0.000000
rf0348 8.961030 inf -0.130780
rf0351 7.947480 0.196170 0.000000
rf0354 8.176350 0.130780 -0.098090
rf0358 7.849400 0.392340 0.000000
rf0360 7.424360 0.653900 0.425030
rf0363 7.522450 0.621200 0.000000
rf0364 8.110960 0.163470 -0.130780
rf0365 7.358970 0.882770 0.000000
rf0366 7.587840 0.490420 -0.130780
rf0367 7.358970 0.948160 0.000000
rf0368 7.358970 0.686600 0.163470
rf0370 7.489750 0.588510 0.000000
rf0374 7.947480 0.228870 -0.163480
rf0376 7.947480 0.196170 0.000000
rf0378 8.274430 0.228870 -0.130780
rf0381 8.274430 0.326950 0.000000
rf0383 8.961030 inf 0.196170
rf0385 7.358970 0.882770 0.000000
rf0386 7.980180 0.261560 0.163470
rf0387 8.241740 0.163470 0.000000
rf0388 7.358970 0.948160 0.228860
rf0391 7.849400 0.490420 0.000000
rf0392 7.522450 0.686590 -0.065400
rf0393 7.358970 0.817380 0.000000
rf0395 7.522450 0.621200 -0.130780
rf0396 8.928330 inf 0.000000
rf0398 8.241740 0.098080 -0.065390
rf0399 8.110960 0.163470 0.000000
rf0400 8.961030 inf -0.065390
rf0401 7.358970 0.686600 0.000000
rf0403 7.358970 0.948160 -0.130780
rf0412 8.045570 0.228860 0.000000
rf0413 7.947480 0.261560 -0.098090
rf0415 8.699470 0.098080 0.000000
rf0417 8.928330 inf 0.196170
rf0418 8.503300 0.163470 0.000000
rf0419 7.457060 0.784680 -0.098090
rf0425 8.405210 0.392340 0.000000
rf0426 7.358970 0.882770 -0.130780
rf0427 8.666770 0.098090 0.000000
rf0428 7.358970 0.850070 -0.130780
rf0430 7.849400 0.490420 0.000000
rf0431 7.947480 0.425040 0.196170
rf0432 8.241740 0.359640 0.000000
rf0433 8.437910 0.326950 0.555810
rf0434 8.012870 0.392340 0.000000
rf0436 8.961030 inf inf
rf0439 7.358970 0.817380 0.000000
rf0441 7.489750 0.784680 0.326950
rf0443 7.620530 0.719290 0.000000
rf0448 7.947480 0.032700 0.261560
rf0450 8.797550 0.065390 0.000000
rf0452 8.274430 0.294260 0.163480
rf0453 8.274430 0.359650 0.000000
rf0454 8.961030 inf -0.130780
rf0455 8.830250 0.065390 0.000000
rf0456 7.947480 0.032700 0.032700
rf0459 7.522450 0.751980 0.000000
rf0460 7.358970 0.032690 0.163470
rf0461 8.666770 0.098090 0.000000
rf0462 8.961030 inf 0.457730
rf0463 7.358970 0.784680 0.000000
rf0464 7.457060 0.719290 -0.065390
rf0465 7.358970 0.784680 0.000000
rf0466 8.110960 0.163470 inf
rf0467 8.503300 0.294250 0.000000
rf0471 8.143650 0.457730 0.425030
rf0473 8.666770 0.196170 0.000000
rf0474 7.358970 0.980850 0.000000
rf0476 8.078260 0.425040 0.000000
rf0477 8.012870 0.392340 0.457730
rf0478 8.928330 0.000000 0.000000
rf0479 7.489750 0.751990 0.098090
rf0480 7.358970 0.948160 0.000000
rf0482 8.307130 0.228860 0.000000
rf0485 7.358970 0.719290 0.000000
rf0487 7.914790 0.261560 0.130780
rf0488 7.947480 0.261560 0.000000
rf0496 7.424360 0.817380 0.457730
rf0497 7.358970 0.686600 0.000000
rf0498 7.358970 0.882770 inf
rf0499 7.587840 0.523120 0.000000
rf0500 8.241740 0.130780 -0.098090
rf0503 8.143650 0.163480 0.000000
rf0505 7.653230 0.719290 0.196170
rf0507 7.947480 0.228870 0.000000
rf0510 8.961030 inf 0.490430
rf0511 8.961030 inf 0.000000
rf0513 7.358970 0.784680 0.000000
rf0518 7.424360 0.850070 0.000000
rf0524 7.358970 0.948160 -0.098090
rf0545 8.568690 0.261560 0.000000
rf0583 8.961030 inf -0.130780
rf0591 7.358970 0.948160 0.000000
rf0607 8.961030 inf 0.326950
rf0622 7.816700 0.555820 0.000000
rf0630 7.424360 0.784680 -0.130780
rf0632 7.816700 0.621210 0.000000
rf0642 7.391660 0.751990 -0.130780
rf0644 8.176350 0.359640 0.000000
rf0663 7.358970 0.719290 0.457730
rf0684 7.424360 0.686600 0.000000
rf0693 7.391660 0.817380 0.392340
rf0695 7.947480 0.196170 0.000000
rf0701 7.457060 0.784680 0.425030
rf0707 8.568690 0.130780 0.000000
rf0713 7.980180 0.392340 -0.065390
rf0730 7.358970 0.882770 0.000000
rf0739 7.980180 0.392340 -0.032690
rf0745 7.391660 0.784690 0.000000
rf0783 7.358970 0.882770 0.163480
rf0795 7.358970 0.882770 0.000000
rs0001 8.961030 inf 0.163470
rs0002 7.947480 0.261560 0.000000
rs0003 7.555140 0.555820 0.163480
rs0010 7.358970 0.948160 0.000000
rs0011 7.980180 0.425030 0.392340
rs0012 8.307130 0.359640 0.000000
rs0013 7.947480 0.228870 -0.130780
rs0017 8.012870 0.228870 0.000000
rs0019 8.732160 0.098090 0.392340
rs0020 7.522450 0.784680 0.000000
rs0023 7.358970 0.032690 0.425030
rs0030 7.947480 0.228870 0.000000
rs0035 7.457060 0.784680 0.032700
rs0038 7.947480 0.032700 0.000000
rs0039 7.555140 0.719290 -0.098090
rs0041 8.209040 0.359650 0.000000
rs0042 7.391660 0.784690 -0.098090
rs0045 8.274430 0.392340 0.000000
rs0046 8.307130 0.228860 0.392340
rs0047 7.358970 0.719290 0.000000
rs0048 7.358970 0.948160 0.457730
rs0050 8.797550 0.065390 0.000000
rs0051 8.797550 0.065390 -0.163480
rs0052 7.358970 0.850070 0.000000
rs0054 8.012870 0.425040 0.457730
rs0062 8.045570 0.392340 0.000000
rs0063 7.358970 0.915460 0.098090
rs0064 7.358970 0.948160 0.000000
rs0065 8.143650 0.392340 -0.098090
rs0068 7.358970 0.817380 0.000000
rs0070 7.358970 0.948160 -0.065390
rs0077 7.358970 0.032690 0.000000
rs0081 7.358970 0.751990 0.032690
rs0082 7.489750 0.621210 0.000000
rs0083 7.980180 0.392340 0.163470
rs0084 7.947480 0.228870 0.000000
rs0085 8.274430 0.392340 0.163470
rs0087 7.358970 0.948160 0.000000
rs0088 7.358970 0.948160 0.098090
rs0089 7.358970 0.032690 0.000000
rs0090 7.358970 0.948160 0.425040
rs0092 7.424360 0.686600 0.000000
rs0093 8.895640 0.032690 0.392340
rs0094 8.339820 0.425040 0.000000
rs0095 7.358970 0.850070 -0.098090
rs0096 7.358970 0.784680 0.000000
rs0097 7.980180 0.359640 -0.065390
rs0098 8.732160 0.098090 0.000000
rs0099 7.358970 0.817380 0.000000
rs0103 8.928330 inf 0.000000
rs0104 7.391660 0.751990 0.523120
rs0105 7.358970 0.915460 0.000000
rs0106 7.424360 0.850070 0.000000
rs0111 7.358970 0.882770 0.000000
rs0113 8.961030 inf -0.065400
rs0118 7.358970 0.948160 0.000000
rs0120 8.535990 0.130780 0.425030
rs0121 8.764860 0.065390 0.000000
rs0122 7.358970 0.980850 -0.098090
rs0123 7.358970 0.751990 0.000000
rs0124 7.391660 0.850080 0.098090
rs0126 7.358970 0.948160 0.000000
rs0127 8.372520 0.359640 0.425030
rs0128 8.568690 0.163470 0.000000
rs0129 7.358970 0.882770 0.490430
rs0130 7.620530 0.523120 0.000000
rs0132 7.391660 0.817380 0.326950
rs0133 7.358970 0.915460 0.000000
rs0134 7.358970 0.882770 -0.032700
rs0135 8.274430 0.163480 0.000000
rs0137 8.961030 inf 0.032700
rs0138 7.587840 0.751980 0.000000
rs0140 7.358970 0.784680 0.425040
rs0141 7.358970 0.850070 0.000000
rs0143 8.241740 0.163470 -0.098090
rs0145 7.358970 0.948160 0.000000
rs0146 7.358970 0.948160 0.098090
rs0147 8.535990 0.130780 0.000000
rs0148 8.961030 inf -0.163480
rs0149 8.307130 0.392340 0.000000
rs0150 7.358970 0.948160 -0.098090
rs0153 8.862940 0.032700 0.000000
rs0154 7.391660 0.653910 0.000000
rs0156 8.143650 0.163480 0.000000
rs0158 7.358970 0.817380 0.457730
rs0163 8.797550 0.065390 0.000000
rs0165 7.457060 0.686590 0.425030
rs0166 7.358970 0.817380 0.000000
rs0167 7.358970 0.850070 0.196170
rs0168 7.358970 0.653900 0.000000
rs0170 7.358970 0.948160 0.555810
rs0171 8.110960 0.457730 0.000000
rs0172 7.358970 0.948160 0.130780
rs0174 7.358970 0.948160 0.000000
rs0175 7.358970 0.915460 -0.098090
rs0178 7.358970 0.751990 0.000000
rs0179 8.012870 0.228870 0.392340
rs0180 7.358970 0.817380 0.000000
rs0182 8.568690 0.261560 0.294260
rs0183 7.358970 0.817380 0.000000
rs0184 7.358970 0.948160 -0.130780
rs0185 7.358970 0.850070 0.000000
rs0188 7.358970 0.032690 0.294260
rs0189 7.947480 0.196170 0.000000
rs0192 8.470600 0.228870 0.032700
rs0193 8.307130 0.228860 0.000000
rs0195 8.928330 inf -0.098090
rs0200 8.012870 0.392340 0.000000
rs0201 8.961030 inf 0.032700
rs0203 7.358970 0.032690 0.000000
rs0206 7.358970 0.882770 0.163470
rs0209 8.862940 0.032700 0.000000
rs0210 7.653230 0.751980 0.490430
rs0211 8.928330 inf 0.000000
rs0212 8.045570 0.392340 0.425040
rs0215 7.358970 0.719290 0.000000
rs0218 7.816700 0.326950 0.098090
rs0220 7.947480 0.457730 0.000000
rs0221 8.307130 0.261560 -0.065390
rs0224 7.555140 0.588510 0.000000
rs0225 7.358970 0.784680 -0.130780
rs0226 7.358970 0.719290 0.000000
rs0227 7.358970 0.032690 0.392340
rs0228 8.045570 0.457730 0.000000
rs0231 8.209040 0.425040 0.425030
rs0236 7.685920 0.523120 0.000000
rs0237 7.358970 0.915460 0.163480
rs0240 7.358970 0.751990 0.000000
rs0241 8.339820 0.425040 0.196170
rs0242 7.358970 0.784680 0.000000
rs0243 8.503300 0.163470 0.130780
rs0246 8.012870 0.359650 0.000000
rs0247 7.424360 0.751990 -0.032690
rs0250 8.241740 0.098080 0.000000
rs0251 7.947480 0.228870 0.196170
rs0255 8.176350 0.294250 0.000000
rs0256 8.961030 inf -0.098090
rs0257 7.358970 0.915460 0.000000
rs0259 8.830250 0.032690 0.163470
rs0260 8.928330 inf 0.000000
rs0262 8.961030 inf -0.130780
rs0263 7.358970 0.948160 0.000000
rs0264 7.424360 0.817380 0.294260
rs0267 8.176350 0.130780 0.000000
rs0268 8.176350 0.130780 0.425030
rs0269 7.358970 0.817380 0.000000
rs0270 8.895640 0.032690 0.457730
rs0273 8.143650 0.425040 0.000000
rs0274 8.012870 0.228870 0.359650
rs0275 8.274430 0.196170 0.000000
rs0276 7.358970 0.948160 0.425030
rs0277 7.358970 0.817380 0.000000
rs0280 7.358970 0.948160 0.032700
rs0282 7.358970 0.032690 0.000000
rs0283 8.961030 inf -0.098090
rs0284 8.241740 0.326950 0.000000
rs0288 7.457060 0.653900 0.000000
rs0289 8.339820 0.392340 0.000000
rs0290 7.358970 1.013550 0.098080
rs0297 7.358970 0.686600 0.000000
rs0303 7.391660 0.850080 0.032690
rs0306 8.699470 0.098080 0.000000
rs0308 8.732160 0.098090 0.196170
rs0313 7.358970 0.948160 0.000000
rs0314 7.358970 0.817380 0.196170
rs0316 8.274430 0.228870 0.000000
rs0318 7.358970 0.817380 0.457730
rs0320 8.895640 0.032690 0.000000
rs0323 8.372520 0.392340 0.032700
rs0325 8.961030 inf 0.000000
rs0328 7.358970 0.915460 0.163480
rs0330 8.209040 0.392340 0.000000
rs0331 8.339820 0.392340 0.032690
rs0334 7.358970 0.882770 0.000000
rs0336 8.209040 0.392340 0.032700
rs0337 7.947480 0.261560 0.000000
rs0339 7.358970 0.915460 inf
rs0340 7.947480 0.261560 0.000000
rs0341 7.358970 0.948160 0.490420
rs0343 7.358970 0.948160 0.000000
rs0344 8.045570 0.425030 0.032700
rs0345 7.358970 0.686600 0.000000
rs0349 7.391660 0.850080 -0.098090
rs0350 8.503300 0.294250 0.000000
rs0354 8.012870 0.392340 -0.032690
rs0358 7.358970 0.882770 0.000000
rs0363 7.489750 0.588510 -0.098090
rs0364 7.358970 0.686600 0.000000
rs0365 7.391660 0.686600 0.425040
rs0367 7.358970 0.980850 0.000000
rs0371 8.830250 0.065390 0.425040
rs0372 7.980180 0.392340 0.000000
rs0373 8.405210 0.326950 0.392340
rs0374 8.012870 0.392340 0.000000
rs0376 8.372520 0.392340 0.294250
rs0377 8.372520 0.261560 0.000000
rs0380 7.358970 0.948160 -0.163480
rs0384 7.358970 0.948160 0.000000
rs0386 8.045570 0.261560 0.425030
rs0389 7.555140 0.653900 0.000000
rs0391 8.405210 0.228870 0.457730
rs0392 8.209040 0.163480 0.000000
rs0393 7.358970 0.948160 0.294250
rs0394 7.424360 0.784680 0.000000
rs0401 7.358970 0.948160 0.000000
rs0408 7.358970 0.686600 0.000000
rs0409 7.947480 0.196170 -0.130780
rs0410 7.358970 0.686600 0.000000
rs0411 8.012870 0.392340 0.326950
rs0416 7.358970 0.719290 0.000000
rs0417 7.358970 0.980850 -0.098090
rs0418 7.358970 0.751990 0.000000
rs0419 8.503300 0.326950 0.392340
rs0420 7.358970 0.948160 0.000000
rs0421 7.391660 0.850080 0.425030
rs0422 7.457060 0.784680 0.000000
rs0423 7.457060 0.686590 -0.032700
rs0424 7.358970 0.719290 0.000000
rs0425 7.358970 0.817380 -0.065390
rs0427 7.980180 0.457730 0.000000
rs0428 8.274430 0.359650 -0.098090
rs0429 7.358970 0.719290 0.000000
rs0430 7.358970 0.686600 0.098090
rs0432 7.391660 0.523130 0.000000
rs0433 8.339820 0.425040 0.425040
rs0435 8.961030 inf 0.000000
rs0437 7.358970 1.144330 0.392340
rs0442 7.358970 0.817380 0.000000
rs0444 7.358970 0.784680 0.130780
rs0449 8.241740 0.098080 0.000000
rs0452 7.358970 0.817380 0.457730
rs0453 8.961030 inf 0.000000
rs0454 7.947480 0.228870 0.098090
rs0456 7.947480 0.261560 0.000000
rs0458 8.862940 0.065390 0.032700
rs0460 7.685920 0.588510 0.000000
rs0463 8.078260 0.196170 -0.098090
rs0467 7.358970 0.948160 0.000000
rs0468 8.143650 0.163480 -0.065390
rs0469 7.358970 0.719290 0.000000
rs0470 7.358970 0.948160 -0.130780
rs0472 7.358970 0.751990 0.000000
rs0473 7.358970 0.653900 0.686600
rs0476 7.947480 0.228870 0.000000
rs0477 7.947480 0.294260 0.032700
rs0480 8.078260 0.196170 0.000000
rs0485 7.980180 0.326950 -0.130780
rs0492 8.241740 0.425030 0.000000
rs0493 7.358970 0.850070 0.032700
rs0494 7.947480 0.228870 0.000000
rs0495 7.849400 0.490420 0.261560
rs0496 7.358970 0.817380 0.000000
rs0505 7.358970 0.948160 -0.032700
rs0508 7.358970 0.948160 0.000000
rs0512 8.928330 0.000000 0.261560
rs0516 7.358970 0.850070 0.000000
rs0517 7.947480 0.196170 -0.065400
rs0519 7.947480 0.228870 0.000000
rs0520 7.358970 0.948160 0.523120
rs0521 8.699470 0.098080 0.000000
rs0522 8.732160 0.098090 -0.065390
rs0524 7.358970 0.784680 0.000000
rs0526 8.961030 inf -0.032700
rs0528 7.358970 0.948160 0.000000
rs0529 7.358970 0.980850 -0.065400
rs0531 8.961030 inf 0.000000
rs0532 8.535990 0.294260 0.425030
rs0534 7.947480 0.228870 0.000000
rs0536 7.358970 0.719290 -0.032690
rs0538 7.358970 0.850070 0.000000
rs0541 8.307130 0.261560 0.130780
rs0542 7.358970 0.948160 0.000000
rs0543 7.358970 0.817380 0.425040
rs0545 7.358970 0.882770 0.000000
rs0546 7.358970 0.948160 -0.098090
rs0548 7.358970 0.948160 0.000000
rs0549 8.339820 0.425040 0.425040
rs0553 7.358970 0.948160 0.000000
rs0554 8.961030 inf -0.065400
rs0555 7.358970 0.751990 0.000000
rs0556 7.358970 0.686600 -0.098090
rs0559 7.358970 0.948160 0.000000
rs0560 7.358970 0.850070 -0.130780
rs0562 7.947480 0.032700 0.000000
rs0564 8.045570 0.392340 0.065390
rs0566 7.358970 0.948160 0.000000
rs0568 8.961030 inf 0.392340
rs0571 7.424360 0.817380 0.000000
rs0572 8.895640 0.032690 0.065390
rs0573 7.358970 0.948160 0.000000
rs0574 7.489750 0.686600 -0.130780
rs0578 8.045570 0.228860 0.000000
rs0579 7.358970 0.948160 0.392340
rs0585 8.012870 0.392340 0.000000
rs0586 7.358970 1.111630 0.457730
rs0588 7.947480 0.294260 0.000000
rs0591 7.358970 0.948160 0.425030
rs0598 8.928330 inf 0.000000
rs0599 7.358970 0.948160 0.392340
rs0602 7.358970 0.948160 0.000000
rs0609 8.961030 inf 0.163470
rs0615 8.601380 0.130780 0.000000
rs0616 7.358970 0.948160 0.032700
rs0617 8.961030 inf 0.000000
rs0618 7.358970 0.948160 inf
rs0620 8.143650 0.196170 0.000000
rs0623 7.358970 0.751990 0.425030
rs0626 7.358970 0.882770 0.000000
rs0627 7.358970 0.032690 -0.032690
rs0630 7.358970 0.948160 0.000000
rs0637 8.601380 0.130780 0.032690
rs0638 8.732160 0.098090 0.000000
rs0640 8.961030 inf 0.065390
rs0641 7.358970 0.032690 0.000000
rs0644 7.358970 0.850070 0.555810
rs0645 7.358970 0.751990 0.000000
rs0656 8.732160 0.065390 -0.098090
rs0660 7.358970 0.032690 0.000000
rs0667 8.862940 0.065390 0.359640
rs0670 7.358970 0.948160 0.000000
rs0671 7.980180 0.228860 0.163480
rs0677 8.274430 0.163480 0.000000
rs0679 7.358970 0.948160 -0.098090
rs0691 8.961030 inf 0.000000
rs0696 8.241740 0.130780 -0.130780
rs0703 8.535990 0.163480 0.000000
rs0708 8.961030 inf 0.163470
rs0710 8.437910 0.261560 0.000000
rs0713 7.358970 0.882770 0.163470
rs0720 7.947480 0.196170 0.000000
rs0722 8.568690 0.196170 -0.098090
rs0724 7.358970 0.948160 0.000000
rs0726 7.653230 0.653900 0.425030
rs0727 7.980180 0.196170 0.000000
rs0731 8.961030 inf 0.457730
rs0733 8.012870 0.228870 0.000000
rs0734 8.045570 0.228860 -0.130780
rs0738 8.535990 0.130780 0.000000
rs0740 7.358970 0.948160 -0.130780
rs0741 8.961030 inf 0.000000
rs0743 7.980180 0.425030 0.457730
rs0744 8.797550 0.065390 0.000000
rs0746 8.307130 0.228860 -0.098090
rs0747 8.699470 0.098080 0.000000
rs0751 8.928330 inf -0.130780
rs0752 8.372520 0.294250 0.000000
rs0754 8.601380 0.098090 inf
rs0756 7.358970 0.882770 0.000000
rs0758 7.358970 0.948160 -0.098090
rs0763 8.339820 0.228870 0.000000
rs0766 8.012870 0.228870 0.000000
rs0767 8.045570 0.392340 0.000000
rs0768 8.372520 0.392340 0.425040
rs0769 8.634080 0.196170 0.000000
rs0774 7.489750 0.621210 0.457730
rs0775 7.358970 0.751990 0.000000
rs0777 8.241740 0.294250 0.392340
rs0778 7.358970 0.882770 0.000000
rs0779 7.358970 0.915460 -0.130780
rs0781 8.928330 0.000000 0.000000
rs0782 7.489750 0.686600 -0.130780
rs0786 8.961030 inf 0.000000
rs0788 7.358970 0.980850 inf
rs0790 7.358970 0.686600 0.000000
rs0793 7.358970 0.850070 -0.130780
rs0794 8.339820 0.392340 0.000000
rs0797 7.358970 0.948160 -0.032700
rs0799 7.620530 0.751990 0.000000
rs0800 7.947480 0.228870 0.163480
rs0802 8.307130 0.228860 0.000000
rs0804 7.358970 0.817380 0.196170
rs0805 8.961030 inf 0.000000
rs0806 7.358970 0.751990 -0.065390
rs0809 8.928330 inf 0.000000
rs0810 7.620530 0.686600 -0.098090
rs0811 7.358970 0.751990 0.000000
rs0812 7.358970 0.817380 0.425040
rs0815 7.457060 0.621200 0.000000
rs0818 7.358970 0.751990 0.163470
rs0823 8.961030 inf 0.000000
rs0828 7.358970 0.850070 -0.098090
rs0831 7.358970 0.032690 0.000000
rs0832 7.358970 0.784680 0.163470
rs0833 8.895640 0.000000 0.000000
rs0834 8.241740 0.130780 -0.065400
rs0836 7.947480 0.228870 0.000000
rs0838 7.947480 0.228870 -0.130780
rs0839 8.895640 0.032690 0.000000
rs0840 7.947480 0.196170 -0.065390
rs0842 7.358970 0.948160 0.000000
rs0843 7.358970 0.032690 -0.098090
rs0845 7.358970 0.751990 0.000000
rs0846 7.358970 0.948160 0.130780
rs0847 8.797550 0.065390 0.000000
rs0850 8.830250 0.065390 -0.130780
rs0853 7.947480 0.032700 0.000000
rs0854 7.358970 0.948160 0.130780
rs0855 8.699470 0.098080 0.000000
rs0856 8.372520 0.261560 0.163480
rs0860 7.358970 0.751990 0.000000
rs0865 8.895640 0.032690 -0.163480
rs0866 8.307130 0.228860 0.000000
rs0868 8.699470 0.098080 -0.098090
rs0869 7.358970 0.719290 0.000000
rs0871 7.947480 0.196170 -0.065400
rs0872 7.358970 0.948160 0.000000
rs0880 7.358970 0.948160 -0.130780
rs0887 7.358970 0.850070 0.000000
rs0891 8.732160 0.098090 0.294260
rs0892 7.358970 0.948160 0.000000
rs0893 8.045570 0.392340 0.130780
rs0897 8.830250 0.032690 0.000000
rs0899 7.947480 0.228870 -0.098090
rs0900 7.358970 0.686600 0.000000
rs0901 7.489750 0.850070 0.130780
rs0906 7.358970 0.948160 0.000000
rs0907 8.078260 0.196170 -0.065400
rs0909 7.358970 0.817380 0.000000
rs0916 7.358970 0.817380 -0.130780
rs0919 7.358970 0.719290 0.000000
rs0920 8.961030 inf -0.130780
rs0921 8.895640 0.032690 0.000000
rs0922 8.307130 0.163470 0.196170
rs0923 8.961030 inf 0.000000
rs0927 7.358970 0.915460 0.032700
rs0930 8.961030 inf 0.000000
rs0932 7.424360 0.653900 0.065390
rs0933 7.358970 0.719290 0.000000
rs0934 7.947480 0.228870 -0.098090
rs0935 7.620530 0.523120 0.000000
rs0944 8.110960 0.457730 -0.098090
rs0945 8.372520 0.392340 0.000000
rs0946 8.012870 0.228870 0.294260
rs0948 8.503300 0.130780 0.000000
rs0950 7.457060 0.588510 -0.130780
rs0953 8.274430 0.228870 0.000000
rs0957 7.358970 0.719290 -0.130780
rs0958 7.358970 0.032690 0.000000
rs0959 7.358970 0.915460 0.130780
rs0960 7.358970 0.882770 0.000000
rs0962 7.358970 0.032690 0.098090
rs0967 8.405210 0.228870 0.000000
rs0968 7.358970 0.915460 0.425040
rs0970 7.358970 0.948160 0.000000
rs0976 7.391660 0.817380 -0.130780
rs0977 7.358970 0.980850 0.000000
rs0979 7.555140 0.751990 0.228860
rs0980 7.587840 0.588510 0.000000
rs0981 8.045570 0.425030 -0.065400
rs0982 7.358970 0.751990 0.000000
rs0983 8.078260 0.425040 0.392340
rs0984 8.241740 0.098080 0.000000
rs0985 7.424360 0.653900 -0.098090
rs0986 7.555140 0.686600 0.000000
rs0989 7.358970 0.915460 0.196170
rs0991 8.895640 0.032690 0.000000
rs0995 7.358970 0.948160 -0.032690
rs0996 7.718620 0.457730 0.000000
rs0997 7.358970 0.948160 -0.098090
rs0999 7.358970 0.948160 0.000000
rs1001 8.307130 0.359640 -0.130780
rs1002 7.947480 0.261560 0.000000
rs1003 8.372520 0.326950 -0.065390
rs1010 8.961030 inf 0.000000
rs1014 7.391660 0.719300 -0.130780
rs1016 8.928330 inf 0.000000
rs1017 7.358970 0.980850 0.392340
rs1020 7.424360 0.850070 0.000000
rs1021 8.012870 0.228870 -0.130780
rs1028 8.209040 0.098090 0.000000
rs1029 8.961030 inf -0.130780
rs1030 7.457060 0.817370 0.000000
rs1031 8.209040 0.425040 -0.130780
rs1032 7.980180 0.392340 0.000000
rs1034 8.143650 0.392340 -0.098090
rs1035 7.358970 0.948160 0.000000
rs1038 7.358970 0.850070 0.425030
rs1040 7.358970 0.948160 0.000000
rs1041 7.358970 0.850070 -0.098090
rs1043 7.358970 0.686600 0.000000
rs1045 8.601380 0.196170 0.261560
rs1047 7.980180 0.228860 0.000000
rs1048 7.358970 0.817380 -0.098090
rs1049 8.307130 0.163470 0.000000
rs1050 7.358970 0.686600 -0.130780
rs1052 8.078260 0.196170 0.000000
rs1053 7.358970 0.686600 -0.098090
rs1054 7.620530 0.686600 0.000000
rs1055 7.358970 0.948160 inf
rs1057 8.928330 inf 0.000000
rs1058 7.358970 0.850070 0.425030
rs1059 7.358970 0.032690 0.000000
rs1060 7.358970 0.751990 0.130780
rs1062 7.358970 0.948160 0.000000
rs1065 7.947480 0.228870 0.163480
rs1068 8.437910 0.359640 0.000000
rs1070 8.274430 0.326950 0.163470
rs1072 8.307130 0.196170 0.000000
rs1073 7.947480 0.032700 0.392340
rs1074 8.078260 0.326950 0.000000
rs1076 7.358970 0.850070 0.098090
rs1077 7.358970 0.784680 0.000000
rs1078 7.947480 0.032700 inf
rs1079 7.947480 0.228870 0.000000
rs1080 7.358970 0.948160 -0.130780
rs1081 7.358970 0.882770 0.000000
rs1082 8.862940 0.065390 0.163470
rs1083 8.961030 inf 0.000000
rs1084 8.732160 0.098090 0.130780
rs1087 8.601380 0.228870 0.000000
rs1091 8.110960 0.163470 0.130780
rs1098 7.947480 0.196170 0.000000
rs1100 8.045570 0.228860 0.425040
rs1102 8.209040 0.130780 0.000000
rs1103 7.653230 0.523120 -0.098090
rs1104 8.405210 0.294260 0.000000
rs1105 7.489750 0.588510 0.326950
rs1108 7.587840 0.719290 0.000000
rs1109 8.928330 inf 0.425030
rs1110 8.241740 0.130780 0.000000
rs1113 7.358970 0.686600 0.130780
rs1114 8.274430 0.196170 0.000000
rs1117 7.947480 0.196170 0.065390
rs1118 7.457060 0.686590 0.000000
rs1119 7.358970 0.719290 -0.098090
rs1120 7.358970 0.915460 0.000000
rs1121 7.555140 0.588510 -0.098090
rs1122 8.241740 0.098080 0.000000
rs1124 8.143650 0.294260 inf
rs1125 8.241740 0.065390 0.000000
rs1126 7.358970 0.948160 0.392340
rs1128 7.358970 0.653900 0.000000
rs1131 8.274430 0.196170 0.359640
rs1132 7.424360 0.850070 0.000000
rs1135 7.587840 0.588510 0.163470
rs1137 8.405210 0.392340 0.000000
rs1142 8.078260 0.425040 -0.130780
rs1143 7.555140 0.751990 0.000000
rs1145 8.372520 0.392340 -0.098090
rs1146 8.241740 0.163470 0.000000
rs1147 7.358970 0.719290 0.294250
rs1149 7.358970 0.686600 0.000000
rs1151 7.358970 0.948160 -0.098090
rs1154 7.358970 0.948160 0.000000
rs1156 7.358970 0.719290 0.098090
rs1157 7.685920 0.425040 0.000000
rs1159 8.012870 0.457730 0.425030
rs1163 7.358970 0.784680 0.000000
rs1164 7.358970 0.850070 -0.032700
rs1165 7.358970 0.980850 0.000000
rs1166 7.358970 0.850070 0.457730
rs1169 8.274430 0.163480 0.000000
rs1170 8.143650 0.163480 0.457730
rs1171 8.405210 0.228870 0.000000
rs1172 7.358970 0.653900 0.523120
rs1174 8.732160 0.032700 0.000000
rs1176 7.457060 0.817370 0.130780
rs1178 7.358970 0.817380 0.000000
rs1179 7.947480 0.196170 -0.130780
rs1182 8.241740 0.130780 0.000000
rs1183 7.358970 0.948160 0.163480
rs1184 7.947480 0.196170 0.000000
rs1185 8.666770 0.098090 0.163470
rs1187 7.685920 0.425040 0.000000
rs1188 7.358970 0.686600 0.032700
rs1191 7.358970 0.850070 0.000000
rs1192 7.424360 0.686600 -0.130780
rs1193 7.685920 0.719290 0.000000
rs1195 8.372520 0.392340 -0.065390
rs1198 7.424360 0.653900 0.000000
rs1200 7.358970 0.817380 0.457730
rs1202 7.947480 0.032700 0.000000
rs1205 7.947480 0.228870 0.457730
rs1206 7.980180 0.261560 0.000000
rs1207 7.947480 0.261560 -0.098090
rs1208 7.358970 0.817380 0.000000
rs1209 8.307130 0.392340 0.163480
rs1210 8.241740 0.130780 0.000000
rs1211 7.358970 0.817380 0.392340
rs1212 7.947480 0.228870 0.000000
rs1213 8.241740 0.098080 0.392340
rs1217 8.928330 inf 0.000000
rs1220 8.307130 0.228860 0.294250
rs1229 8.339820 0.261560 0.000000
rs1236 7.358970 0.817380 -0.130780
rs1238 7.947480 0.228870 0.000000
rs1245 7.914790 0.359640 -0.098090
rs1248 8.928330 inf 0.000000
rs1257 8.666770 0.196170 -0.130780
rs1258 8.241740 0.130780 0.000000
rs1259 7.358970 0.948160 inf
rs1260 7.784010 0.359640 0.000000
rs1261 8.045570 0.392340 0.032700
rs1262 8.961030 inf 0.000000
rs1263 7.358970 0.948160 0.490430
rs1264 7.980180 0.392340 0.000000
rs1265 8.372520 0.425030 -0.032690
rs1266 8.405210 0.326950 0.000000
rs1267 7.358970 0.751990 0.261560
rs1269 7.358970 0.817380 0.000000
rs1270 7.358970 0.719290 -0.163480
rs1276 7.555140 0.523120 0.000000
rs1278 8.797550 0.065390 -0.098090
rs1280 7.358970 0.686600 0.000000
rs1281 7.849400 0.490420 -0.065400
rs1283 7.358970 0.948160 0.000000
rs1284 7.358970 0.686600 0.163480
rs1285 7.980180 0.392340 0.000000
rs1286 8.241740 0.065390 0.163470
rs1289 7.620530 0.490430 0.000000
rs1290 7.653230 0.588510 -0.130780
rs1291 8.274430 0.359650 0.000000
rs1292 7.358970 0.784680 -0.098090
rs1293 7.358970 0.948160 0.000000
rs1294 8.862940 0.065390 0.196170
rs1295 7.358970 0.784680 0.000000
rs1296 7.391660 0.784690 -0.098090
rs1297 7.358970 0.686600 0.000000
rs1298 7.358970 0.719290 0.130780
rs1299 7.358970 0.948160 0.000000
rs1301 7.358970 0.032690 0.196170
rs1302 7.358970 0.817380 0.000000
rs1303 8.307130 0.392340 0.032700
rs1304 7.587840 0.686590 0.000000
rs1310 7.947480 0.196170 -0.130780
rs1337 7.358970 0.850070 0.000000
rs1359 7.358970 0.686600 0.523120
rs1368 7.358970 1.111630 0.000000
rs1437 7.620530 0.523120 0.294250
rs1518 8.241740 0.098080 0.000000
