rf0002 -0.156700 0.130780 0.000000
rf0003 0.104860 0.065390 0.294260
rf0010 -0.418260 0.163470 0.000000
rf0011 -0.156700 0.163470 0.130780
rf0013 -0.189400 0.032700 0.000000
rf0015 0.235640 0.000000 0.425040
rf0016 -0.058620 0.098090 0.000000
rf0022 -0.189400 0.065390 0.098080
rf0024 -0.156700 0.228860 0.000000
rf0029 -0.352870 0.196170 0.098090
rf0030 -0.025920 0.098080 0.000000
rf0031 0.170250 0.032690 0.294260
rf0040 0.202940 0.032700 0.000000
rf0048 -0.385570 0.196170 0.098080
rf0053 -0.516350 0.196170 0.000000
rf0060 -0.287480 0.163470 0.130780
rf0062 -0.124010 0.130780 0.000000
rf0064 -0.581740 0.196170 0.098080
rf0065 -0.320180 0.163480 0.000000
rf0072 -0.712520 0.294260 0.098080
rf0073 -0.483650 0.228860 0.000000
rf0092 0.268330 inf 0.294250
rf0125 0.104860 0.098080 0.000000
rf0127 -0.287480 0.065390 0.065390
rf0129 -0.124010 0.163480 0.000000
rf0132 -0.156700 0.130780 0.065390
rf0134 0.039470 0.065390 0.000000
rf0138 -0.058620 0.065390 0.065390
rf0164 0.202940 0.000000 0.000000
rf0166 0.006770 0.065390 0.065390
rf0169 -0.352870 0.196170 0.000000
rf0176 0.072160 0.065390 0.392340
rf0180 -0.156700 0.163470 0.000000
rf0190 -0.156700 0.065390 0.098090
rf0201 -0.549040 0.294250 0.000000
rf0204 -0.516350 0.261560 0.098080
rf0205 -0.124010 0.294260 0.000000
rf0223 -0.091310 0.196170 0.163480
rf0234 -0.156700 0.294250 0.000000
rf0237 0.039470 0.098080 0.261560
rf0241 -0.712520 0.326950 0.000000
rf0248 -0.156700 0.098080 0.032700
rf0249 0.235640 0.032690 0.000000
rf0250 -0.614430 0.228860 0.098090
rf0251 -0.222090 0.196170 0.000000
rf0258 -0.156700 0.228860 0.130780
rf0263 -0.287480 0.228860 0.000000
rf0267 -0.156700 0.130780 0.196170
rf0271 0.006770 0.163480 0.000000
rf0283 0.006770 0.130780 0.228860
rf0284 -0.516350 0.228870 0.000000
rf0287 0.006770 0.130780 0.130780
rf0292 0.072160 0.065390 0.000000
rf0295 -0.025920 0.098080 0.098090
rf0298 -0.156700 0.130780 0.000000
rf0306 -0.418260 0.196170 0.130780
rf0309 -0.091310 0.098080 0.000000
rf0315 0.006770 0.163480 0.098080
rf0319 0.006770 0.163480 0.000000
rf0324 -0.156700 0.032690 0.065390
rf0338 -0.418260 0.130780 0.000000
rf0339 0.072160 0.065390 0.294250
rf0343 -0.058620 0.098090 0.000000
rf0348 0.268330 0.000000 0.359640
rf0351 -0.352870 0.163470 0.000000
rf0354 0.039470 0.065390 0.392340
rf0358 -0.581740 0.228870 0.000000
rf0363 -0.614430 0.228860 0.098090
rf0364 0.006770 0.065390 0.000000
rf0366 -0.418260 0.163470 0.098090
rf0372 -0.156700 0.065390 0.000000
rf0375 -0.025920 0.098080 0.065390
rf0377 -0.156700 0.065390 0.000000
rf0383 -0.189400 0.261560 0.130780
rf0385 -0.156700 0.098080 0.000000
rf0386 0.072160 0.032700 0.326950
rf0388 0.235640 0.000000 0.000000
rf0396 0.006770 0.130780 0.196170
rf0397 0.006770 0.098090 0.000000
rf0399 -0.156700 0.065390 0.130780
rf0400 0.301030 inf 0.000000
rf0403 -0.418260 0.261560 0.098090
rf0415 -0.156700 0.163470 0.000000
rf0419 -0.614430 0.261560 0.098090
rf0428 -0.450960 0.261560 0.000000
rf0439 -0.712520 0.261560 0.098080
rf0444 0.006770 0.163480 0.000000
rf0474 -0.516350 0.196170 0.130780
rf0477 -0.385570 0.163480 0.000000
rf0488 -0.222090 0.196170 0.130780
rf0496 -0.516350 0.261560 0.000000
rf0499 -0.385570 0.163480 0.130780
rf0500 0.104860 0.032690 0.000000
rf0503 -0.320180 0.130780 0.065390
rf0513 0.137550 0.065390 0.000000
rf0630 -0.745210 0.261560 0.098090
rf0795 -0.418260 0.326950 0.000000
rs0001 -0.516350 0.261560 0.098080
rs0003 -0.352870 0.228860 0.000000
rs0010 -0.222090 0.098080 0.130780
rs0012 -0.320180 0.228870 0.000000
rs0013 -0.287480 0.228860 0.130780
rs0022 -0.124010 0.098090 0.000000
rs0029 -0.091310 0.098080 0.098090
rs0030 -0.254790 0.196170 0.000000
rs0046 -0.058620 0.228870 0.163470
rs0051 -0.124010 0.228870 0.000000
rs0052 0.006770 0.065390 0.294250
rs0053 0.006770 0.065390 0.000000
rs0054 -0.418260 0.196170 0.098090
rs0062 -0.450960 0.163480 0.000000
rs0087 -0.058620 0.130780 0.326950
rs0088 -0.450960 0.228870 0.000000
rs0089 0.006770 0.163480 0.228860
rs0090 -0.516350 0.163480 0.000000
rs0092 -0.320180 0.228870 0.130780
rs0093 0.202940 0.000000 0.000000
rs0094 -0.254790 0.196170 0.130780
rs0095 -0.581740 0.196170 0.000000
rs0096 0.072160 0.065390 0.294250
rs0097 -0.549040 0.228860 0.000000
rs0098 -0.156700 0.228860 0.130780
rs0104 0.104860 0.065390 0.000000
rs0107 -0.124010 0.130780 0.098080
rs0109 -0.156700 0.130780 0.000000
rs0113 0.137550 0.065390 0.294250
rs0122 -0.483650 0.261560 0.000000
rs0124 -0.385570 0.163480 0.130780
rs0127 -0.320180 0.228870 0.000000
rs0133 -0.156700 0.228860 0.098090
rs0134 -0.058620 0.163480 0.000000
rs0136 -0.091310 0.130780 0.098090
rs0138 -0.418260 0.228860 0.000000
rs0140 -0.614430 0.228860 0.130780
rs0141 -0.189400 0.098090 0.000000
rs0143 0.104860 0.065390 0.294260
rs0145 0.072160 0.032700 0.000000
rs0146 -0.483650 0.261560 0.098090
rs0147 -0.156700 0.098080 0.000000
rs0150 -0.254790 0.130780 0.130780
rs0156 -0.287480 0.261560 0.000000
rs0159 0.072160 0.098090 0.163470
rs0163 -0.124010 0.196170 0.000000
rs0167 -0.516350 0.228870 0.098080
rs0168 -0.549040 0.228860 0.000000
rs0172 -0.156700 0.196170 0.098090
rs0175 -0.222090 0.163470 0.000000
rs0181 -0.189400 0.065390 0.065390
rs0183 0.039470 0.098080 0.000000
rs0196 -0.025920 0.098080 0.098090
rs0201 0.301030 inf 0.000000
rs0203 0.235640 0.032690 0.326950
rs0206 0.137550 0.065390 0.000000
rs0218 -0.287480 0.196170 0.098090
rs0221 0.006770 0.098090 0.000000
rs0225 0.006770 0.098090 0.294250
rs0226 -0.418260 0.228860 0.000000
rs0231 -0.254790 0.163480 0.130780
rs0237 0.006770 0.130780 0.000000
rs0240 0.301030 inf 0.261560
rs0242 -0.156700 0.163470 0.000000
rs0243 0.039470 0.065390 0.261560
rs0244 0.006770 0.163480 0.000000
rs0247 -0.614430 0.228860 0.098090
rs0256 -0.483650 0.261560 0.000000
rs0259 -0.156700 0.130780 0.130780
rs0261 -0.124010 0.098090 0.000000
rs0262 -0.450960 0.196170 0.098080
rs0264 -0.549040 0.196170 0.000000
rs0266 -0.091310 0.098080 0.098090
rs0267 -0.124010 0.228870 0.000000
rs0268 -0.124010 0.228870 0.130780
rs0273 -0.287480 0.163470 0.000000
rs0275 -0.352870 0.163470 0.098090
rs0276 -0.254790 0.196170 0.000000
rs0282 -0.058620 0.098090 0.163470
rs0306 0.006770 0.098090 0.000000
rs0315 -0.156700 0.098080 0.130780
rs0316 0.006770 0.098090 0.000000
rs0318 -0.712520 0.294260 0.065390
rs0320 0.006770 0.098090 0.000000
rs0323 -0.156700 0.098080 0.163480
rs0334 -0.189400 0.163480 0.000000
rs0337 -0.189400 0.163480 0.163470
rs0339 0.202940 0.032700 0.000000
rs0341 -0.352870 0.196170 0.098090
rs0344 -0.450960 0.261560 0.000000
rs0345 -0.516350 0.228870 0.098080
rs0349 -0.581740 0.228870 0.000000
rs0350 -0.091310 0.065390 0.326950
rs0351 0.006770 0.130780 0.000000
rs0354 -0.483650 0.294250 0.098090
rs0358 -0.156700 0.196170 0.000000
rs0373 -0.287480 0.196170 0.163480
rs0386 -0.516350 0.359650 0.000000
rs0391 -0.189400 0.196170 0.130780
rs0392 -0.614430 0.294250 0.000000
rs0393 -0.222090 0.130780 0.130780
rs0406 -0.156700 0.032690 0.000000
rs0416 -0.483650 0.196170 0.098090
rs0419 -0.124010 0.130780 0.000000
rs0421 -0.418260 0.163470 0.163480
rs0424 -0.450960 0.228870 0.000000
rs0425 -0.222090 0.196170 0.130780
rs0429 -0.418260 0.196170 0.000000
rs0430 -0.385570 0.163480 0.130780
rs0432 -0.810600 0.326950 0.000000
rs0437 -0.516350 0.294260 0.098080
rs0440 -0.124010 0.065390 0.000000
rs0444 -0.418260 0.196170 0.098090
rs0452 -0.058620 0.098090 0.000000
rs0460 -0.450960 0.196170 0.130780
rs0463 -0.091310 0.065390 0.000000
rs0468 -0.058620 0.098090 0.326950
rs0472 -0.516350 0.196170 0.000000
rs0473 -0.549040 0.261560 0.130780
rs0477 -0.614430 0.326950 0.000000
rs0485 -0.450960 0.163480 0.130780
rs0493 -0.483650 0.261560 0.000000
rs0495 -0.320180 0.196170 0.098080
rs0503 -0.058620 0.098090 0.000000
rs0505 -0.156700 0.294250 0.130780
rs0508 -0.287480 0.163470 0.000000
rs0516 -0.483650 0.261560 0.098090
rs0517 0.268330 0.000000 0.000000
rs0519 -0.287480 0.228860 0.163480
rs0520 -0.287480 0.163470 0.000000
rs0528 0.235640 0.000000 0.425040
rs0532 -0.254790 0.228870 0.000000
rs0536 -0.483650 0.228860 0.098090
rs0538 -0.156700 0.130780 0.000000
rs0541 0.170250 0.032690 0.261560
rs0549 -0.287480 0.163470 0.000000
rs0554 0.202940 0.032700 0.326950
rs0555 -0.156700 0.228860 0.000000
rs0556 -0.810600 0.392340 0.065390
rs0560 -0.156700 0.196170 0.000000
rs0571 -0.516350 0.196170 0.130780
rs0573 -0.352870 0.163470 0.000000
rs0574 0.137550 0.065390 0.261560
rs0582 -0.025920 0.163470 0.000000
rs0586 -0.516350 0.196170 0.130780
rs0591 -0.124010 0.261560 0.000000
rs0612 -0.058620 0.065390 0.098080
rs0650 -0.091310 0.065390 0.000000
rs0656 -0.156700 0.098080 0.130780
rs0660 0.202940 0.000000 0.000000
rs0672 -0.091310 0.130780 0.098090
rs0679 0.039470 0.065390 0.000000
rs0724 0.072160 0.098090 0.294250
rs0731 -0.287480 0.228860 0.000000
rs0741 -0.156700 0.261560 0.130780
rs0745 -0.091310 0.130780 0.000000
rs0751 0.268330 0.000000 0.425030
rs0763 0.006770 0.065390 0.000000
rs0768 -0.156700 0.163470 0.163480
rs0775 -0.320180 0.163480 0.000000
rs0779 0.006770 0.130780 0.196170
rs0781 0.039470 0.098080 0.000000
rs0788 -0.418260 0.228860 0.098090
rs0797 0.039470 0.065390 0.000000
rs0798 -0.124010 0.098090 0.098080
rs0804 -0.614430 0.228860 0.000000
rs0805 -0.712520 0.261560 0.098080
rs0806 -0.156700 0.261560 0.000000
rs0808 -0.058620 0.032700 0.065390
rs0809 0.202940 0.032700 0.000000
rs0812 0.202940 0.032700 0.326950
rs0815 -0.352870 0.163470 0.000000
rs0823 0.235640 0.000000 0.294260
rs0833 0.039470 0.065390 0.000000
rs0839 0.202940 0.000000 0.457730
rs0842 -0.483650 0.196170 0.000000
rs0847 0.039470 0.065390 0.294260
rs0868 -0.156700 0.196170 0.000000
rs0869 -0.450960 0.261560 0.098080
rs0871 -0.483650 0.392340 0.000000
rs0896 -0.091310 0.098080 0.065390
rs0906 -0.483650 0.196170 0.000000
rs0909 -0.189400 0.130780 0.163470
rs0916 -0.287480 0.163470 0.000000
rs0932 -0.352870 0.196170 0.098090
rs0933 -0.418260 0.196170 0.000000
rs0944 -0.287480 0.163470 0.130780
rs0950 -0.516350 0.359650 0.000000
rs0957 -0.614430 0.294250 0.098090
rs0958 0.104860 0.065390 0.000000
rs0959 -0.483650 0.228860 0.130780
rs0960 -0.418260 0.163470 0.000000
rs0967 -0.287480 0.196170 0.098090
rs0970 0.039470 0.098080 0.000000
rs0974 0.072160 0.098090 0.196170
rs0978 -0.287480 0.130780 0.000000
rs0981 -0.418260 0.163470 0.098090
rs0983 -0.483650 0.261560 0.000000
rs0984 -0.287480 0.196170 0.130780
rs0985 -0.418260 0.261560 0.000000
rs0991 0.006770 0.163480 0.228860
rs0995 -0.124010 0.163480 0.000000
rs0997 -0.091310 0.130780 0.130780
rs1004 -0.025920 0.098080 0.000000
rs1014 -0.614430 0.261560 0.098090
rs1016 0.235640 0.000000 0.000000
rs1021 -0.287480 0.163470 0.098090
rs1023 -0.058620 0.098090 0.000000
rs1025 -0.091310 0.065390 0.065390
rs1029 -0.287480 0.163470 0.000000
rs1030 -0.320180 0.130780 0.130780
rs1035 -0.516350 0.294260 0.000000
rs1036 -0.222090 0.098080 0.098090
rs1038 -0.287480 0.130780 0.000000
rs1046 0.006770 0.196170 0.130780
rs1047 -0.222090 0.130780 0.000000
rs1050 -0.418260 0.163470 0.098090
rs1052 -0.254790 0.196170 0.000000
rs1055 -0.320180 0.163480 0.130780
rs1060 -0.679820 0.261560 0.000000
rs1062 0.137550 0.065390 0.294250
rs1072 -0.156700 0.130780 0.000000
rs1074 -0.418260 0.228860 0.098090
rs1075 0.137550 0.065390 0.000000
rs1081 -0.156700 0.130780 0.130780
rs1082 0.072160 0.065390 0.000000
rs1084 -0.254790 0.163480 0.098080
rs1091 0.006770 0.098090 0.000000
rs1098 -0.352870 0.163470 0.130780
rs1100 -0.091310 0.130780 0.000000
rs1102 0.301030 inf 0.326950
rs1103 -0.647130 0.359650 0.000000
rs1105 -0.320180 0.130780 0.130780
rs1106 -0.025920 0.065390 0.000000
rs1109 0.235640 0.000000 0.392340
rs1110 0.006770 0.065390 0.000000
rs1111 -0.156700 0.032690 0.065390
rs1112 -0.156700 0.065390 0.000000
rs1116 -0.058620 0.065390 0.065390
rs1117 -0.320180 0.196170 0.000000
rs1118 -0.025920 0.098080 0.163480
rs1121 0.235640 0.000000 0.000000
rs1126 -0.352870 0.196170 0.098090
rs1129 -0.091310 0.098080 0.000000
rs1131 0.235640 0.032690 0.326950
rs1137 -0.156700 0.163470 0.000000
rs1143 -0.352870 0.163470 0.098090
rs1150 -0.156700 0.065390 0.000000
rs1152 0.006770 0.098090 0.130780
rs1154 -0.156700 0.130780 0.000000
rs1159 -0.352870 0.163470 0.130780
rs1163 -0.483650 0.359640 0.000000
rs1168 0.039470 0.065390 0.130780
rs1169 -0.156700 0.130780 0.000000
rs1178 -0.189400 0.163480 0.163470
rs1179 -0.352870 0.228860 0.000000
rs1182 -0.156700 0.196170 0.130780
rs1185 0.072160 0.032700 0.000000
rs1188 -0.516350 0.228870 0.098080
rs1191 -0.091310 0.163470 0.000000
rs1195 -0.124010 0.163480 0.098080
rs1197 -0.091310 0.130780 0.000000
rs1198 -0.549040 0.359640 0.065390
rs1200 -0.418260 0.163470 0.000000
rs1209 -0.450960 0.326950 0.065390
rs1212 -0.189400 0.130780 0.000000
rs1214 -0.287480 0.032690 0.065390
rs1220 0.039470 0.065390 0.000000
rs1248 -0.189400 0.196170 0.130780
rs1258 0.006770 0.065390 0.000000
rs1259 -0.516350 0.261560 0.098080
rs1264 -0.516350 0.196170 0.000000
rs1266 -0.156700 0.098080 0.392340
rs1267 0.268330 0.000000 0.000000
rs1270 -0.483650 0.359640 0.098090
rs1276 -0.450960 0.196170 0.000000
rs1284 -0.581740 0.228870 0.098080
rs1290 -0.647130 0.294260 0.000000
rs1291 -0.352870 0.196170 0.098090
rs1293 -0.156700 0.163470 0.000000
rs1296 -0.614430 0.228860 0.130780
rs1297 -0.549040 0.228860 0.000000
rs1337 -0.189400 0.196170 0.130780
rs1359 -0.516350 0.228870 0.000000
rs1437 0.104860 0.065390 0.228870
