rf0002 0.078950 0.105260 0.000000
rf0003 0.000000 0.078950 inf
rf0007 0.000000 0.105260 0.000000
rf0010 0.078950 0.236840 0.052630
rf0011 0.000000 0.105260 0.000000
rf0013 0.289470 0.131580 0.052630
rf0015 0.000000 0.078950 0.000000
rf0016 0.184210 0.105260 0.078950
rf0022 0.184210 0.131580 0.000000
rf0024 0.000000 0.078950 inf
rf0029 0.026320 0.157890 0.000000
rf0030 0.000000 0.078950 inf
rf0031 0.000000 0.078950 0.000000
rf0032 0.026320 0.157890 inf
rf0033 0.078950 0.315790 0.000000
rf0040 0.000000 0.078950 inf
rf0042 0.000000 0.157890 0.000000
rf0043 0.000000 0.052630 inf
rf0048 0.052630 0.236840 0.000000
rf0049 0.026320 0.289470 0.000000
rf0053 0.052630 0.210530 0.000000
rf0055 0.263160 0.263160 0.105270
rf0058 0.000000 0.131580 0.000000
rf0060 0.026320 0.210520 0.000000
rf0061 0.052630 0.210530 0.000000
rf0062 0.000000 0.105260 inf
rf0064 0.078950 0.263160 0.000000
rf0065 0.078950 0.315790 0.026320
rf0071 0.000000 0.078950 0.000000
rf0072 0.052630 0.210530 0.026310
rf0073 0.000000 0.157890 0.000000
rf0074 0.000000 0.105260 inf
rf0084 0.000000 0.105260 0.000000
rf0092 0.000000 0.052630 inf
rf0099 0.026320 0.157890 0.000000
rf0102 0.000000 0.236840 inf
rf0109 0.000000 0.078950 0.000000
rf0113 0.184210 0.131580 0.078950
rf0117 0.184210 0.447370 0.000000
rf0118 0.026320 0.526310 0.000000
rf0122 0.157890 0.526320 0.000000
rf0125 0.000000 0.078950 inf
rf0126 0.000000 0.052630 0.000000
rf0127 0.184210 0.184210 0.026320
rf0128 0.026320 0.157890 0.000000
rf0129 0.000000 0.105260 inf
rf0132 0.026320 0.078940 0.000000
rf0133 0.131580 0.157890 0.078950
rf0134 0.000000 0.078950 0.000000
rf0138 0.421050 0.184210 0.052630
rf0148 0.184210 0.157900 0.000000
rf0150 0.000000 0.078950 inf
rf0156 0.000000 0.078950 0.000000
rf0158 0.210530 0.210520 0.078950
rf0164 0.000000 0.078950 0.000000
rf0166 0.368420 0.157900 0.078950
rf0167 0.000000 0.052630 0.000000
rf0169 0.052630 0.289480 0.026310
rf0171 0.000000 0.052630 0.000000
rf0173 0.000000 0.078950 inf
rf0175 0.000000 0.131580 0.000000
rf0176 0.000000 0.105260 inf
rf0180 0.000000 0.078950 0.000000
rf0190 0.157890 0.184220 0.052630
rf0192 0.131580 0.394740 0.000000
rf0193 0.000000 0.078950 inf
rf0201 0.000000 0.184210 0.000000
rf0204 0.026320 0.184210 inf
rf0205 0.000000 0.105260 0.000000
rf0206 0.000000 0.105260 inf
rf0221 0.263160 0.157890 0.000000
rf0223 0.000000 0.078950 inf
rf0227 0.000000 0.105260 0.000000
rf0234 0.000000 0.078950 inf
rf0237 0.000000 0.078950 0.000000
rf0238 0.105260 0.368420 0.052630
rf0241 0.026320 0.157890 0.000000
rf0242 0.000000 0.105260 inf
rf0244 0.236840 0.184210 0.000000
rf0248 0.500000 0.236840 0.078950
rf0249 0.000000 0.052630 0.000000
rf0250 0.052630 0.105260 inf
rf0251 0.000000 0.078950 0.000000
rf0253 0.210530 0.236840 0.078950
rf0256 0.000000 0.078950 0.000000
rf0258 0.000000 0.078950 inf
rf0259 0.052630 0.236840 0.000000
rf0263 0.000000 0.105260 inf
rf0264 0.000000 0.078950 0.000000
rf0267 0.000000 0.105260 inf
rf0268 0.026320 0.236840 0.000000
rf0271 0.447370 0.236840 0.105260
rf0277 0.263160 0.184210 0.000000
rf0283 0.000000 0.078950 inf
rf0284 0.052630 0.210530 0.000000
rf0286 0.315790 0.236840 0.105260
rf0287 0.105260 0.105270 0.000000
rf0292 0.000000 0.078950 inf
rf0294 0.000000 0.078950 0.000000
rf0295 0.210530 0.157890 0.052640
rf0298 0.000000 0.157890 0.000000
rf0299 0.026320 0.263150 0.000000
rf0300 0.026320 0.131570 0.000000
rf0303 0.000000 0.184210 inf
rf0305 0.052630 0.184210 0.000000
rf0306 0.105260 0.289480 0.052630
rf0309 0.078950 0.105260 0.000000
rf0314 0.000000 0.184210 inf
rf0315 0.578950 0.236840 0.000000
rf0316 0.000000 0.078950 inf
rf0318 0.052630 0.342110 0.000000
rf0319 0.421050 0.236840 0.078940
rf0324 0.368420 0.157900 0.000000
rf0325 0.210530 0.105260 0.078950
rf0327 0.052630 0.315790 0.000000
rf0329 0.026320 0.078940 inf
rf0331 0.105260 0.342110 0.000000
rf0333 0.000000 0.078950 inf
rf0335 0.078950 0.394730 0.000000
rf0338 0.157890 0.368430 0.026310
rf0339 0.000000 0.105260 0.000000
rf0342 0.052630 0.131580 0.026310
rf0343 0.000000 0.078950 0.000000
rf0346 0.000000 0.131580 inf
rf0348 0.000000 0.052630 0.000000
rf0351 0.026320 0.157890 inf
rf0354 0.000000 0.105260 0.000000
rf0358 0.052630 0.131580 0.026310
rf0363 0.052630 0.157900 0.000000
rf0364 0.000000 0.078950 inf
rf0366 0.052630 0.157900 0.000000
rf0372 0.263160 0.131580 0.052630
rf0374 0.052630 0.210530 0.000000
rf0375 0.342110 0.157890 0.078950
rf0376 0.105260 0.184210 0.000000
rf0377 0.368420 0.210530 0.078950
rf0378 0.000000 0.078950 0.000000
rf0381 0.000000 0.157890 inf
rf0383 0.000000 0.131580 0.000000
rf0385 0.000000 0.131580 inf
rf0386 0.000000 0.078950 0.000000
rf0387 0.000000 0.078950 inf
rf0388 0.000000 0.078950 0.000000
rf0391 0.052630 0.368420 0.026310
rf0394 0.157890 0.131580 0.000000
rf0395 0.000000 0.052630 inf
rf0396 0.000000 0.078950 0.000000
rf0397 0.000000 0.105260 inf
rf0398 0.000000 0.078950 0.000000
rf0399 0.026320 0.105260 inf
rf0400 0.000000 0.052630 0.000000
rf0401 0.105260 0.447370 0.026310
rf0403 0.000000 0.131580 0.000000
rf0405 0.236840 0.184210 0.105260
rf0415 0.000000 0.078950 0.000000
rf0419 0.052630 0.210530 0.026310
rf0425 0.000000 0.105260 0.000000
rf0427 0.000000 0.078950 inf
rf0428 0.000000 0.184210 0.000000
rf0430 0.000000 0.289470 inf
rf0432 0.078950 0.184210 0.000000
rf0433 0.000000 0.131580 inf
rf0434 0.000000 0.210530 0.000000
rf0435 0.078950 0.105260 0.052630
rf0439 0.105260 0.394740 0.000000
rf0441 0.105260 0.289480 0.052630
rf0444 0.263160 0.184210 0.000000
rf0446 0.052630 0.210530 0.026310
rf0447 0.289470 0.236850 0.000000
rf0448 0.000000 0.131580 inf
rf0455 0.000000 0.052630 0.000000
rf0460 0.000000 0.078950 inf
rf0463 0.000000 0.078950 0.000000
rf0466 0.000000 0.105260 inf
rf0473 0.000000 0.078950 0.000000
rf0474 0.052630 0.236840 0.026310
rf0476 0.078950 0.210520 0.000000
rf0477 0.078950 0.236840 0.026320
rf0480 0.026320 0.500000 0.000000
rf0482 0.131580 0.263160 0.052630
rf0485 0.026320 0.210520 0.000000
rf0488 0.000000 0.105260 inf
rf0496 0.078950 0.394730 0.000000
rf0499 0.052630 0.184210 0.026310
rf0500 0.000000 0.078950 0.000000
rf0503 0.078950 0.157890 0.026320
rf0506 0.078950 0.105260 0.000000
rf0507 0.000000 0.105260 inf
rf0510 0.000000 0.078950 0.000000
rf0513 0.000000 0.078950 inf
rf0630 0.078950 0.184210 0.000000
rf0684 0.000000 0.078950 inf
rf0693 0.052630 0.421050 0.000000
rf0713 0.052630 0.289480 0.026310
rf0730 0.000000 0.078950 0.000000
rf0795 0.000000 0.131580 inf
rs0001 0.000000 0.157890 0.000000
rs0002 0.000000 0.105260 inf
rs0003 0.000000 0.131580 0.000000
rs0010 0.078950 0.210520 0.026320
rs0011 0.052630 0.289480 0.000000
rs0012 0.000000 0.131580 inf
rs0013 0.000000 0.131580 0.000000
rs0014 0.342110 0.210520 0.105270
rs0018 0.052630 0.131580 0.000000
rs0019 0.000000 0.052630 inf
rs0020 0.157890 0.500000 0.000000
rs0022 0.078950 0.105260 0.052630
rs0029 0.210530 0.105260 0.000000
rs0030 0.000000 0.105260 inf
rs0032 0.000000 0.105260 0.000000
rs0041 0.000000 0.447370 inf
rs0042 0.000000 0.105260 0.000000
rs0044 0.210530 0.105260 0.078950
rs0045 0.000000 0.131580 0.000000
rs0046 0.000000 0.078950 inf
rs0048 0.000000 0.078950 0.000000
rs0049 0.000000 0.526320 inf
rs0050 0.000000 0.078950 0.000000
rs0051 0.000000 0.078950 inf
rs0052 0.000000 0.078950 0.000000
rs0053 0.368420 0.184210 0.052630
rs0054 0.052630 0.184210 0.000000
rs0062 0.052630 0.184210 0.026310
rs0063 0.131580 0.184210 0.000000
rs0064 0.000000 0.078950 inf
rs0068 0.026320 0.184210 0.000000
rs0070 0.105260 0.342110 0.052630
rs0077 0.000000 0.052630 0.000000
rs0080 0.131580 0.157890 0.078950
rs0082 0.026320 0.447360 0.000000
rs0083 0.026320 0.289470 0.000000
rs0084 0.000000 0.105260 0.000000
rs0085 0.000000 0.105260 inf
rs0087 0.000000 0.105260 0.000000
rs0088 0.026320 0.184210 inf
rs0089 0.000000 0.078950 0.000000
rs0090 0.078950 0.289470 0.026320
rs0092 0.000000 0.157890 0.000000
rs0093 0.000000 0.078950 inf
rs0094 0.000000 0.105260 0.000000
rs0095 0.157890 0.473690 0.052630
rs0096 0.000000 0.078950 0.000000
rs0097 0.052630 0.157900 0.026310
rs0098 0.000000 0.078950 0.000000
rs0104 0.000000 0.078950 inf
rs0105 0.157890 0.447370 0.000000
rs0107 0.026320 0.105260 inf
rs0109 0.368420 0.210530 0.000000
rs0111 0.157890 0.473690 0.052630
rs0113 0.000000 0.078950 0.000000
rs0118 0.000000 0.131580 inf
rs0120 0.000000 0.105260 0.000000
rs0121 0.000000 0.078950 inf
rs0122 0.026320 0.184210 0.000000
rs0124 0.184210 0.473680 0.052630
rs0127 0.000000 0.105260 0.000000
rs0128 0.000000 0.078950 inf
rs0129 0.000000 0.052630 0.000000
rs0130 0.078950 0.368420 0.026320
rs0132 0.000000 0.500000 0.000000
rs0133 0.000000 0.078950 inf
rs0134 0.000000 0.078950 0.000000
rs0135 0.000000 0.105260 inf
rs0136 0.000000 0.105260 0.000000
rs0138 0.052630 0.289480 0.026310
rs0140 0.078950 0.315790 0.000000
rs0141 0.026320 0.210520 inf
rs0143 0.000000 0.078950 0.000000
rs0145 0.000000 0.105260 inf
rs0146 0.000000 0.157890 0.000000
rs0147 0.000000 0.105260 inf
rs0148 0.000000 0.078950 0.000000
rs0149 0.000000 0.131580 inf
rs0150 0.105260 0.421060 0.000000
rs0155 0.052630 0.131580 0.026310
rs0156 0.000000 0.105260 0.000000
rs0159 0.000000 0.078950 inf
rs0163 0.000000 0.078950 0.000000
rs0166 0.000000 0.078950 inf
rs0167 0.026320 0.184210 0.000000
rs0168 0.052630 0.210530 0.026310
rs0172 0.000000 0.131580 0.000000
rs0174 0.052630 0.236840 0.026310
rs0175 0.000000 0.105260 0.000000
rs0179 0.000000 0.131580 inf
rs0180 0.000000 0.131580 0.000000
rs0181 0.210530 0.078940 0.105270
rs0182 0.000000 0.078950 0.000000
rs0183 0.000000 0.078950 inf
rs0184 0.052630 0.394740 0.000000
rs0188 0.000000 0.078950 inf
rs0190 0.131580 0.131580 0.000000
rs0191 0.210530 0.184210 0.105270
rs0193 0.000000 0.078950 0.000000
rs0194 0.105260 0.078950 0.078940
rs0196 0.289470 0.184210 0.000000
rs0201 0.000000 0.052630 inf
rs0202 0.105260 0.078950 0.000000
rs0203 0.000000 0.052630 inf
rs0206 0.000000 0.078950 0.000000
rs0209 0.000000 0.105260 inf
rs0210 0.026320 0.342100 0.000000
rs0211 0.000000 0.052630 inf
rs0212 0.000000 0.236840 0.000000
rs0214 0.000000 0.105260 inf
rs0218 0.026320 0.210520 0.000000
rs0221 0.000000 0.078950 inf
rs0222 0.000000 0.105260 0.000000
rs0225 0.000000 0.078950 inf
rs0226 0.000000 0.157890 0.000000
rs0227 0.000000 0.078950 inf
rs0231 0.000000 0.131580 0.000000
rs0237 0.000000 0.078950 inf
rs0239 0.289470 0.157900 0.000000
rs0240 0.000000 0.052630 inf
rs0242 0.000000 0.105260 0.000000
rs0243 0.000000 0.105260 inf
rs0244 0.578950 0.236840 0.000000
rs0247 0.078950 0.236840 0.052630
rs0250 0.000000 0.078950 0.000000
rs0253 0.210530 0.157890 0.078950
rs0255 0.000000 0.157890 0.000000
rs0256 0.000000 0.131580 inf
rs0257 0.052630 0.184210 0.000000
rs0259 0.000000 0.105260 inf
rs0260 0.000000 0.078950 0.000000
rs0261 0.052630 0.105260 0.026310
rs0262 0.052630 0.184210 0.000000
rs0263 0.000000 0.078950 inf
rs0264 0.105260 0.289480 0.000000
rs0266 0.052630 0.105260 0.026310
rs0267 0.000000 0.078950 0.000000
rs0268 0.000000 0.078950 inf
rs0269 0.000000 0.131580 0.000000
rs0270 0.000000 0.078950 inf
rs0273 0.026320 0.157890 0.000000
rs0274 0.026320 0.105260 inf
rs0275 0.026320 0.157890 0.000000
rs0276 0.000000 0.131580 inf
rs0280 0.000000 0.078950 0.000000
rs0282 0.000000 0.105260 inf
rs0283 0.052630 0.131580 0.000000
rs0289 0.000000 0.105260 inf
rs0290 0.000000 0.315790 0.000000
rs0297 0.078950 0.289470 0.052630
rs0303 0.026320 0.526310 0.000000
rs0306 0.000000 0.078950 inf
rs0308 0.000000 0.078950 0.000000
rs0310 0.105260 0.157900 0.052630
rs0313 0.000000 0.078950 0.000000
rs0314 0.000000 0.105260 inf
rs0315 0.052630 0.105260 0.000000
rs0316 0.000000 0.078950 inf
rs0318 0.052630 0.263160 0.000000
rs0320 0.000000 0.105260 inf
rs0323 0.026320 0.105260 0.000000
rs0328 0.000000 0.157890 inf
rs0331 0.000000 0.105260 0.000000
rs0334 0.000000 0.078950 inf
rs0336 0.000000 0.131580 0.000000
rs0337 0.000000 0.105260 inf
rs0339 0.000000 0.078950 0.000000
rs0341 0.052630 0.210530 0.026310
rs0343 0.000000 0.184210 0.000000
rs0344 0.026320 0.184210 inf
rs0345 0.131580 0.447370 0.000000
rs0349 0.078950 0.342100 0.026320
rs0350 0.000000 0.131580 0.000000
rs0351 0.263160 0.184210 0.078950
rs0354 0.000000 0.210530 0.000000
rs0356 0.184210 0.157900 0.078950
rs0358 0.000000 0.078950 0.000000
rs0362 0.078950 0.105260 0.052630
rs0363 0.026320 0.236840 0.000000
rs0365 0.052630 0.342110 0.026310
rs0371 0.000000 0.078950 0.000000
rs0372 0.000000 0.236840 inf
rs0373 0.000000 0.131580 0.000000
rs0374 0.052630 0.210530 0.026310
rs0376 0.000000 0.105260 0.000000
rs0377 0.000000 0.105260 inf
rs0378 0.000000 0.105260 0.000000
rs0382 0.000000 0.078950 inf
rs0384 0.000000 0.157890 0.000000
rs0386 0.000000 0.157890 inf
rs0389 0.000000 0.315790 0.000000
rs0390 0.026320 0.105260 inf
rs0391 0.000000 0.078950 0.000000
rs0392 0.026320 0.105260 inf
rs0393 0.052630 0.131580 0.000000
rs0396 0.263160 0.131580 0.052630
rs0405 0.000000 0.078950 0.000000
rs0406 0.105260 0.105270 0.052630
rs0409 0.000000 0.078950 0.000000
rs0410 0.105260 0.394740 0.052630
rs0416 0.105260 0.368420 0.000000
rs0418 0.078950 0.342100 0.026320
rs0419 0.000000 0.105260 0.000000
rs0420 0.000000 0.078950 inf
rs0421 0.131580 0.447370 0.000000
rs0423 0.000000 0.605260 -0.026320
rs0424 0.026320 0.157890 0.000000
rs0425 0.000000 0.078950 inf
rs0427 0.052630 0.236840 0.000000
rs0429 0.078950 0.263160 0.026320
rs0430 0.131580 0.421050 0.000000
rs0432 0.026320 0.078940 inf
rs0433 0.000000 0.078950 0.000000
rs0435 0.000000 0.289470 inf
rs0437 0.000000 0.131580 0.000000
rs0440 0.210530 0.131580 0.052640
rs0444 0.052630 0.184210 0.000000
rs0449 0.000000 0.078950 inf
rs0451 0.105260 0.105270 0.000000
rs0452 0.000000 0.105260 inf
rs0453 0.000000 0.052630 0.000000
rs0454 0.000000 0.184210 inf
rs0456 0.000000 0.157890 0.000000
rs0460 0.052630 0.236840 0.026310
rs0463 0.000000 0.105260 0.000000
rs0466 0.000000 0.105260 inf
rs0467 0.052630 0.289480 0.000000
rs0468 0.000000 0.105260 inf
rs0469 0.105260 0.289480 0.000000
rs0470 0.105260 0.342110 0.052630
rs0472 0.131580 0.394740 0.000000
rs0473 0.052630 0.263160 0.026310
rs0476 0.000000 0.078950 0.000000
rs0477 0.000000 0.105260 inf
rs0480 0.000000 0.157890 0.000000
rs0485 0.078950 0.210520 0.052630
rs0493 0.000000 0.157890 0.000000
rs0495 0.078950 0.263160 0.052630
rs0496 0.000000 0.078950 0.000000
rs0498 0.210530 0.131580 0.105270
rs0503 0.052630 0.078950 0.000000
rs0505 0.000000 0.131580 inf
rs0508 0.052630 0.263160 0.000000
rs0516 0.000000 0.157890 inf
rs0517 0.000000 0.078950 0.000000
rs0519 0.000000 0.105260 inf
rs0520 0.052630 0.157900 0.000000
rs0521 0.000000 0.105260 inf
rs0522 0.000000 0.078950 0.000000
rs0524 0.000000 0.236840 inf
rs0528 0.000000 0.052630 0.000000
rs0531 0.000000 0.052630 inf
rs0532 0.000000 0.105260 0.000000
rs0534 0.000000 0.131580 inf
rs0536 0.026320 0.157890 0.000000
rs0537 0.184210 0.078950 0.078950
rs0538 0.000000 0.078950 0.000000
rs0541 0.000000 0.078950 inf
rs0543 0.000000 0.157890 0.000000
rs0545 0.236840 0.552630 0.052630
rs0548 0.000000 0.210530 0.000000
rs0549 0.000000 0.131580 inf
rs0553 0.052630 0.184210 0.000000
rs0554 0.000000 0.078950 inf
rs0555 0.000000 0.078950 0.000000
rs0556 0.026320 0.210520 0.000000
rs0560 0.000000 0.078950 0.000000
rs0561 0.263160 0.184210 0.105270
rs0562 0.000000 0.473680 0.000000
rs0564 0.078950 0.289470 0.052630
rs0568 0.026320 0.184210 0.000000
rs0570 0.131580 0.184210 0.052630
rs0571 0.105260 0.342110 0.000000
rs0572 0.000000 0.078950 inf
rs0573 0.052630 0.289480 0.000000
rs0574 0.000000 0.105260 inf
rs0578 0.000000 0.078950 0.000000
rs0582 0.000000 0.131580 inf
rs0585 0.026320 0.236840 0.000000
rs0586 0.052630 0.210530 0.026310
rs0587 0.026320 0.105260 0.000000
rs0588 0.000000 0.131580 inf
rs0591 0.000000 0.078950 0.000000
rs0598 0.000000 0.105260 inf
rs0603 0.105260 0.131580 0.000000
rs0609 0.000000 0.105260 inf
rs0610 0.131580 0.210530 0.000000
rs0612 0.157890 0.078950 0.052630
rs0615 0.000000 0.078950 0.000000
rs0626 0.236840 0.578950 0.052630
rs0636 0.052630 0.078950 0.000000
rs0640 0.000000 0.210530 inf
rs0644 0.026320 0.263150 0.000000
rs0650 0.078950 0.078940 0.052630
rs0656 0.026320 0.078940 0.000000
rs0660 0.000000 0.078950 inf
rs0669 0.210530 0.131580 0.000000
rs0672 0.184210 0.078950 0.078950
rs0679 0.000000 0.078950 0.000000
rs0688 0.000000 0.052630 inf
rs0708 0.000000 0.078950 0.000000
rs0719 0.000000 0.052630 inf
rs0724 0.000000 0.078950 0.000000
rs0731 0.000000 0.105260 inf
rs0741 0.000000 0.105260 0.000000
rs0743 0.078950 0.236840 0.052630
rs0744 0.000000 0.105260 0.000000
rs0745 0.000000 0.131580 inf
rs0751 0.000000 0.052630 0.000000
rs0752 0.000000 0.157890 inf
rs0754 0.000000 0.078950 0.000000
rs0757 0.078950 0.105260 0.052630
rs0763 0.000000 0.078950 0.000000
rs0767 0.000000 0.368420 inf
rs0768 0.000000 0.105260 0.000000
rs0774 0.078950 0.210520 0.052630
rs0775 0.131580 0.368420 0.000000
rs0777 0.078950 0.263160 0.052630
rs0779 0.000000 0.105260 0.000000
rs0781 0.000000 0.078950 inf
rs0784 0.289470 0.157900 0.000000
rs0786 0.078950 0.342100 0.052630
rs0788 0.026320 0.157890 0.000000
rs0793 0.000000 0.105260 inf
rs0797 0.000000 0.105260 0.000000
rs0798 0.026320 0.105260 inf
rs0802 0.026320 0.263150 0.000000
rs0804 0.052630 0.131580 0.026310
rs0805 0.105260 0.342110 0.000000
rs0806 0.000000 0.078950 inf
rs0808 0.552630 0.210530 0.000000
rs0809 0.000000 0.078950 inf
rs0810 0.026320 0.368420 0.000000
rs0811 0.000000 0.078950 inf
rs0812 0.000000 0.078950 0.000000
rs0815 0.052630 0.263160 0.026310
rs0823 0.000000 0.052630 0.000000
rs0831 0.000000 0.052630 inf
rs0833 0.000000 0.105260 0.000000
rs0834 0.000000 0.105260 inf
rs0839 0.000000 0.078950 0.000000
rs0842 0.078950 0.342100 0.026320
rs0843 0.000000 0.105260 0.000000
rs0845 0.000000 0.078950 inf
rs0846 0.000000 0.078950 0.000000
rs0847 0.000000 0.105260 inf
rs0850 0.000000 0.052630 0.000000
rs0853 0.000000 0.105260 inf
rs0866 0.000000 0.105260 0.000000
rs0868 0.000000 0.078950 inf
rs0869 0.000000 0.131580 0.000000
rs0871 0.000000 0.105260 inf
rs0872 0.052630 0.210530 0.000000
rs0873 0.026320 0.105260 inf
rs0875 0.105260 0.131580 0.000000
rs0879 0.210530 0.131580 0.078950
rs0880 0.000000 0.105260 0.000000
rs0882 0.000000 0.157890 inf
rs0891 0.000000 0.078950 0.000000
rs0896 0.315790 0.157890 0.078950
rs0897 0.000000 0.105260 0.000000
rs0901 0.052630 0.421050 0.026310
rs0906 0.052630 0.184210 0.000000
rs0907 0.000000 0.131580 inf
rs0909 0.052630 0.157900 0.000000
rs0910 0.236840 0.131580 0.078950
rs0916 0.026320 0.131570 0.000000
rs0919 0.052630 0.368420 0.026310
rs0921 0.000000 0.078950 0.000000
rs0922 0.000000 0.131580 inf
rs0923 0.078950 0.421050 0.000000
rs0932 0.078950 0.421050 0.026320
rs0933 0.078950 0.315790 0.000000
rs0935 0.000000 0.131580 inf
rs0944 0.026320 0.131570 0.000000
rs0945 0.000000 0.131580 inf
rs0946 0.000000 0.157890 0.000000
rs0950 0.000000 0.157890 inf
rs0953 0.000000 0.078950 0.000000
rs0954 0.078950 0.078940 0.052630
rs0957 0.052630 0.263160 0.000000
rs0958 0.000000 0.078950 inf
rs0959 0.105260 0.368420 0.000000
rs0960 0.157890 0.473690 0.052630
rs0967 0.000000 0.105260 0.000000
rs0970 0.000000 0.078950 inf
rs0974 0.000000 0.078950 0.000000
rs0978 0.052630 0.131580 0.026310
rs0979 0.000000 0.421050 0.000000
rs0980 0.000000 0.105260 inf
rs0981 0.052630 0.210530 0.000000
rs0982 0.157890 0.500000 0.052630
rs0983 0.026320 0.157890 0.000000
rs0984 0.000000 0.105260 inf
rs0985 0.000000 0.184210 0.000000
rs0988 0.052630 0.131580 0.026310
rs0989 0.000000 0.078950 0.000000
rs0991 0.000000 0.078950 inf
rs0995 0.000000 0.078950 0.000000
rs0997 0.000000 0.078950 inf
rs1000 0.000000 0.105260 0.000000
rs1002 0.000000 0.078950 inf
rs1003 0.105260 0.236850 0.000000
rs1004 0.210530 0.078940 0.052640
rs1005 0.236840 0.210530 0.000000
rs1010 0.000000 0.052630 inf
rs1014 0.052630 0.263160 0.000000
rs1016 0.000000 0.078950 inf
rs1017 0.052630 0.315790 0.000000
rs1020 0.078950 0.500000 0.026320
rs1021 0.052630 0.184210 0.000000
rs1023 0.026320 0.105260 inf
rs1025 0.105260 0.105270 0.000000
rs1029 0.026320 0.131570 inf
rs1030 0.131580 0.421050 0.000000
rs1031 0.000000 0.184210 inf
rs1032 0.026320 0.289470 0.000000
rs1034 0.026320 0.184210 inf
rs1035 0.000000 0.184210 0.000000
rs1036 0.105260 0.131580 0.026310
rs1038 0.131580 0.289470 0.000000
rs1040 0.078950 0.289470 0.026320
rs1043 0.052630 0.263160 0.000000
rs1045 0.026320 0.131570 inf
rs1046 0.500000 0.263160 0.000000
rs1047 0.078950 0.236840 0.026320
rs1048 0.000000 0.078950 0.000000
rs1050 0.105260 0.289480 0.052630
rs1052 0.000000 0.105260 0.000000
rs1054 0.052630 0.236840 0.026310
rs1055 0.052630 0.210530 0.000000
rs1057 0.000000 0.052630 inf
rs1059 0.000000 0.131580 0.000000
rs1060 0.078950 0.210520 0.052630
rs1062 0.000000 0.078950 0.000000
rs1065 0.000000 0.131580 inf
rs1066 0.000000 0.131580 0.000000
rs1068 0.000000 0.105260 inf
rs1072 0.000000 0.131580 0.000000
rs1073 0.263160 0.578950 0.078950
rs1074 0.026320 0.184210 0.000000
rs1075 0.000000 0.078950 inf
rs1076 0.000000 0.078950 0.000000
rs1079 0.000000 0.078950 inf
rs1080 0.000000 0.078950 0.000000
rs1081 0.026320 0.131570 inf
rs1082 0.000000 0.078950 0.000000
rs1084 0.000000 0.105260 inf
rs1086 0.289470 0.131580 0.000000
rs1087 0.000000 0.105260 inf
rs1091 0.000000 0.105260 0.000000
rs1092 0.000000 0.105260 inf
rs1093 0.105260 0.131580 0.000000
rs1098 0.052630 0.131580 0.026310
rs1100 0.000000 0.105260 0.000000
rs1102 0.000000 0.052630 inf
rs1103 0.000000 0.131580 0.000000
rs1104 0.000000 0.184210 inf
rs1105 0.131580 0.289470 0.000000
rs1106 0.684210 0.210530 0.105260
rs1108 0.052630 0.315790 0.000000
rs1109 0.000000 0.078950 inf
rs1110 0.000000 0.078950 0.000000
rs1111 0.315790 0.131580 0.052630
rs1112 0.131580 0.105260 0.000000
rs1114 0.000000 0.078950 inf
rs1116 0.315790 0.131580 0.000000
rs1117 0.026320 0.210520 0.000000
rs1118 0.000000 0.078950 0.000000
rs1121 0.000000 0.078950 inf
rs1122 0.000000 0.078950 0.000000
rs1123 0.000000 0.078950 inf
rs1124 0.000000 0.184210 0.000000
rs1126 0.026320 0.210520 0.000000
rs1129 0.368420 0.184210 0.000000
rs1131 0.000000 0.052630 inf
rs1132 0.105260 0.447370 0.000000
rs1134 0.000000 0.105260 inf
rs1137 0.000000 0.105260 0.000000
rs1142 0.000000 0.184210 inf
rs1143 0.105260 0.342110 0.000000
rs1145 0.000000 0.131580 inf
rs1147 0.026320 0.421050 0.000000
rs1149 0.026320 0.342100 0.000000
rs1150 0.236840 0.184210 0.000000
rs1151 0.000000 0.131580 inf
rs1152 0.000000 0.105260 0.000000
rs1154 0.000000 0.105260 inf
rs1159 0.052630 0.210530 0.000000
rs1162 0.210530 0.105260 0.078950
rs1163 0.000000 0.131580 0.000000
rs1165 0.078950 0.500000 0.026320
rs1168 0.000000 0.105260 0.000000
rs1169 0.000000 0.078950 inf
rs1170 0.000000 0.131580 0.000000
rs1178 0.000000 0.078950 inf
rs1179 0.000000 0.105260 0.000000
rs1182 0.000000 0.105260 inf
rs1183 0.000000 0.078950 0.000000
rs1184 0.026320 0.184210 inf
rs1185 0.000000 0.105260 0.000000
rs1188 0.052630 0.263160 0.026310
rs1190 0.289470 0.184210 0.000000
rs1191 0.000000 0.105260 inf
rs1195 0.105260 0.157900 0.000000
rs1197 0.000000 0.105260 inf
rs1198 0.000000 0.131580 0.000000
rs1200 0.078950 0.263160 0.026320
rs1202 0.052630 0.368420 0.000000
rs1205 0.000000 0.105260 inf
rs1209 0.000000 0.131580 0.000000
rs1211 0.000000 0.078950 inf
rs1212 0.000000 0.131580 0.000000
rs1213 0.000000 0.052630 inf
rs1214 0.421050 0.236840 0.000000
rs1217 0.000000 0.078950 inf
rs1220 0.000000 0.078950 0.000000
rs1229 0.000000 0.052630 inf
rs1245 0.052630 0.315790 0.000000
rs1248 0.000000 0.078950 inf
rs1254 0.210530 0.131580 0.000000
rs1258 0.000000 0.078950 inf
rs1259 0.000000 0.157890 0.000000
rs1260 0.052630 0.210530 0.026310
rs1261 0.000000 0.157890 0.000000
rs1262 0.026320 0.210520 inf
rs1263 0.210530 0.552630 0.000000
rs1264 0.052630 0.184210 0.026310
rs1265 0.000000 0.105260 0.000000
rs1266 0.000000 0.131580 inf
rs1267 0.000000 0.052630 0.000000
rs1269 0.078950 0.578940 0.026320
rs1270 0.000000 0.131580 0.000000
rs1276 0.052630 0.157900 0.026310
rs1278 0.000000 0.078950 0.000000
rs1282 0.236840 0.157900 0.078950
rs1283 0.184210 0.368420 0.000000
rs1284 0.052630 0.184210 0.026310
rs1285 0.026320 0.342100 0.000000
rs1286 0.000000 0.078950 inf
rs1290 0.052630 0.157900 0.000000
rs1291 0.000000 0.157890 inf
rs1292 0.000000 0.210530 0.000000
rs1293 0.000000 0.078950 inf
rs1294 0.000000 0.105260 0.000000
rs1296 0.078950 0.315790 0.026320
rs1297 0.026320 0.210520 0.000000
rs1300 0.236840 0.184210 0.105260
rs1301 0.000000 0.052630 0.000000
rs1302 0.157890 0.473690 0.052630
rs1303 0.000000 0.131580 0.000000
rs1304 0.052630 0.184210 0.026310
rs1337 0.000000 0.078950 0.000000
rs1359 0.026320 0.157890 inf
rs1364 0.000000 0.078950 0.000000
rs1368 0.078950 0.236840 0.052630
rs1437 0.000000 0.078950 0.000000
rs1518 0.000000 0.078950 inf
