rf0002 -0.289200 0.252950 0.000000
rf0003 0.301030 inf 0.379440
rf0007 -0.078410 0.295120 0.000000
rf0010 -0.626480 0.168640 0.084320
rf0011 -0.331360 0.210800 0.000000
rf0013 0.301030 inf 0.252960
rf0015 0.301030 inf 0.000000
rf0016 0.048070 0.168640 0.126480
rf0022 -0.120560 0.252950 0.000000
rf0024 -0.247040 0.379430 0.084320
rf0029 -0.500000 0.210800 0.000000
rf0030 -0.289200 0.421590 0.084320
rf0031 0.301030 inf 0.000000
rf0032 -0.331360 0.379430 0.084320
rf0033 -0.626480 0.168640 0.000000
rf0040 0.301030 inf 0.252960
rf0042 -0.626480 0.295120 0.000000
rf0043 0.301030 inf 0.168640
rf0048 -0.626480 0.210800 0.000000
rf0049 -0.626480 0.168640 0.084320
rf0053 -0.668640 0.168640 0.000000
rf0055 0.301030 -0.042160 0.421590
rf0058 -0.457840 0.295120 0.000000
rf0060 -0.584320 0.210800 0.084320
rf0061 -0.373520 0.295110 0.000000
rf0062 -0.162720 0.252950 0.126480
rf0064 -0.752960 0.168640 0.000000
rf0065 -0.626480 0.168640 0.084320
rf0071 0.301030 inf 0.000000
rf0072 -0.795120 0.210800 0.084320
rf0073 -0.542160 0.505910 0.000000
rf0074 -0.120560 0.337270 0.126480
rf0084 -0.457840 0.463750 0.000000
rf0092 0.301030 inf 0.168640
rf0099 -0.542160 0.168640 0.000000
rf0102 -0.626480 0.252960 0.042160
rf0109 -0.373520 0.421590 0.000000
rf0113 0.132390 0.126480 0.210800
rf0117 -0.500000 0.210800 0.000000
rf0118 -0.710800 0.168640 0.084320
rf0122 -0.752960 0.168640 0.000000
rf0125 0.301030 -0.042160 0.463750
rf0126 0.301030 inf 0.000000
rf0127 -0.247040 0.337270 0.084320
rf0128 -0.373520 0.295110 0.000000
rf0129 -0.373520 0.295110 0.084320
rf0132 -0.204880 0.252950 0.000000
rf0133 0.301030 -0.042160 0.505910
rf0134 -0.415680 0.632390 0.000000
rf0138 0.301030 inf 0.168640
rf0148 0.301030 -0.042160 0.000000
rf0150 0.301030 inf 0.295120
rf0156 0.301030 inf 0.000000
rf0158 -0.036250 0.210800 0.168630
rf0164 0.301030 inf 0.000000
rf0166 0.301030 inf 0.168640
rf0167 0.301030 inf 0.000000
rf0169 -0.626480 0.168640 0.084320
rf0171 0.301030 inf 0.000000
rf0173 0.301030 inf 0.379440
rf0175 -0.457840 0.252960 0.000000
rf0176 0.301030 -0.042160 0.758870
rf0180 -0.457840 0.379430 0.000000
rf0190 -0.331360 0.210800 0.084320
rf0192 -0.584320 0.168640 0.000000
rf0193 0.301030 -0.042160 0.421590
rf0201 -0.626480 0.210800 0.000000
rf0204 -0.626480 0.252960 0.042160
rf0205 0.301030 inf 0.000000
rf0206 0.301030 -0.042160 0.463750
rf0221 0.301030 inf 0.000000
rf0223 0.216710 0.042160 0.379430
rf0227 -0.457840 0.252960 0.000000
rf0234 0.258870 0.000000 0.548070
rf0237 0.301030 -0.042160 0.000000
rf0238 -0.584320 0.168640 0.084320
rf0241 -0.752960 0.252960 0.000000
rf0242 0.301030 -0.042160 0.505910
rf0244 0.301030 -0.042160 0.000000
rf0248 0.216710 0.042160 0.210800
rf0249 0.301030 inf 0.000000
rf0250 -0.668640 0.295120 0.084320
rf0251 -0.415680 0.295120 0.000000
rf0253 -0.078410 0.252960 0.126470
rf0256 0.301030 -0.042160 0.000000
rf0258 -0.331360 0.421590 0.084320
rf0259 -0.457840 0.210800 0.000000
rf0263 -0.500000 0.252960 0.084320
rf0264 0.301030 -0.042160 0.000000
rf0267 -0.457840 0.252960 0.084320
rf0268 -0.542160 0.210800 0.000000
rf0271 0.258870 0.000000 0.252960
rf0277 0.090230 0.168640 0.000000
rf0283 0.258870 0.000000 0.295120
rf0284 -0.668640 0.168640 0.000000
rf0286 0.301030 -0.042160 0.379440
rf0287 0.005910 0.210800 0.000000
rf0292 0.301030 -0.042160 0.463750
rf0294 0.301030 inf 0.000000
rf0295 0.048070 0.168640 0.168630
rf0298 -0.457840 0.210800 0.000000
rf0299 -0.584320 0.210800 0.084320
rf0300 -0.457840 0.168640 0.000000
rf0303 -0.500000 0.210800 0.126480
rf0305 -0.500000 0.210800 0.000000
rf0306 -0.710800 0.168640 0.084320
rf0309 -0.036250 0.252960 0.000000
rf0314 -0.626480 0.168640 0.084320
rf0315 0.301030 inf 0.000000
rf0316 0.301030 -0.084320 0.674550
rf0318 -0.752960 0.252960 0.000000
rf0319 0.258870 inf 0.210800
rf0324 0.301030 inf 0.000000
rf0325 0.301030 -0.042160 0.337280
rf0327 0.301030 -0.042160 0.000000
rf0329 0.301030 inf 0.337280
rf0331 -0.500000 0.210800 0.000000
rf0333 0.258870 0.000000 0.548070
rf0335 -0.752960 0.168640 0.000000
rf0338 -0.626480 0.168640 0.084320
rf0339 0.301030 inf 0.000000
rf0342 -0.331360 0.210800 0.126480
rf0343 -0.036250 0.210800 0.000000
rf0346 0.301030 inf 0.674550
rf0348 0.301030 inf 0.000000
rf0351 -0.542160 0.210800 0.084320
rf0354 0.301030 -0.042160 0.000000
rf0358 -0.668640 0.252960 0.084320
rf0363 -0.710800 0.295120 0.000000
rf0364 -0.457840 0.632390 0.042160
rf0366 -0.584320 0.210800 0.000000
rf0372 0.301030 inf 0.210800
rf0374 -0.542160 0.168640 0.000000
rf0375 0.258870 inf 0.210800
rf0376 -0.373520 0.210800 0.000000
rf0377 0.090230 0.168640 0.126480
rf0378 0.258870 0.000000 0.000000
rf0381 -0.584320 0.337280 0.042160
rf0383 0.301030 -0.042160 0.000000
rf0385 -0.415680 0.210800 0.084320
rf0386 0.301030 -0.042160 0.000000
rf0387 0.216710 0.000000 0.590230
rf0388 0.301030 inf 0.000000
rf0391 -0.584320 0.210800 0.084320
rf0394 0.301030 inf 0.000000
rf0395 0.301030 inf 0.126480
rf0396 0.090230 0.168640 0.000000
rf0397 0.090230 0.168640 0.168640
rf0398 0.301030 -0.042160 0.000000
rf0399 -0.373520 0.210800 0.084320
rf0400 0.301030 inf 0.000000
rf0401 -0.837280 0.126480 0.084310
rf0403 -0.542160 0.421600 0.000000
rf0405 0.301030 -0.042160 0.421590
rf0415 -0.289200 0.295110 0.000000
rf0419 -0.710800 0.210800 0.084320
rf0425 -0.415680 0.548070 0.000000
rf0427 -0.331360 0.505910 0.042160
rf0428 -0.584320 0.210800 0.000000
rf0430 -0.626480 0.295120 0.084320
rf0432 -0.500000 0.210800 0.000000
rf0433 -0.457840 0.337280 0.042160
rf0434 -0.668640 0.252960 0.000000
rf0435 -0.120560 0.337270 0.084320
rf0439 -0.921590 0.168630 0.000000
rf0441 -0.752960 0.168640 0.084320
rf0444 0.258870 0.000000 0.000000
rf0446 0.301030 -0.042160 0.716710
rf0447 0.216710 0.042160 0.000000
rf0448 -0.415680 0.252960 0.084320
rf0455 0.301030 inf 0.000000
rf0460 0.301030 -0.042160 0.421590
rf0463 0.301030 inf 0.000000
rf0466 -0.457840 0.421590 0.042160
rf0473 0.258870 -0.042160 0.000000
rf0474 -0.668640 0.210800 0.084320
rf0476 -0.584320 0.168640 0.000000
rf0477 -0.584320 0.168640 0.084320
rf0480 -0.584320 0.337280 0.000000
rf0482 -0.415680 0.210800 0.126480
rf0485 -0.879440 0.168640 0.000000
rf0488 -0.457840 0.421590 0.042160
rf0496 -0.710800 0.168640 0.000000
rf0499 -0.626480 0.168640 0.042160
rf0500 0.301030 -0.042160 0.000000
rf0503 -0.457840 0.210800 0.042160
rf0506 -0.120560 0.252950 0.000000
rf0507 -0.457840 0.421590 0.084320
rf0510 0.301030 inf 0.000000
rf0513 0.258870 0.000000 0.421590
rf0630 -0.837280 0.168640 0.000000
rf0684 0.301030 inf 0.463750
rf0693 -0.795120 0.168640 0.000000
rf0713 -0.668640 0.168640 0.084320
rf0730 -0.331360 0.505910 0.000000
rf0795 -0.584320 0.295120 0.042160
rs0001 -0.626480 0.295120 0.000000
rs0002 -0.457840 0.252960 0.084320
rs0003 -0.500000 0.295120 0.000000
rs0010 -0.500000 0.210800 0.084320
rs0011 -0.584320 0.210800 0.000000
rs0012 -0.542160 0.337280 0.084320
rs0013 -0.542160 0.210800 0.000000
rs0014 0.090230 0.126480 0.252950
rs0018 0.301030 -0.042160 0.000000
rs0019 0.301030 inf 0.252960
rs0020 -0.668640 0.168640 0.000000
rs0022 0.258870 0.000000 0.379430
rs0029 -0.036250 0.252960 0.000000
rs0030 -0.457840 0.379430 0.042160
rs0032 0.301030 inf 0.000000
rs0041 -0.542160 0.505910 0.084320
rs0042 -0.500000 0.716710 0.000000
rs0044 0.132390 0.126480 0.252950
rs0045 -0.415680 0.379430 0.000000
rs0046 0.258870 0.000000 0.337280
rs0048 0.301030 -0.042160 0.000000
rs0049 0.301030 -0.042160 1.475580
rs0050 0.301030 -0.042160 0.000000
rs0051 -0.247040 0.421590 0.042160
rs0052 -0.415680 0.548070 0.000000
rs0053 0.301030 inf 0.210800
rs0054 -0.626480 0.168640 0.000000
rs0062 -0.626480 0.168640 0.084320
rs0063 -0.247040 0.252950 0.000000
rs0064 0.301030 -0.042160 0.463750
rs0068 -0.500000 0.168640 0.000000
rs0070 -0.668640 0.168640 0.084320
rs0077 0.301030 inf 0.000000
rs0080 0.301030 -0.042160 0.463750
rs0082 -0.626480 0.210800 0.000000
rs0083 -0.668640 0.252960 0.084320
rs0084 -0.373520 0.252960 0.000000
rs0085 -0.415680 0.337270 0.084320
rs0087 0.301030 -0.042160 0.000000
rs0088 -0.626480 0.210800 0.042160
rs0089 0.258870 0.000000 0.000000
rs0090 -0.710800 0.168640 0.084320
rs0092 -0.542160 0.168640 0.000000
rs0093 0.301030 inf 0.379440
rs0094 -0.457840 0.252960 0.000000
rs0095 -0.879440 0.168640 0.084310
rs0096 0.301030 -0.042160 0.000000
rs0097 -0.668640 0.210800 0.084320
rs0098 -0.331360 0.421590 0.000000
rs0104 0.301030 -0.042160 0.505910
rs0105 -0.584320 0.168640 0.000000
rs0107 -0.120560 0.295110 0.126480
rs0109 0.301030 -0.042160 0.000000
rs0111 -0.710800 0.168640 0.084320
rs0113 0.258870 inf 0.000000
rs0118 -0.457840 0.210800 0.084320
rs0120 -0.331360 0.379430 0.000000
rs0121 0.301030 -0.042160 0.505910
rs0122 -0.626480 0.168640 0.000000
rs0124 -0.710800 0.126480 0.084320
rs0127 -0.500000 0.379440 0.000000
rs0128 0.301030 inf 0.421590
rs0129 0.301030 inf 0.000000
rs0130 -0.584320 0.210800 0.084320
rs0132 -0.795120 0.168640 0.000000
rs0133 0.132390 0.126480 0.295110
rs0134 0.132390 0.126480 0.000000
rs0135 -0.289200 0.379430 0.084320
rs0136 0.005910 0.210800 0.000000
rs0138 -0.626480 0.168640 0.084320
rs0140 -0.752960 0.168640 0.000000
rs0141 -0.500000 0.168640 0.126480
rs0143 0.258870 inf 0.000000
rs0145 0.301030 inf 0.632390
rs0146 -0.584320 0.295120 0.000000
rs0147 -0.373520 0.252960 0.084320
rs0148 0.301030 inf 0.000000
rs0149 -0.457840 0.295120 0.084320
rs0150 -0.626480 0.168640 0.000000
rs0155 -0.247040 0.421590 0.126480
rs0156 -0.542160 0.421600 0.000000
rs0159 0.258870 inf 0.210800
rs0163 -0.289200 0.463750 0.000000
rs0166 0.301030 -0.042160 0.590230
rs0167 -0.626480 0.168640 0.000000
rs0168 -0.668640 0.168640 0.084320
rs0172 -0.373520 0.252960 0.000000
rs0174 -0.584320 0.210800 0.084320
rs0175 -0.373520 0.379430 0.000000
rs0179 -0.415680 0.421590 0.084320
rs0180 -0.373520 0.252960 0.000000
rs0181 0.301030 inf 0.337280
rs0182 0.258870 0.000000 0.000000
rs0183 0.301030 -0.042160 0.379440
rs0184 -0.626480 0.210800 0.000000
rs0188 0.301030 inf 0.210800
rs0190 0.301030 -0.042160 0.000000
rs0191 0.301030 -0.042160 0.463750
rs0193 -0.331360 0.505910 0.000000
rs0194 0.301030 -0.042160 0.379440
rs0196 0.090230 0.126480 0.000000
rs0201 0.301030 inf 0.126480
rs0202 0.048070 0.210800 0.000000
rs0203 0.301030 inf 0.210800
rs0206 0.258870 inf 0.000000
rs0209 0.301030 -0.042160 0.463750
rs0210 -0.584320 0.252960 0.000000
rs0211 0.301030 inf 0.168640
rs0212 -0.542160 0.210800 0.000000
rs0214 0.090230 0.126480 0.295110
rs0218 -0.542160 0.168640 0.000000
rs0221 0.090230 0.126480 0.379430
rs0222 0.301030 -0.042160 0.000000
rs0225 0.301030 -0.084320 0.674550
rs0226 -0.542160 0.252960 0.000000
rs0227 0.301030 inf 0.379440
rs0231 -0.500000 0.252960 0.000000
rs0237 0.258870 inf 0.252960
rs0239 0.258870 0.000000 0.000000
rs0240 0.301030 inf 0.084320
rs0242 -0.415680 0.295120 0.000000
rs0243 0.301030 inf 0.421590
rs0244 0.301030 inf 0.000000
rs0247 -0.752960 0.168640 0.084320
rs0250 0.301030 -0.042160 0.000000
rs0253 0.301030 inf 0.295120
rs0255 -0.584320 0.252960 0.000000
rs0256 -0.584320 0.295120 0.042160
rs0257 -0.542160 0.168640 0.000000
rs0259 -0.247040 0.379430 0.084320
rs0260 0.301030 inf 0.000000
rs0261 -0.036250 0.295120 0.126470
rs0262 -0.584320 0.168640 0.000000
rs0263 0.301030 inf 0.421590
rs0264 -0.752960 0.168640 0.000000
rs0266 -0.036250 0.252960 0.084310
rs0267 0.090230 0.168640 0.000000
rs0268 0.090230 0.168640 0.252950
rs0269 -0.584320 0.210800 0.000000
rs0270 0.301030 inf 0.463750
rs0273 -0.500000 0.168640 0.000000
rs0274 -0.373520 0.295110 0.084320
rs0275 -0.542160 0.210800 0.000000
rs0276 -0.500000 0.252960 0.084320
rs0280 0.301030 inf 0.000000
rs0282 -0.078410 0.252960 0.168630
rs0283 -0.415680 0.252960 0.000000
rs0289 -0.373520 0.252960 0.084320
rs0290 -0.626480 0.252960 0.000000
rs0297 -0.626480 0.210800 0.084320
rs0303 -0.752960 0.168640 0.000000
rs0306 0.301030 -0.084320 0.674550
rs0308 0.301030 inf 0.000000
rs0310 0.090230 0.168640 0.210790
rs0313 0.301030 inf 0.000000
rs0314 -0.500000 0.590230 0.042160
rs0315 -0.247040 0.252950 0.000000
rs0316 0.090230 0.168640 0.295110
rs0318 -0.795120 0.210800 0.000000
rs0320 0.301030 -0.042160 0.505910
rs0323 -0.373520 0.210800 0.000000
rs0328 -0.415680 0.295120 0.084320
rs0331 -0.373520 0.295110 0.000000
rs0334 -0.415680 0.337270 0.042160
rs0336 -0.500000 0.463750 0.000000
rs0337 -0.415680 0.379430 0.042160
rs0339 0.301030 inf 0.000000
rs0341 -0.584320 0.210800 0.084320
rs0343 -0.626480 0.505920 0.000000
rs0344 -0.584320 0.252960 0.084320
rs0345 -0.795120 0.168640 0.000000
rs0349 -0.752960 0.168640 0.084320
rs0350 0.301030 -0.042160 0.000000
rs0351 0.216710 0.042160 0.210800
rs0354 -0.626480 0.295120 0.000000
rs0356 0.301030 -0.042160 0.337280
rs0358 -0.289200 0.421590 0.000000
rs0362 0.301030 inf 0.295120
rs0363 -0.626480 0.252960 0.000000
rs0365 -0.626480 0.168640 0.084320
rs0371 0.301030 -0.042160 0.000000
rs0372 -0.668640 0.210800 0.084320
rs0373 -0.457840 0.548070 0.000000
rs0374 -0.668640 0.168640 0.084320
rs0376 -0.415680 0.548070 0.000000
rs0377 -0.500000 0.337280 0.042160
rs0378 0.301030 inf 0.000000
rs0382 0.301030 inf 0.252960
rs0384 -0.500000 0.210800 0.000000
rs0386 -0.626480 0.379440 0.042160
rs0389 -0.668640 0.210800 0.000000
rs0390 0.301030 -0.042160 0.421590
rs0391 -0.331360 0.421590 0.000000
rs0392 -0.626480 0.421600 0.084320
rs0393 -0.457840 0.168640 0.000000
rs0396 0.301030 inf 0.210800
rs0405 0.301030 inf 0.000000
rs0406 -0.289200 0.210790 0.084320
rs0409 -0.289200 0.463750 0.000000
rs0410 -0.710800 0.168640 0.084320
rs0416 -0.752960 0.168640 0.000000
rs0418 -0.584320 0.210800 0.084320
rs0419 -0.500000 0.674550 0.000000
rs0420 0.301030 -0.042160 0.505910
rs0421 -0.710800 0.168640 0.000000
rs0423 -0.668640 0.210800 0.126480
rs0424 -0.584320 0.252960 0.000000
rs0425 -0.415680 0.295120 0.042160
rs0427 -0.542160 0.210800 0.000000
rs0429 -0.626480 0.168640 0.084320
rs0430 -0.710800 0.168640 0.000000
rs0432 -0.795120 0.168640 0.126470
rs0433 -0.457840 0.674550 0.000000
rs0435 -0.584320 0.252960 0.084320
rs0437 -0.584320 0.505910 0.000000
rs0440 0.048070 0.210800 0.126480
rs0444 -0.584320 0.168640 0.000000
rs0449 0.048070 0.168640 0.252950
rs0451 0.048070 0.168640 0.000000
rs0452 0.301030 -0.042160 0.674550
rs0453 0.301030 inf 0.000000
rs0454 -0.331360 0.295110 0.084320
rs0456 -0.457840 0.337280 0.000000
rs0460 -0.668640 0.210800 0.084320
rs0463 0.005910 0.168640 0.000000
rs0466 0.301030 inf 0.379440
rs0467 -0.626480 0.210800 0.000000
rs0468 -0.500000 0.590230 0.042160
rs0469 -0.668640 0.210800 0.000000
rs0470 -0.752960 0.168640 0.084320
rs0472 -0.752960 0.168640 0.000000
rs0473 -0.710800 0.168640 0.084320
rs0476 0.301030 -0.042160 0.000000
rs0477 -0.668640 0.463760 0.084320
rs0480 -0.457840 0.210800 0.000000
rs0485 -0.626480 0.168640 0.084320
rs0493 -0.626480 0.210800 0.000000
rs0495 -0.626480 0.168640 0.084320
rs0496 -0.289200 0.463750 0.000000
rs0498 0.301030 inf 0.295120
rs0503 -0.036250 0.252960 0.000000
rs0505 0.301030 inf 0.337280
rs0508 -0.626480 0.210800 0.000000
rs0516 -0.584320 0.337280 0.084320
rs0517 0.301030 inf 0.000000
rs0519 -0.500000 0.421590 0.084320
rs0520 -0.500000 0.210800 0.000000
rs0521 -0.457840 0.337280 0.042160
rs0522 -0.289200 0.379430 0.000000
rs0524 -0.584320 0.252960 0.084320
rs0528 0.301030 inf 0.000000
rs0531 0.301030 inf 0.126480
rs0532 -0.457840 0.463750 0.000000
rs0534 -0.500000 0.337280 0.084320
rs0536 -0.584320 0.210800 0.000000
rs0537 0.301030 inf 0.252960
rs0538 -0.331360 0.295110 0.000000
rs0541 0.301030 inf 0.210800
rs0543 -0.626480 0.295120 0.000000
rs0545 -0.795120 0.126480 0.084320
rs0548 -0.668640 0.295120 0.000000
rs0549 -0.457840 0.168640 0.084320
rs0553 -0.542160 0.168640 0.000000
rs0554 0.301030 inf 0.252960
rs0555 -0.289200 0.421590 0.000000
rs0556 -0.837280 0.210800 0.084310
rs0560 0.048070 0.126480 0.000000
rs0561 0.301030 inf 0.337280
rs0562 -0.626480 0.295120 0.000000
rs0564 -0.500000 0.252960 0.084320
rs0568 -0.500000 0.168640 0.000000
rs0570 -0.204880 0.379430 0.084320
rs0571 -0.752960 0.126480 0.000000
rs0572 0.301030 inf 0.463750
rs0573 -0.584320 0.210800 0.000000
rs0574 0.301030 inf 0.252960
rs0578 0.301030 -0.042160 0.000000
rs0582 -0.036250 0.252960 0.126470
rs0585 -0.500000 0.295120 0.000000
rs0586 -0.668640 0.168640 0.084320
rs0587 -0.036250 0.252960 0.000000
rs0588 -0.542160 0.674550 0.042160
rs0591 0.258870 inf 0.000000
rs0598 0.301030 inf 0.505910
rs0603 0.301030 -0.042160 0.000000
rs0609 -0.373520 0.337270 0.084320
rs0610 -0.036250 0.252960 0.000000
rs0612 0.216710 0.042160 0.210800
rs0615 0.301030 -0.084320 0.000000
rs0626 -0.500000 0.168640 0.126480
rs0636 0.048070 0.168640 0.000000
rs0640 -0.500000 0.379440 0.084320
rs0644 -0.500000 0.252960 0.000000
rs0650 0.301030 -0.042160 0.421590
rs0656 -0.289200 0.295110 0.000000
rs0660 0.301030 inf 0.295120
rs0669 0.301030 inf 0.000000
rs0672 0.301030 -0.042160 0.295120
rs0679 -0.457840 0.674550 0.000000
rs0688 0.301030 inf 0.126480
rs0708 0.301030 inf 0.000000
rs0719 0.301030 inf 0.126480
rs0724 0.258870 0.000000 0.000000
rs0731 -0.500000 0.337280 0.042160
rs0741 0.301030 -0.042160 0.000000
rs0743 -0.710800 0.168640 0.084320
rs0744 0.301030 -0.084320 0.000000
rs0745 -0.120560 0.295110 0.126480
rs0751 0.301030 inf 0.000000
rs0752 -0.542160 0.463750 0.084320
rs0754 -0.373520 0.590230 0.000000
rs0757 0.216710 0.042160 0.295120
rs0763 -0.373520 0.463750 0.000000
rs0767 -0.542160 0.295120 0.084320
rs0768 -0.415680 0.295120 0.000000
rs0774 -0.626480 0.168640 0.042160
rs0775 -0.626480 0.126480 0.000000
rs0777 -0.752960 0.210800 0.084320
rs0779 0.301030 -0.042160 0.000000
rs0781 0.301030 -0.042160 0.421590
rs0784 0.301030 inf 0.000000
rs0786 -0.626480 0.210800 0.084320
rs0788 -0.584320 0.210800 0.000000
rs0793 -0.373520 0.337270 0.084320
rs0797 0.301030 -0.042160 0.000000
rs0798 -0.120560 0.295110 0.084320
rs0802 -0.584320 0.210800 0.000000
rs0804 -0.668640 0.295120 0.084320
rs0805 -0.837280 0.168640 0.000000
rs0806 -0.247040 0.421590 0.084320
rs0808 0.301030 inf 0.000000
rs0809 0.301030 inf 0.252960
rs0810 -0.626480 0.168640 0.000000
rs0811 0.048070 0.168640 0.295110
rs0812 0.301030 inf 0.000000
rs0815 -0.626480 0.168640 0.084320
rs0823 0.301030 inf 0.000000
rs0831 0.301030 inf 0.252960
rs0833 0.301030 inf 0.000000
rs0834 -0.247040 0.252950 0.084320
rs0839 0.301030 inf 0.000000
rs0842 -0.668640 0.168640 0.084320
rs0843 -0.331360 0.505910 0.000000
rs0845 0.258870 0.000000 0.548070
rs0846 -0.415680 0.632390 0.000000
rs0847 0.301030 -0.042160 0.590230
rs0850 0.301030 inf 0.000000
rs0853 -0.457840 0.674550 0.042160
rs0866 -0.204880 0.337270 0.000000
rs0868 -0.289200 0.379430 0.084320
rs0869 -0.542160 0.379440 0.000000
rs0871 -0.584320 0.590230 0.042160
rs0872 -0.415680 0.295120 0.000000
rs0873 0.301030 -0.042160 0.463750
rs0875 -0.204880 0.252950 0.000000
rs0879 0.132390 0.126480 0.210800
rs0880 -0.289200 0.379430 0.000000
rs0882 0.301030 -0.042160 0.505910
rs0891 0.258870 inf 0.000000
rs0896 0.301030 inf 0.295120
rs0897 -0.373520 0.252960 0.000000
rs0901 -0.752960 0.126480 0.126480
rs0906 -0.626480 0.210800 0.000000
rs0907 -0.457840 0.295120 0.042160
rs0909 -0.457840 0.168640 0.000000
rs0910 0.301030 inf 0.210800
rs0916 -0.500000 0.210800 0.000000
rs0919 -0.626480 0.210800 0.084320
rs0921 0.301030 inf 0.000000
rs0922 -0.457840 0.379430 0.084320
rs0923 -0.668640 0.168640 0.000000
rs0932 -0.668640 0.210800 0.042160
rs0933 -0.668640 0.168640 0.000000
rs0935 -0.542160 0.295120 0.084320
rs0944 -0.542160 0.210800 0.000000
rs0945 -0.331360 0.421590 0.084320
rs0946 -0.331360 0.463750 0.000000
rs0950 -0.626480 0.379440 0.042160
rs0953 0.301030 inf 0.000000
rs0954 0.301030 inf 0.295120
rs0957 -0.752960 0.210800 0.000000
rs0958 0.301030 -0.042160 0.590230
rs0959 -0.795120 0.168640 0.000000
rs0960 -0.795120 0.168640 0.084320
rs0967 -0.457840 0.295120 0.000000
rs0970 0.132390 0.084320 0.463750
rs0974 0.301030 -0.042160 0.000000
rs0978 -0.331360 0.379430 0.084320
rs0979 -0.710800 0.168640 0.000000
rs0980 0.301030 inf 0.337280
rs0981 -0.584320 0.168640 0.000000
rs0982 -0.837280 0.126480 0.084310
rs0983 -0.584320 0.252960 0.000000
rs0984 -0.457840 0.295120 0.042160
rs0985 -0.584320 0.210800 0.000000
rs0988 0.301030 -0.042160 0.379440
rs0989 -0.289200 0.463750 0.000000
rs0991 0.216710 0.042160 0.337270
rs0995 0.048070 0.126480 0.000000
rs0997 -0.247040 0.337270 0.084320
rs1000 -0.078410 0.295120 0.000000
rs1002 -0.457840 0.674550 0.084320
rs1003 -0.500000 0.337280 0.000000
rs1004 0.301030 inf 0.210800
rs1005 0.301030 -0.042160 0.000000
rs1010 0.301030 inf 0.126480
rs1014 -0.752960 0.210800 0.000000
rs1016 0.301030 inf 0.210800
rs1017 -0.710800 0.168640 0.000000
rs1020 -0.668640 0.210800 0.084320
rs1021 -0.542160 0.168640 0.000000
rs1023 0.301030 -0.042160 0.421590
rs1025 0.090230 0.168640 0.000000
rs1029 -0.500000 0.168640 0.084320
rs1030 -0.668640 0.168640 0.000000
rs1031 -0.500000 0.337280 0.084320
rs1032 -0.626480 0.210800 0.000000
rs1034 -0.584320 0.210800 0.084320
rs1035 -0.584320 0.337280 0.000000
rs1036 -0.162720 0.337270 0.084320
rs1038 -0.626480 0.168640 0.000000
rs1040 -0.626480 0.168640 0.084320
rs1043 -0.752960 0.210800 0.000000
rs1045 -0.331360 0.337270 0.084320
rs1046 0.132390 0.126480 0.000000
rs1047 -0.542160 0.168640 0.084320
rs1048 0.301030 inf 0.000000
rs1050 -0.668640 0.126480 0.084320
rs1052 -0.500000 0.252960 0.000000
rs1054 -0.795120 0.126480 0.126470
rs1055 -0.584320 0.210800 0.000000
rs1057 0.301030 inf 0.126480
rs1059 -0.247040 0.421590 0.000000
rs1060 -0.752960 0.210800 0.084320
rs1062 0.301030 inf 0.000000
rs1065 -0.457840 0.210800 0.084320
rs1066 0.301030 inf 0.000000
rs1068 -0.373520 0.590230 0.084320
rs1072 -0.457840 0.252960 0.000000
rs1073 -0.584320 0.168640 0.126480
rs1074 -0.584320 0.210800 0.000000
rs1075 0.301030 inf 0.252960
rs1076 0.258870 0.000000 0.000000
rs1079 0.301030 -0.042160 0.463750
rs1080 -0.373520 0.548070 0.000000
rs1081 -0.415680 0.295120 0.084320
rs1082 0.301030 -0.042160 0.000000
rs1084 -0.457840 0.210800 0.084320
rs1086 0.301030 inf 0.000000
rs1087 -0.331360 0.379430 0.084320
rs1091 0.301030 inf 0.000000
rs1092 0.301030 inf 0.379440
rs1093 0.301030 -0.042160 0.000000
rs1098 -0.542160 0.168640 0.084320
rs1100 -0.415680 0.590230 0.000000
rs1102 0.301030 inf 0.126480
rs1103 -0.710800 0.421600 0.000000
rs1104 -0.415680 0.252960 0.084320
rs1105 -0.584320 0.126480 0.000000
rs1106 0.301030 inf 0.168640
rs1108 -0.668640 0.126480 0.000000
rs1109 0.301030 inf 0.337280
rs1110 -0.373520 0.463750 0.000000
rs1111 0.301030 inf 0.252960
rs1112 0.301030 -0.042160 0.000000
rs1114 0.301030 inf 0.505910
rs1116 0.216710 inf 0.000000
rs1117 -0.584320 0.210800 0.084320
rs1118 -0.036250 0.252960 0.000000
rs1121 0.301030 inf 0.210800
rs1122 0.301030 inf 0.000000
rs1123 0.301030 -0.042160 0.379440
rs1124 -0.457840 0.252960 0.000000
rs1126 -0.584320 0.210800 0.084320
rs1129 0.132390 0.126480 0.000000
rs1131 0.301030 inf 0.210800
rs1132 -0.710800 0.168640 0.000000
rs1134 0.301030 -0.042160 0.421590
rs1137 -0.415680 0.421590 0.000000
rs1142 -0.542160 0.210800 0.084320
rs1143 -0.668640 0.168640 0.000000
rs1145 -0.331360 0.463750 0.042160
rs1147 -0.668640 0.210800 0.000000
rs1149 -0.752960 0.168640 0.084320
rs1150 -0.120560 0.210790 0.000000
rs1151 -0.457840 0.590230 0.084320
rs1152 0.090230 0.168640 0.000000
rs1154 -0.415680 0.421590 0.084320
rs1159 -0.584320 0.168640 0.000000
rs1162 0.301030 inf 0.252960
rs1163 -0.584320 0.590230 0.000000
rs1165 -0.584320 0.252960 0.084320
rs1168 0.301030 -0.042160 0.000000
rs1169 -0.331360 0.337270 0.084320
rs1170 -0.457840 0.295120 0.000000
rs1178 -0.373520 0.379430 0.084320
rs1179 -0.542160 0.295120 0.000000
rs1182 -0.331360 0.337270 0.084320
rs1183 0.301030 -0.084320 0.000000
rs1184 -0.626480 0.210800 0.084320
rs1185 0.301030 -0.042160 0.000000
rs1188 -0.668640 0.168640 0.084320
rs1190 0.216710 0.042160 0.000000
rs1191 -0.289200 0.463750 0.042160
rs1195 -0.331360 0.210800 0.000000
rs1197 -0.036250 0.252960 0.126470
rs1198 -0.626480 0.421600 0.000000
rs1200 -0.626480 0.168640 0.084320
rs1202 -0.584320 0.252960 0.000000
rs1205 0.301030 -0.042160 0.463750
rs1209 -0.542160 0.463750 0.000000
rs1211 0.301030 inf 0.421590
rs1212 -0.457840 0.252960 0.000000
rs1213 0.301030 inf 0.295120
rs1214 0.301030 inf 0.000000
rs1217 0.301030 inf 0.210800
rs1220 0.301030 -0.042160 0.000000
rs1229 0.301030 inf 0.168640
rs1245 -0.626480 0.210800 0.000000
rs1248 0.132390 0.126480 0.421590
rs1254 0.216710 0.042160 0.000000
rs1258 -0.331360 0.463750 0.084320
rs1259 -0.584320 0.421600 0.000000
rs1260 -0.626480 0.168640 0.084320
rs1261 -0.668640 0.421600 0.000000
rs1262 -0.626480 0.168640 0.084320
rs1263 -0.626480 0.168640 0.000000
rs1264 -0.668640 0.210800 0.084320
rs1265 -0.500000 0.716710 0.000000
rs1266 -0.584320 0.758870 0.000000
rs1267 0.301030 inf 0.000000
rs1269 -0.879440 0.168640 0.084310
rs1270 -0.584320 0.421600 0.000000
rs1276 -0.584320 0.168640 0.084320
rs1278 0.301030 -0.042160 0.000000
rs1282 0.048070 0.168640 0.126480
rs1283 -0.710800 0.126480 0.000000
rs1284 -0.710800 0.252960 0.084320
rs1285 -0.626480 0.295120 0.000000
rs1286 0.301030 -0.084320 0.716710
rs1290 -0.710800 0.168640 0.000000
rs1291 -0.542160 0.210800 0.084320
rs1292 -0.373520 0.295110 0.000000
rs1293 -0.415680 0.379430 0.042160
rs1294 -0.078410 0.252960 0.000000
rs1296 -0.795120 0.168640 0.084320
rs1297 -0.668640 0.168640 0.000000
rs1300 0.301030 -0.042160 0.421590
rs1301 0.301030 inf 0.000000
rs1302 -0.752960 0.168640 0.084320
rs1303 -0.668640 0.295120 0.000000
rs1304 -0.668640 0.252960 0.084320
rs1337 -0.289200 0.463750 0.000000
rs1359 -0.626480 0.252960 0.042160
rs1364 0.301030 inf 0.000000
rs1368 -0.668640 0.210800 0.084320
rs1437 0.301030 inf 0.000000
rs1518 0.301030 inf 0.252960
