rf0001 17.022190 0.059330 0.000000
rf0003 17.266120 0.118680 0.039560
rf0006 17.134270 0.158230 0.000000
rf0007 17.365020 0.052740 0.079110
rf0008 17.332050 0.118670 0.000000
rf0010 17.022190 0.046150 0.052750
rf0011 17.213380 0.092300 0.000000
rf0014 17.022190 0.191190 0.092300
rf0015 17.338650 0.112070 0.000000
rf0017 17.022190 0.098890 0.125260
rf0019 17.015600 0.197780 0.000000
rf0020 17.252940 0.112080 0.032970
rf0023 17.022190 0.131860 0.000000
rf0024 17.279310 0.098890 0.079110
rf0028 17.035370 0.210980 0.000000
rf0029 17.035370 0.098900 0.019780
rf0030 17.239750 0.098900 0.000000
rf0031 17.338650 0.092300 0.092300
rf0032 17.252940 0.105480 0.000000
rf0033 17.022190 0.151630 0.019780
rf0034 17.022190 0.085710 0.000000
rf0040 17.305680 0.118670 0.052750
rf0042 17.022190 0.098890 0.000000
rf0043 17.358420 0.085710 0.079120
rf0045 17.022190 0.046150 0.000000
rf0048 17.022190 0.085710 0.026370
rf0049 17.022190 0.125260 0.000000
rf0051 17.022190 0.065930 0.072520
rf0053 17.022190 0.032960 0.000000
rf0058 17.173820 0.131860 0.019770
rf0059 17.140860 0.112080 0.000000
rf0060 17.022190 0.079110 0.019770
rf0061 17.246350 0.105480 0.000000
rf0062 17.266120 0.072530 0.079110
rf0064 17.022190 0.019780 0.000000
rf0065 17.022190 0.052740 0.092300
rf0068 17.015600 0.125260 0.000000
rf0071 17.378200 0.072520 0.072520
rf0072 17.022190 0.013180 0.000000
rf0073 17.022190 0.046150 0.032970
rf0074 17.358420 0.065930 0.000000
rf0076 17.022190 0.171410 0.046150
rf0077 17.022190 0.092300 0.000000
rf0079 17.094710 0.171410 0.079110
rf0083 17.022190 0.197780 0.000000
rf0084 17.134270 0.158230 0.059340
rf0092 17.378200 0.092300 0.000000
rf0098 17.299090 0.098890 0.098890
rf0099 17.022190 0.112080 0.000000
rf0102 17.022190 0.204380 0.052740
rf0104 17.022190 0.059330 0.000000
rf0106 17.233160 0.112080 0.026370
rf0107 17.022190 0.065930 0.000000
rf0108 17.022190 0.032960 0.032970
rf0109 17.180420 0.112080 0.000000
rf0110 17.009000 0.098900 0.079110
rf0111 17.140860 0.158230 0.000000
rf0117 17.140860 0.138450 0.039560
rf0118 17.022190 0.145040 0.000000
rf0119 17.022190 0.158230 0.072520
rf0120 16.995820 0.105480 0.000000
rf0122 17.022190 0.112080 0.065930
rf0125 17.299090 0.092300 0.000000
rf0126 17.338650 0.118670 0.019780
rf0128 17.226570 0.105480 0.000000
rf0129 17.173820 0.112080 0.098900
rf0132 17.252940 0.065930 0.000000
rf0134 17.213380 0.112080 0.052740
rf0141 17.022190 0.131860 0.000000
rf0143 17.101300 0.125270 0.059340
rf0145 17.299090 0.085710 0.000000
rf0147 17.378200 0.065930 0.026370
rf0150 17.332050 0.092300 0.000000
rf0154 17.015600 0.072520 0.065930
rf0155 17.299090 0.092300 0.000000
rf0156 17.252940 0.131860 0.092300
rf0157 17.015600 0.039550 0.000000
rf0160 17.252940 0.118670 0.079110
rf0164 17.272720 0.131850 0.000000
rf0165 17.213380 0.145040 0.032970
rf0167 17.252940 0.151630 0.000000
rf0169 17.022190 0.125260 0.092300
rf0170 17.338650 0.079110 0.000000
rf0171 17.213380 0.164820 0.013190
rf0172 17.252940 0.125260 0.000000
rf0173 17.266120 0.131860 0.026370
rf0175 17.101300 0.158230 0.000000
rf0176 17.173820 0.145050 0.052740
rf0177 17.180420 0.112080 0.000000
rf0179 17.022190 0.052740 0.019780
rf0180 17.127670 0.118680 0.000000
rf0181 17.041970 0.197780 0.052750
rf0191 17.305680 0.105490 0.000000
rf0192 17.028780 0.191190 0.092300
rf0193 17.338650 0.085700 0.000000
rf0195 17.233160 0.125260 0.092300
rf0197 17.022190 0.079110 0.000000
rf0199 17.028780 0.210970 0.019780
rf0201 17.022190 0.046150 0.000000
rf0204 17.022190 0.046150 0.039560
rf0205 17.279310 0.118670 0.000000
rf0206 17.365020 0.052740 0.072520
rf0207 17.022190 0.158230 0.000000
rf0209 17.279310 0.151640 0.092300
rf0210 17.048560 0.158230 0.000000
rf0216 17.252940 0.138450 0.039560
rf0217 17.219970 0.158230 0.000000
rf0218 17.332050 0.072520 0.052740
rf0223 17.299090 0.105480 0.000000
rf0226 17.101300 0.178010 0.065930
rf0227 17.107900 0.158220 0.000000
rf0229 17.213380 0.138450 0.079110
rf0234 17.266120 0.118680 0.000000
rf0236 17.022190 0.118670 0.052740
rf0237 17.299090 0.098890 0.000000
rf0238 17.022190 0.164820 0.052740
rf0241 17.022190 0.013180 0.000000
rf0242 17.285900 0.072520 0.046150
rf0245 17.365020 0.059330 0.000000
rf0246 17.015600 0.019770 0.032970
rf0247 17.022190 0.065930 0.000000
rf0249 17.397980 0.079120 0.085710
rf0250 17.022190 0.013180 0.000000
rf0251 17.134270 0.118670 0.046150
rf0252 17.022190 0.164820 0.000000
rf0256 17.299090 0.092300 0.085710
rf0257 17.022190 0.098890 0.000000
rf0258 17.219970 0.098900 0.092300
rf0259 17.140860 0.164820 0.000000
rf0262 17.015600 0.072520 0.092300
rf0263 17.048560 0.118670 0.000000
rf0264 17.239750 0.118670 0.072520
rf0265 17.022190 0.039560 0.000000
rf0266 17.022190 0.013180 0.059340
rf0267 17.101300 0.112080 0.000000
rf0268 17.035370 0.210980 0.092300
rf0269 17.028780 0.210970 0.000000
rf0272 17.022190 0.092300 0.059340
rf0273 17.022190 0.105480 0.000000
rf0280 17.022190 0.032960 0.046150
rf0283 17.332050 0.092300 0.000000
rf0284 17.022190 0.032960 0.072520
rf0292 17.279310 0.112080 0.000000
rf0294 17.272720 0.131850 0.085700
rf0296 17.134270 0.164820 0.000000
rf0297 17.028780 0.125270 0.105480
rf0298 17.094710 0.118670 0.000000
rf0299 17.022190 0.184600 0.059340
rf0300 17.088120 0.105480 0.000000
rf0302 17.371610 0.065930 0.098890
rf0303 17.041970 0.178000 0.000000
rf0305 17.101300 0.171420 0.079120
rf0306 17.022190 0.046150 0.000000
rf0314 17.022190 0.158230 0.085710
rf0316 17.252940 0.105480 0.000000
rf0318 17.022190 0.052740 0.092300
rf0320 17.022190 0.039560 0.000000
rf0322 17.134270 0.178000 0.079120
rf0323 17.180420 0.131850 0.000000
rf0326 17.022190 0.145040 0.098890
rf0328 17.252940 0.112080 0.000000
rf0331 17.173820 0.105490 0.085710
rf0332 17.022190 0.032960 0.000000
rf0333 17.252940 0.125260 0.026370
rf0335 17.022190 0.085710 0.000000
rf0338 17.022190 0.059330 0.079120
rf0339 17.259530 0.118670 0.000000
rf0340 17.022190 0.046150 0.118670
rf0341 17.365020 0.072520 0.000000
rf0342 17.213380 0.105490 0.079120
rf0343 17.299090 0.072520 0.000000
rf0348 17.365020 0.112080 0.079110
rf0351 17.022190 0.085710 0.000000
rf0354 17.134270 0.164820 0.052740
rf0358 17.022190 0.019780 0.000000
rf0360 17.048560 0.224160 0.072520
rf0363 17.022190 0.013180 0.000000
rf0364 17.140860 0.158230 0.065930
rf0365 17.088120 0.059330 0.000000
rf0366 17.022190 0.046150 0.032970
rf0367 17.022190 0.072520 0.000000
rf0368 17.022190 0.046150 0.065920
rf0370 17.035370 0.138450 0.000000
rf0374 17.035370 0.191200 0.026370
rf0376 17.213380 0.072520 0.000000
rf0378 17.266120 0.112080 0.085710
rf0381 17.041970 0.178000 0.000000
rf0383 17.252940 0.138450 0.006590
rf0385 17.107900 0.112070 0.000000
rf0386 17.233160 0.118670 0.085710
rf0387 17.252940 0.112080 0.000000
rf0388 17.305680 0.131860 0.079110
rf0391 17.035370 0.210980 0.000000
rf0392 17.022190 0.032960 0.019780
rf0393 17.022190 0.046150 0.000000
rf0395 17.299090 0.125260 0.032960
rf0396 17.358420 0.052750 0.000000
rf0398 17.272720 0.112080 0.052740
rf0399 17.134270 0.092300 0.000000
rf0400 17.365020 0.112080 0.039560
rf0401 17.015600 0.046150 0.000000
rf0403 17.035370 0.105490 0.079110
rf0412 17.101300 0.131860 0.000000
rf0413 17.101300 0.138450 0.092300
rf0415 17.219970 0.092300 0.000000
rf0417 17.332050 0.098900 0.019780
rf0418 17.332050 0.072520 0.000000
rf0419 17.022190 0.019780 0.085710
rf0425 17.213380 0.118670 0.000000
rf0426 16.982630 0.085710 0.013190
rf0427 17.233160 0.112080 0.000000
rf0428 17.022190 0.072520 0.079120
rf0430 17.022190 0.125260 0.000000
rf0431 17.022190 0.039560 0.105480
rf0432 17.101300 0.158230 0.000000
rf0433 17.173820 0.151640 0.105480
rf0434 17.022190 0.085710 0.000000
rf0436 17.022190 0.158230 0.085710
rf0439 17.009000 0.026370 0.000000
rf0441 17.022190 0.032960 0.046150
rf0443 17.022190 0.191190 0.000000
rf0448 17.154050 0.131850 0.046150
rf0450 17.338650 0.079110 0.000000
rf0452 17.272720 0.112080 0.092300
rf0453 17.173820 0.138450 0.000000
rf0454 17.101300 0.178010 0.079110
rf0455 17.299090 0.125260 0.000000
rf0456 17.213380 0.112080 0.026370
rf0459 17.022190 0.026370 0.000000
rf0460 17.332050 0.079120 0.072520
rf0461 17.022190 0.065930 0.000000
rf0462 17.022190 0.098890 0.019780
rf0463 17.332050 0.085710 0.000000
rf0464 17.022190 0.013180 0.092300
rf0465 17.022190 0.164820 0.000000
rf0466 17.140860 0.138450 0.059330
rf0467 17.233160 0.118670 0.000000
rf0471 17.094710 0.184600 0.105490
rf0473 17.252940 0.125260 0.000000
rf0474 17.022190 0.019780 0.092300
rf0476 17.028780 0.184600 0.000000
rf0477 17.022190 0.072520 0.032970
rf0478 17.134270 0.197780 0.000000
rf0479 17.022190 0.039560 0.085710
rf0480 17.041970 0.237340 0.000000
rf0482 17.226570 0.092300 0.059340
rf0485 16.976040 0.072520 0.000000
rf0487 17.022190 0.125260 0.052750
rf0488 17.134270 0.118670 0.000000
rf0496 17.022190 0.039560 0.026370
rf0497 17.002410 0.158230 0.000000
rf0498 16.995820 0.085700 0.079120
rf0499 17.022190 0.052740 0.000000
rf0500 17.213380 0.131860 0.039560
rf0503 17.048560 0.059340 0.000000
rf0505 17.022190 0.151630 0.072520
rf0507 17.134270 0.158230 0.000000
rf0510 17.332050 0.079120 0.059340
rf0511 17.134270 0.164820 0.000000
rf0513 17.279310 0.112080 0.079120
rf0518 17.022190 0.118670 0.000000
rf0524 17.022190 0.158230 0.032960
rf0545 17.022190 0.217560 0.000000
rf0583 17.015600 0.118670 0.072520
rf0591 17.226570 0.125260 0.000000
rf0607 17.022190 0.151630 0.052740
rf0622 17.015600 0.092300 0.000000
rf0630 17.015600 0.019770 0.085710
rf0632 16.989220 0.118680 0.000000
rf0642 17.022190 0.013180 0.052740
rf0644 16.969450 0.118670 0.000000
rf0663 17.022190 0.019780 0.019770
rf0684 17.266120 0.125270 0.000000
rf0693 17.022190 0.052740 0.019780
rf0695 17.022190 0.151630 0.000000
rf0701 17.022190 0.178010 0.032970
rf0707 17.107900 0.131850 0.000000
rf0713 17.022190 0.131860 0.072520
rf0730 17.233160 0.118670 0.000000
rf0739 17.035370 0.237350 0.039560
rf0745 16.995820 0.052740 0.000000
rf0783 17.022190 0.105480 0.092300
rf0795 17.022190 0.125260 0.000000
rs0001 17.022190 0.039560 0.052740
rs0002 17.127670 0.125270 0.000000
rs0003 17.041970 0.098890 0.079110
rs0010 17.055150 0.138450 0.000000
rs0011 17.028780 0.191190 0.085710
rs0012 17.041970 0.125260 0.000000
rs0013 17.041970 0.131850 0.105490
rs0017 17.391390 0.052740 0.000000
rs0019 17.332050 0.092300 0.039560
rs0020 17.022190 0.164820 0.000000
rs0023 17.134270 0.197780 0.052740
rs0030 17.101300 0.118670 0.000000
rs0035 17.022190 0.019780 0.013190
rs0038 17.332050 0.079120 0.000000
rs0039 17.022190 0.046150 0.046150
rs0041 17.101300 0.164820 0.000000
rs0042 17.127670 0.184600 0.092300
rs0045 17.213380 0.105490 0.000000
rs0046 17.332050 0.085710 0.019780
rs0047 17.015600 0.118670 0.000000
rs0048 17.233160 0.131860 0.052740
rs0050 17.299090 0.098890 0.000000
rs0051 17.272720 0.098890 0.046150
rs0052 17.173820 0.125270 0.000000
rs0054 17.022190 0.065930 0.052740
rs0062 17.022190 0.039560 0.000000
rs0063 17.305680 0.072520 0.085710
rs0064 17.299090 0.092300 0.000000
rs0065 17.134270 0.158230 0.079110
rs0068 17.048560 0.217560 0.000000
rs0070 17.022190 0.125260 0.039560
rs0077 17.299090 0.138450 0.000000
rs0081 17.022190 0.046150 0.065930
rs0082 17.022190 0.184600 0.000000
rs0083 17.022190 0.125260 0.059340
rs0084 17.173820 0.118680 0.000000
rs0085 17.180420 0.125260 0.039560
rs0087 17.101300 0.164820 0.000000
rs0088 17.022190 0.059330 0.065930
rs0089 17.332050 0.085710 0.000000
rs0090 17.022190 0.026370 0.092300
rs0092 17.022190 0.098890 0.000000
rs0093 17.252940 0.145040 0.046150
rs0094 17.094710 0.105490 0.000000
rs0095 17.022190 0.019780 0.079120
rs0096 17.279310 0.112080 0.000000
rs0097 17.022190 0.026370 0.059340
rs0098 17.233160 0.112080 0.000000
rs0099 17.015600 0.197780 0.026370
rs0103 17.332050 0.085710 0.000000
rs0104 17.252940 0.125260 0.072520
rs0105 17.041970 0.191190 0.000000
rs0106 17.022190 0.131860 0.032970
rs0111 17.022190 0.105480 0.000000
rs0113 17.338650 0.098890 0.098900
rs0118 17.127670 0.151640 0.000000
rs0120 17.219970 0.098900 0.072520
rs0121 17.252940 0.125260 0.000000
rs0122 17.022190 0.065930 0.072520
rs0123 17.365020 0.059330 0.000000
rs0124 17.022190 0.059330 0.092300
rs0126 17.233160 0.118670 0.000000
rs0127 17.055150 0.118670 0.019780
rs0128 17.332050 0.079120 0.000000
rs0129 17.378200 0.098900 0.052750
rs0130 17.041970 0.197780 0.000000
rs0132 16.995820 0.118670 0.052740
rs0133 17.338650 0.072520 0.000000
rs0134 17.365020 0.052740 0.032960
rs0135 17.259530 0.112080 0.000000
rs0137 17.134270 0.085700 0.052740
rs0138 17.022190 0.092300 0.000000
rs0140 17.022190 0.013180 0.046150
rs0141 17.028780 0.112080 0.000000
rs0143 17.332050 0.085710 0.039560
rs0145 17.219970 0.125270 0.000000
rs0146 17.022190 0.052740 0.019780
rs0147 17.160640 0.098890 0.000000
rs0148 17.397980 0.065930 0.026370
rs0149 17.127670 0.145050 0.000000
rs0150 17.022190 0.105480 0.032970
rs0153 17.365020 0.059330 0.000000
rs0154 17.022190 0.125260 0.013180
rs0156 17.048560 0.145040 0.000000
rs0158 17.022190 0.164820 0.032960
rs0163 17.239750 0.105490 0.000000
rs0165 17.048560 0.131860 0.072520
rs0166 17.272720 0.092300 0.000000
rs0167 17.022190 0.039560 0.079110
rs0168 17.022190 0.026370 0.000000
rs0170 17.022190 0.072520 0.032970
rs0171 17.035370 0.138450 0.000000
rs0172 17.180420 0.118670 0.079120
rs0174 17.022190 0.138450 0.000000
rs0175 17.154050 0.085700 0.046150
rs0178 17.022190 0.026370 0.000000
rs0179 17.213380 0.118670 0.072520
rs0180 17.213380 0.118670 0.000000
rs0182 17.279310 0.112080 0.092300
rs0183 17.338650 0.079110 0.000000
rs0184 17.022190 0.210970 0.085710
rs0185 17.305680 0.098890 0.000000
rs0188 17.365020 0.072520 0.013180
rs0189 17.365020 0.059330 0.000000
rs0192 17.279310 0.092300 0.065930
rs0193 17.226570 0.112080 0.000000
rs0195 17.266120 0.125270 0.046150
rs0200 17.101300 0.046150 0.000000
rs0201 17.378200 0.105490 0.085710
rs0203 17.332050 0.112080 0.000000
rs0206 17.338650 0.092300 0.085700
rs0209 17.332050 0.065930 0.000000
rs0210 17.028780 0.191190 0.072520
rs0211 17.332050 0.112080 0.000000
rs0212 17.028780 0.197790 0.046150
rs0215 17.022190 0.092300 0.000000
rs0218 17.022190 0.118670 0.105490
rs0220 17.022190 0.032960 0.000000
rs0221 17.252940 0.118670 0.085710
rs0224 17.279310 0.098890 0.000000
rs0225 17.219970 0.118680 0.026370
rs0226 17.022190 0.085710 0.000000
rs0227 17.279310 0.125260 0.059330
rs0228 17.022190 0.118670 0.000000
rs0231 17.055150 0.125270 0.052740
rs0236 17.022190 0.112080 0.000000
rs0237 17.404570 0.052750 0.065920
rs0240 17.378200 0.112080 0.000000
rs0241 17.048560 0.098890 0.092300
rs0242 17.134270 0.118670 0.000000
rs0243 17.272720 0.098890 0.098890
rs0246 17.022190 0.019780 0.000000
rs0247 17.022190 0.019780 0.059340
rs0250 17.272720 0.118670 0.000000
rs0251 17.035370 0.230750 0.092300
rs0255 17.022190 0.112080 0.000000
rs0256 17.022190 0.072520 0.098890
rs0257 17.041970 0.184600 0.000000
rs0259 17.233160 0.079110 0.085710
rs0260 17.279310 0.138450 0.000000
rs0262 17.022190 0.046150 0.032970
rs0263 17.338650 0.079110 0.000000
rs0264 17.022190 0.019780 0.039560
rs0267 17.332050 0.065930 0.000000
rs0268 17.332050 0.065930 0.059340
rs0269 17.022190 0.112080 0.000000
rs0270 17.299090 0.112080 0.052740
rs0273 17.041970 0.112080 0.000000
rs0274 17.226570 0.105480 0.085700
rs0275 17.028780 0.105490 0.000000
rs0276 17.055150 0.138450 0.052740
rs0277 17.022190 0.145040 0.000000
rs0280 17.332050 0.085710 0.059340
rs0282 17.279310 0.085710 0.000000
rs0283 17.173820 0.112080 0.105480
rs0284 17.101300 0.131860 0.000000
rs0288 17.252940 0.145040 0.079110
rs0289 17.180420 0.125260 0.000000
rs0290 17.022190 0.171410 0.019780
rs0297 17.022190 0.112080 0.000000
rs0303 17.022190 0.098890 0.059340
rs0306 17.226570 0.112080 0.000000
rs0308 17.226570 0.138450 0.085710
rs0313 17.259530 0.138450 0.000000
rs0314 17.127670 0.158230 0.079120
rs0316 17.305680 0.085710 0.000000
rs0318 17.022190 0.013180 0.079110
rs0320 17.325460 0.065930 0.000000
rs0323 17.134270 0.092300 0.046150
rs0325 17.246350 0.098890 0.000000
rs0328 17.180420 0.125260 0.092300
rs0330 17.009000 0.204380 0.000000
rs0331 17.173820 0.105490 0.092300
rs0334 17.140860 0.112080 0.000000
rs0336 17.101300 0.184600 0.065930
rs0337 17.140860 0.105490 0.000000
rs0339 17.332050 0.098900 0.085700
rs0340 17.213380 0.098890 0.000000
rs0341 17.022190 0.065930 0.052740
rs0343 17.022190 0.145040 0.000000
rs0344 17.022190 0.065930 0.052740
rs0345 17.022190 0.032960 0.000000
rs0349 17.022190 0.019780 0.092300
rs0350 17.134270 0.112080 0.000000
rs0354 17.022190 0.059330 0.092300
rs0358 17.233160 0.105490 0.000000
rs0363 17.022190 0.145040 0.019780
rs0364 17.022190 0.059330 0.000000
rs0365 17.022190 0.145040 0.052740
rs0367 17.094710 0.125260 0.000000
rs0371 17.358420 0.065930 0.092300
rs0372 17.022190 0.072520 0.000000
rs0373 17.101300 0.105490 0.059340
rs0374 17.022190 0.105480 0.000000
rs0376 17.213380 0.125270 0.079120
rs0377 17.101300 0.151640 0.000000
rs0380 17.022190 0.112080 0.039560
rs0384 17.048560 0.145040 0.000000
rs0386 17.022190 0.072520 0.019780
rs0389 17.022190 0.072520 0.000000
rs0391 17.226570 0.112080 0.019780
rs0392 17.022190 0.019780 0.000000
rs0393 17.055150 0.098900 0.105490
rs0394 17.022190 0.019780 0.000000
rs0401 17.305680 0.098890 0.039560
rs0408 17.022190 0.079110 0.000000
rs0409 17.239750 0.112080 0.006600
rs0410 17.022190 0.125260 0.000000
rs0411 17.022190 0.059330 0.092300
rs0416 17.022190 0.032960 0.000000
rs0417 17.022190 0.046150 0.105490
rs0418 17.035370 0.158230 0.000000
rs0419 17.114490 0.138450 0.026370
rs0420 17.279310 0.092300 0.000000
rs0421 17.022190 0.039560 0.052750
rs0422 17.022190 0.026370 0.000000
rs0423 17.022190 0.191190 0.052740
rs0424 17.022190 0.065930 0.000000
rs0425 17.140860 0.112080 0.072520
rs0427 17.041970 0.171410 0.000000
rs0428 17.140860 0.171410 0.092300
rs0429 17.022190 0.072520 0.000000
rs0430 17.022190 0.039560 0.032970
rs0432 17.022190 0.006590 0.000000
rs0433 17.213380 0.125270 0.079110
rs0435 17.028780 0.210970 0.000000
rs0437 17.022190 0.046150 0.019780
rs0442 17.022190 0.098890 0.000000
rs0444 17.022190 0.046150 0.026370
rs0449 17.332050 0.072520 0.000000
rs0452 17.226570 0.098890 0.059340
rs0453 17.404570 0.079120 0.000000
rs0454 17.246350 0.112070 0.092300
rs0456 17.134270 0.158230 0.000000
rs0458 17.213380 0.131860 0.065930
rs0460 17.022190 0.052740 0.000000
rs0463 17.002410 0.131860 0.079110
rs0467 17.022190 0.164820 0.000000
rs0468 17.101300 0.151640 0.046150
rs0469 17.022190 0.098890 0.000000
rs0470 17.022190 0.065930 0.046150
rs0472 17.022190 0.026370 0.000000
rs0473 17.022190 0.032960 0.026370
rs0476 17.299090 0.098890 0.000000
rs0477 17.022190 0.019780 0.065930
rs0480 17.127670 0.138450 0.000000
rs0485 17.022190 0.032960 0.092300
rs0492 17.015600 0.131850 0.000000
rs0493 17.022190 0.065930 0.006590
rs0494 17.305680 0.098890 0.000000
rs0495 17.022190 0.105480 0.065930
rs0496 17.252940 0.118670 0.000000
rs0505 17.252940 0.151630 0.098900
rs0508 17.022190 0.098890 0.000000
rs0512 17.305680 0.098890 0.085700
rs0516 17.022190 0.072520 0.000000
rs0517 17.279310 0.151640 0.065930
rs0519 17.081520 0.118680 0.000000
rs0520 17.035370 0.085710 0.098900
rs0521 17.127670 0.125270 0.000000
rs0522 17.239750 0.112080 0.079110
rs0524 17.028780 0.217570 0.000000
rs0526 17.048560 0.118670 0.079110
rs0528 17.338650 0.112070 0.000000
rs0529 17.035370 0.098900 0.079110
rs0531 17.332050 0.125270 0.000000
rs0532 17.134270 0.105480 0.013190
rs0534 17.101300 0.145050 0.000000
rs0536 17.022190 0.052740 0.032970
rs0538 17.173820 0.098900 0.000000
rs0541 17.332050 0.092300 0.046150
rs0542 16.995820 0.210970 0.000000
rs0543 17.022190 0.158230 0.052740
rs0545 17.022190 0.046150 0.000000
rs0546 17.272720 0.092300 0.079110
rs0548 17.022190 0.092300 0.000000
rs0549 17.055150 0.098900 0.019770
rs0553 17.035370 0.178010 0.000000
rs0554 17.378200 0.079120 0.105490
rs0555 17.246350 0.105480 0.000000
rs0556 17.015600 0.013180 0.039560
rs0559 17.022190 0.085710 0.000000
rs0560 17.285900 0.092300 0.026370
rs0562 17.022190 0.204380 0.000000
rs0564 17.134270 0.158230 0.039560
rs0566 17.022190 0.092300 0.000000
rs0568 17.048560 0.158230 0.059330
rs0571 17.022190 0.039560 0.000000
rs0572 17.332050 0.085710 0.032970
rs0573 17.022190 0.118670 0.000000
rs0574 17.299090 0.112080 0.019780
rs0578 17.332050 0.079120 0.000000
rs0579 17.279310 0.118670 0.013180
rs0585 17.127670 0.158230 0.000000
rs0586 17.022190 0.032960 0.032970
rs0588 17.048560 0.243940 0.000000
rs0591 17.299090 0.118670 0.032970
rs0598 17.272720 0.105480 0.000000
rs0599 17.338650 0.079110 0.092300
rs0602 17.101300 0.178010 0.000000
rs0609 17.213380 0.085710 0.098890
rs0615 17.226570 0.118670 0.000000
rs0616 17.338650 0.079110 0.019780
rs0617 17.365020 0.105480 0.000000
rs0618 17.101300 0.171420 0.059340
rs0620 17.134270 0.151630 0.000000
rs0623 17.022190 0.131860 0.039550
rs0626 17.213380 0.098890 0.000000
rs0627 17.272720 0.112080 0.065930
rs0630 17.173820 0.151640 0.000000
rs0637 17.252940 0.125260 0.112080
rs0638 17.252940 0.138450 0.000000
rs0640 17.173820 0.145050 0.039560
rs0641 17.272720 0.105480 0.000000
rs0644 17.134270 0.145040 0.065930
rs0645 17.239750 0.118670 0.000000
rs0656 17.213380 0.065930 0.072520
rs0660 17.279310 0.138450 0.000000
rs0667 17.305680 0.085710 0.098890
rs0670 17.299090 0.112080 0.000000
rs0671 17.081520 0.112080 0.092300
rs0677 17.226570 0.131850 0.000000
rs0679 17.134270 0.158230 0.072520
rs0691 17.246350 0.145040 0.000000
rs0696 17.378200 0.079120 0.079110
rs0703 17.239750 0.145050 0.000000
rs0708 17.338650 0.085700 0.079120
rs0710 17.028780 0.158230 0.000000
rs0713 17.022190 0.092300 0.065930
rs0720 17.279310 0.092300 0.000000
rs0722 17.048560 0.204380 0.072520
rs0724 17.332050 0.085710 0.000000
rs0726 17.022190 0.125260 0.046150
rs0727 17.009000 0.151640 0.000000
rs0731 17.101300 0.118670 0.026370
rs0733 17.332050 0.079120 0.000000
rs0734 17.154050 0.112070 0.072520
rs0738 17.134270 0.138450 0.000000
rs0740 17.022190 0.112080 0.079120
rs0741 17.305680 0.098890 0.000000
rs0743 17.022190 0.065930 0.065930
rs0744 17.299090 0.079110 0.000000
rs0746 17.266120 0.112080 0.019780
rs0747 17.338650 0.079110 0.000000
rs0751 17.279310 0.151640 0.032970
rs0752 17.048560 0.237340 0.000000
rs0754 17.226570 0.125260 0.085710
rs0756 17.041970 0.118670 0.000000
rs0758 17.272720 0.105480 0.032970
rs0763 17.213380 0.098890 0.000000
rs0766 17.332050 0.072520 0.019780
rs0767 17.028780 0.243940 0.000000
rs0768 17.134270 0.125260 0.046150
rs0769 17.233160 0.125260 0.000000
rs0774 17.022190 0.171410 0.072520
rs0775 17.022190 0.085710 0.000000
rs0777 17.022190 0.026370 0.072520
rs0778 17.022190 0.085710 0.000000
rs0779 17.332050 0.065930 0.059330
rs0781 17.332050 0.072520 0.000000
rs0782 17.022190 0.019780 0.032970
rs0786 17.022190 0.197780 0.000000
rs0788 17.022190 0.065930 0.098890
rs0790 17.022190 0.098890 0.000000
rs0793 17.213380 0.105490 0.039560
rs0794 17.239750 0.118670 0.000000
rs0797 17.305680 0.092300 0.019780
rs0799 17.022190 0.118670 0.000000
rs0800 17.239750 0.105490 0.072520
rs0802 17.022190 0.138450 0.000000
rs0804 17.022190 0.019780 0.052740
rs0805 17.022190 0.013180 0.000000
rs0806 17.266120 0.098900 0.052740
rs0809 17.332050 0.098900 0.000000
rs0810 17.022190 0.171410 0.072520
rs0811 17.332050 0.072520 0.000000
rs0812 17.266120 0.145050 0.046150
rs0815 17.022190 0.052740 0.000000
rs0818 17.022190 0.085710 0.072520
rs0823 17.378200 0.085710 0.000000
rs0828 17.055150 0.210970 0.059340
rs0831 17.272720 0.131850 0.000000
rs0832 17.022190 0.059330 0.085700
rs0833 17.233160 0.112080 0.000000
rs0834 17.259530 0.098890 0.079120
rs0836 17.365020 0.065930 0.000000
rs0838 17.332050 0.079120 0.019780
rs0839 17.272720 0.145040 0.000000
rs0840 17.022190 0.085710 0.065930
rs0842 17.022190 0.026370 0.000000
rs0843 17.233160 0.118670 0.039560
rs0845 17.272720 0.112080 0.000000
rs0846 17.213380 0.112080 0.085710
rs0847 17.239750 0.112080 0.000000
rs0850 17.252940 0.151630 0.059330
rs0853 17.173820 0.158230 0.000000
rs0854 17.272720 0.098890 0.079110
rs0855 17.213380 0.151640 0.000000
rs0856 17.450720 0.039560 0.079120
rs0860 17.219970 0.151640 0.000000
rs0865 17.332050 0.105490 0.046150
rs0866 17.338650 0.072520 0.000000
rs0868 17.226570 0.105480 0.105490
rs0869 17.022190 0.079110 0.000000
rs0871 17.028780 0.131860 0.039560
rs0872 17.226570 0.105480 0.000000
rs0880 17.252940 0.105480 0.079110
rs0887 17.332050 0.065930 0.000000
rs0891 17.365020 0.065930 0.026370
rs0892 17.259530 0.092300 0.000000
rs0893 17.022190 0.052740 0.098890
rs0897 17.160640 0.105480 0.000000
rs0899 17.213380 0.112080 0.085700
rs0900 17.022190 0.039560 0.000000
rs0901 16.995820 0.112080 0.019780
rs0906 17.022190 0.032960 0.000000
rs0907 17.173820 0.145050 0.072520
rs0909 17.055150 0.118670 0.000000
rs0916 17.048560 0.125260 0.092300
rs0919 17.022190 0.171410 0.000000
rs0920 17.101300 0.164820 0.092300
rs0921 17.305680 0.105490 0.000000
rs0922 17.173820 0.151640 0.072520
rs0923 17.022190 0.112080 0.000000
rs0927 17.239750 0.125270 0.052750
rs0930 17.022190 0.098890 0.000000
rs0932 17.022190 0.092300 0.032970
rs0933 17.022190 0.046150 0.000000
rs0934 17.134270 0.131850 0.046150
rs0935 17.048560 0.158230 0.000000
rs0944 17.028780 0.098890 0.013180
rs0945 17.252940 0.118670 0.000000
rs0946 17.272720 0.105480 0.098890
rs0948 17.272720 0.112080 0.000000
rs0950 17.022190 0.079110 0.092300
rs0953 17.397980 0.046150 0.000000
rs0957 17.022190 0.019780 0.039560
rs0958 17.239750 0.125270 0.000000
rs0959 17.022190 0.039560 0.052740
rs0960 17.022190 0.059330 0.000000
rs0962 17.134270 0.158230 0.085710
rs0967 17.107900 0.105480 0.000000
rs0968 17.022190 0.079110 0.065920
rs0970 17.246350 0.118670 0.000000
rs0976 17.022190 0.039560 0.019780
rs0977 17.022190 0.151630 0.000000
rs0979 17.009000 0.145050 0.105490
rs0980 17.239750 0.118670 0.000000
rs0981 17.022190 0.052740 0.059340
rs0982 17.022190 0.032960 0.000000
rs0983 17.022190 0.059330 0.032960
rs0984 17.094710 0.085710 0.000000
rs0985 17.022190 0.092300 0.065930
rs0986 17.022190 0.164820 0.000000
rs0989 17.239750 0.105490 0.072520
rs0991 17.305680 0.098890 0.000000
rs0995 17.259530 0.098890 0.026370
rs0996 17.022190 0.184600 0.000000
rs0997 17.246350 0.092300 0.065930
rs0999 17.127670 0.171420 0.000000
rs1001 17.022190 0.105480 0.039560
rs1002 17.134270 0.191190 0.000000
rs1003 17.213380 0.105490 0.052740
rs1010 17.338650 0.112070 0.000000
rs1014 17.022190 0.019780 0.019780
rs1016 17.332050 0.112080 0.000000
rs1017 17.022190 0.059330 0.026370
rs1020 17.022190 0.151630 0.000000
rs1021 17.028780 0.098890 0.065930
rs1028 17.206790 0.092300 0.000000
rs1029 17.048560 0.105490 0.013190
rs1030 17.022190 0.039560 0.000000
rs1031 17.134270 0.164820 0.046150
rs1032 17.022190 0.125260 0.000000
rs1034 17.028780 0.158230 0.052740
rs1035 17.022190 0.046150 0.000000
rs1038 17.022190 0.039560 0.098890
rs1040 17.022190 0.151630 0.000000
rs1041 17.022190 0.072520 0.079110
rs1043 17.022190 0.026370 0.000000
rs1045 17.259530 0.105490 0.085710
rs1047 17.041970 0.138450 0.000000
rs1048 17.279310 0.125260 0.085710
rs1049 17.365020 0.059330 0.000000
rs1050 17.022190 0.039560 0.019780
rs1052 17.088120 0.112080 0.000000
rs1053 17.022190 0.019780 0.085710
rs1054 16.982630 0.072520 0.000000
rs1055 17.022190 0.098890 0.105490
rs1057 17.358420 0.098900 0.000000
rs1058 17.219970 0.138450 0.098900
rs1059 17.299090 0.092300 0.000000
rs1060 17.022190 0.013180 0.072520
rs1062 17.332050 0.085710 0.000000
rs1065 17.101300 0.131860 0.085710
rs1068 17.233160 0.131860 0.000000
rs1070 17.022190 0.079110 0.079110
rs1072 17.107900 0.125260 0.000000
rs1073 17.041970 0.224150 0.039550
rs1074 17.022190 0.072520 0.000000
rs1076 17.305680 0.092300 0.085700
rs1077 17.213380 0.105490 0.000000
rs1078 17.219970 0.118680 0.098890
rs1079 17.299090 0.098890 0.000000
rs1080 17.226570 0.125260 0.092300
rs1081 17.134270 0.105480 0.000000
rs1082 17.332050 0.072520 0.092300
rs1083 17.094710 0.151640 0.000000
rs1084 17.094710 0.112080 0.013180
rs1087 17.213380 0.118670 0.000000
rs1091 17.252940 0.105480 0.105480
rs1098 17.022190 0.112080 0.000000
rs1100 17.173820 0.118680 0.013180
rs1102 17.450720 0.039560 0.000000
rs1103 17.015600 0.026370 0.026370
rs1104 17.213380 0.112080 0.000000
rs1105 17.022190 0.065930 0.013190
rs1108 17.022190 0.079110 0.000000
rs1109 17.305680 0.105490 0.039560
rs1110 17.213380 0.105490 0.000000
rs1113 16.989220 0.079120 0.065930
rs1114 17.239750 0.131860 0.000000
rs1117 17.022190 0.079110 0.079110
rs1118 17.332050 0.059340 0.000000
rs1119 17.022190 0.197780 0.079110
rs1120 17.338650 0.112070 0.000000
rs1121 17.332050 0.112080 0.019780
rs1122 17.305680 0.105490 0.000000
rs1124 17.134270 0.164820 0.072520
rs1125 17.213380 0.112080 0.000000
rs1126 17.022190 0.065930 0.013190
rs1128 17.022190 0.032960 0.000000
rs1131 17.391390 0.079110 0.026370
rs1132 17.022190 0.079110 0.000000
rs1135 17.022190 0.210970 0.039560
rs1137 17.140860 0.118670 0.000000
rs1142 17.041970 0.184600 0.085700
rs1143 17.022190 0.052740 0.000000
rs1145 17.272720 0.092300 0.085700
rs1146 17.338650 0.098890 0.000000
rs1147 17.022190 0.171410 0.026370
rs1149 17.015600 0.092300 0.000000
rs1151 17.134270 0.184600 0.059340
rs1154 17.134270 0.118670 0.000000
rs1156 17.022190 0.085710 0.079120
rs1157 17.022190 0.092300 0.000000
rs1159 17.022190 0.092300 0.065930
rs1163 17.022190 0.112080 0.000000
rs1164 17.009000 0.032970 0.065930
rs1165 17.127670 0.112080 0.000000
rs1166 17.022190 0.178010 0.079120
rs1169 17.213380 0.085710 0.000000
rs1170 17.101300 0.158230 0.026370
rs1171 17.127670 0.151640 0.000000
rs1172 17.022190 0.026370 0.032970
rs1174 17.239750 0.105490 0.000000
rs1176 17.213380 0.065930 0.032970
rs1178 17.173820 0.098900 0.000000
rs1179 17.041970 0.098890 0.026370
rs1182 17.213380 0.112080 0.000000
rs1183 17.272720 0.105480 0.052740
rs1184 17.022190 0.105480 0.000000
rs1185 17.213380 0.112080 0.079110
rs1187 17.035370 0.098900 0.000000
rs1188 17.022190 0.026370 0.026370
rs1191 17.246350 0.092300 0.000000
rs1192 17.022190 0.092300 0.085710
rs1193 17.173820 0.098900 0.000000
rs1195 17.213380 0.079120 0.039560
rs1198 17.022190 0.072520 0.000000
rs1200 17.022190 0.072520 0.092300
rs1202 17.035370 0.197790 0.000000
rs1205 17.305680 0.085710 0.092300
rs1206 17.378200 0.052750 0.000000
rs1207 17.279310 0.092300 0.039560
rs1208 17.022190 0.118670 0.000000
rs1209 17.035370 0.105490 0.079120
rs1210 17.252940 0.125260 0.000000
rs1211 17.338650 0.072520 0.026370
rs1212 17.101300 0.112080 0.000000
rs1213 17.299090 0.112080 0.085710
rs1217 17.371610 0.079110 0.000000
rs1220 17.239750 0.118670 0.019780
rs1229 17.332050 0.105490 0.000000
rs1236 17.101300 0.131860 0.026370
rs1238 17.252940 0.105480 0.000000
rs1245 17.022190 0.138450 0.019780
rs1248 17.299090 0.092300 0.000000
rs1257 17.022190 0.026370 0.098890
rs1258 17.213380 0.105490 0.000000
rs1259 17.022190 0.032960 0.059340
rs1260 17.022190 0.118670 0.000000
rs1261 17.022190 0.072520 0.065920
rs1262 17.022190 0.112080 0.000000
rs1263 17.022190 0.204380 0.052740
rs1264 17.022190 0.032960 0.000000
rs1265 17.127670 0.164830 0.085710
rs1266 17.041970 0.118670 0.000000
rs1267 17.332050 0.125270 0.065930
rs1269 16.976040 0.085710 0.000000
rs1270 17.022190 0.092300 0.026370
rs1276 17.022190 0.046150 0.000000
rs1278 17.252940 0.118670 0.026370
rs1280 17.035370 0.138450 0.000000
rs1281 17.022190 0.092300 0.065930
rs1283 17.022190 0.072520 0.000000
rs1284 17.022190 0.019780 0.079120
rs1285 17.028780 0.197790 0.000000
rs1286 17.226570 0.118670 0.085710
rs1289 17.022190 0.092300 0.000000
rs1290 17.022190 0.026370 0.072520
rs1291 17.022190 0.079110 0.000000
rs1292 17.252940 0.118670 0.059330
rs1293 17.140860 0.125260 0.000000
rs1294 17.338650 0.065920 0.079110
rs1295 17.022190 0.079110 0.000000
rs1296 17.022190 0.019780 0.079110
rs1297 17.022190 0.026370 0.000000
rs1298 17.022190 0.112080 0.085710
rs1299 17.022190 0.085710 0.000000
rs1301 17.358420 0.085710 0.052750
rs1302 17.022190 0.092300 0.000000
rs1303 16.995820 0.171410 0.092300
rs1304 17.022190 0.052740 0.000000
rs1310 17.088120 0.151630 0.085710
rs1337 17.266120 0.105490 0.000000
rs1359 17.022190 0.039560 0.052740
rs1368 17.009000 0.309870 0.000000
rs1437 17.378200 0.065930 0.065920
rs1518 17.378200 0.065930 0.000000
