rf0002 -0.171380 0.150620 0.000000
rf0003 0.092210 0.075310 0.301240
rf0010 -0.434960 0.188270 0.000000
rf0011 -0.171380 0.150620 0.112960
rf0013 -0.209030 0.075310 0.000000
rf0015 0.242830 0.000000 0.414210
rf0016 -0.058410 0.075310 0.000000
rf0022 -0.171380 0.037660 0.112960
rf0024 -0.133720 0.188270 0.000000
rf0029 -0.322000 0.150620 0.150620
rf0030 -0.020760 0.075310 0.000000
rf0031 0.167520 0.037650 0.301240
rf0040 0.205170 0.037660 0.000000
rf0048 -0.397310 0.225930 0.112960
rf0053 -0.510270 0.188270 0.000000
rf0060 -0.284340 0.150620 0.112970
rf0062 -0.133720 0.150620 0.000000
rf0064 -0.585580 0.225930 0.112970
rf0065 -0.322000 0.150620 0.000000
rf0072 -0.698550 0.263590 0.112960
rf0073 -0.472620 0.225930 0.000000
rf0092 0.280480 0.037660 0.263580
rf0125 0.129860 0.075310 0.000000
rf0127 -0.284340 0.075310 0.075310
rf0129 -0.096070 0.112970 0.000000
rf0132 -0.133720 0.112960 0.112970
rf0134 0.054550 0.037660 0.000000
rf0138 -0.058410 0.075310 0.037660
rf0164 0.205170 0.037660 0.000000
rf0166 0.016900 0.075310 0.075310
rf0169 -0.359650 0.188270 0.000000
rf0176 0.092210 0.037650 0.414210
rf0180 -0.171380 0.188280 0.000000
rf0190 -0.171380 0.075310 0.112960
rf0201 -0.547930 0.301240 0.000000
rf0204 -0.510270 0.225930 0.112970
rf0205 -0.096070 0.263590 0.000000
rf0223 -0.096070 0.225930 0.150620
rf0234 -0.171380 0.301240 0.000000
rf0237 0.054550 0.075310 0.263580
rf0241 -0.698550 0.301240 0.000000
rf0248 -0.133720 0.075310 0.075310
rf0249 0.242830 0.037650 0.000000
rf0250 -0.623240 0.263590 0.112960
rf0251 -0.209030 0.188270 0.000000
rf0258 -0.133720 0.225930 0.150620
rf0263 -0.284340 0.225930 0.000000
rf0267 -0.171380 0.150620 0.188270
rf0271 0.016900 0.188270 0.000000
rf0283 0.016900 0.150620 0.225930
rf0284 -0.547930 0.263590 0.000000
rf0287 0.016900 0.150620 0.112970
rf0292 0.092210 0.075310 0.000000
rf0295 -0.020760 0.112970 0.112960
rf0298 -0.171380 0.150620 0.000000
rf0306 -0.434960 0.188270 0.112970
rf0309 -0.096070 0.112970 0.000000
rf0315 0.016900 0.150620 0.112970
rf0319 0.016900 0.150620 0.000000
rf0324 -0.171380 0.037660 0.037650
rf0338 -0.397310 0.112970 0.000000
rf0339 0.054550 0.075310 0.263580
rf0343 -0.058410 0.112960 0.000000
rf0348 0.280480 0.037660 0.376550
rf0351 -0.359650 0.188270 0.000000
rf0354 0.016900 0.075310 0.376550
rf0358 -0.585580 0.263580 0.000000
rf0363 -0.623240 0.225930 0.112960
rf0364 -0.020760 0.112970 0.000000
rf0366 -0.397310 0.150620 0.150620
rf0372 -0.133720 0.037650 0.000000
rf0375 -0.020760 0.112970 0.075310
rf0377 -0.133720 0.075310 0.000000
rf0383 -0.209030 0.301240 0.112970
rf0385 -0.171380 0.112970 0.000000
rf0386 0.054550 0.075310 0.301240
rf0388 0.242830 0.000000 0.000000
rf0396 0.016900 0.112960 0.188280
rf0397 0.016900 0.075310 0.000000
rf0399 -0.171380 0.112970 0.150620
rf0400 0.355790 0.037660 0.000000
rf0403 -0.434960 0.301240 0.075310
rf0415 -0.171380 0.188280 0.000000
rf0419 -0.623240 0.263590 0.112960
rf0428 -0.434960 0.263580 0.000000
rf0439 -0.698550 0.263590 0.112960
rf0444 -0.020760 0.188280 0.000000
rf0474 -0.510270 0.188270 0.112970
rf0477 -0.397310 0.188280 0.000000
rf0488 -0.209030 0.188270 0.150620
rf0496 -0.510270 0.263580 0.000000
rf0499 -0.397310 0.188280 0.112960
rf0500 0.092210 0.037650 0.000000
rf0503 -0.322000 0.150620 0.075310
rf0513 0.129860 0.075310 0.000000
rf0630 -0.736200 0.225930 0.112970
rf0795 -0.434960 0.338890 0.000000
rs0001 -0.510270 0.225930 0.112970
rs0003 -0.359650 0.225930 0.000000
rs0010 -0.246690 0.150620 0.112960
rs0012 -0.322000 0.263590 0.000000
rs0013 -0.284340 0.225930 0.112970
rs0022 -0.096070 0.075310 0.000000
rs0029 -0.096070 0.075310 0.075310
rs0030 -0.246690 0.188280 0.000000
rs0046 -0.058410 0.225930 0.150620
rs0051 -0.133720 0.225930 0.000000
rs0052 0.016900 0.075310 0.301240
rs0053 -0.020760 0.112970 0.000000
rs0054 -0.397310 0.188280 0.150620
rs0062 -0.472620 0.188280 0.000000
rs0087 -0.058410 0.112960 0.338900
rs0088 -0.434960 0.225930 0.000000
rs0089 -0.020760 0.188280 0.225930
rs0090 -0.510270 0.188270 0.000000
rs0092 -0.322000 0.225930 0.112960
rs0093 0.205170 0.037660 0.000000
rs0094 -0.284340 0.225930 0.112970
rs0095 -0.585580 0.225930 0.000000
rs0096 0.054550 0.112970 0.301240
rs0097 -0.547930 0.225930 0.000000
rs0098 -0.171380 0.263590 0.112960
rs0104 0.129860 0.037660 0.000000
rs0107 -0.096070 0.112970 0.112960
rs0109 -0.171380 0.150620 0.000000
rs0113 0.129860 0.075310 0.301240
rs0122 -0.510270 0.263580 0.000000
rs0124 -0.397310 0.150620 0.112960
rs0127 -0.322000 0.225930 0.000000
rs0133 -0.133720 0.188270 0.150620
rs0134 -0.058410 0.188270 0.000000
rs0136 -0.096070 0.112970 0.112960
rs0138 -0.397310 0.188280 0.000000
rs0140 -0.623240 0.225930 0.112960
rs0141 -0.171380 0.075310 0.000000
rs0143 0.129860 0.037660 0.338890
rs0145 0.054550 0.075310 0.000000
rs0146 -0.510270 0.301240 0.075310
rs0147 -0.171380 0.112970 0.000000
rs0150 -0.246690 0.150620 0.112960
rs0156 -0.284340 0.263580 0.000000
rs0159 0.092210 0.075310 0.188280
rs0163 -0.096070 0.150620 0.000000
rs0167 -0.510270 0.225930 0.112970
rs0168 -0.547930 0.225930 0.000000
rs0172 -0.133720 0.150620 0.150620
rs0175 -0.246690 0.188280 0.000000
rs0181 -0.209030 0.075310 0.075310
rs0183 0.054550 0.075310 0.000000
rs0196 -0.020760 0.112970 0.112960
rs0201 0.318140 0.037650 0.000000
rs0203 0.242830 0.037650 0.338900
rs0206 0.167520 0.037650 0.000000
rs0218 -0.284340 0.188270 0.112970
rs0221 0.016900 0.112960 0.000000
rs0225 0.016900 0.075310 0.301240
rs0226 -0.397310 0.225930 0.000000
rs0231 -0.246690 0.188280 0.150620
rs0237 0.016900 0.150620 0.000000
rs0240 0.355790 0.037660 0.188270
rs0242 -0.171380 0.188280 0.000000
rs0243 0.054550 0.037660 0.263580
rs0244 0.016900 0.150620 0.000000
rs0247 -0.623240 0.225930 0.112960
rs0256 -0.472620 0.263590 0.000000
rs0259 -0.171380 0.150620 0.112960
rs0261 -0.133720 0.112960 0.000000
rs0262 -0.434960 0.188270 0.112970
rs0264 -0.547930 0.188280 0.000000
rs0266 -0.096070 0.112970 0.075310
rs0267 -0.096070 0.188280 0.000000
rs0268 -0.096070 0.188280 0.150620
rs0273 -0.284340 0.188270 0.000000
rs0275 -0.359650 0.188270 0.112970
rs0276 -0.246690 0.188280 0.000000
rs0282 -0.058410 0.112960 0.188280
rs0306 0.016900 0.075310 0.000000
rs0315 -0.171380 0.112970 0.112960
rs0316 -0.020760 0.150620 0.000000
rs0318 -0.698550 0.301240 0.075310
rs0320 -0.020760 0.112970 0.000000
rs0323 -0.171380 0.112970 0.150620
rs0334 -0.209030 0.188270 0.000000
rs0337 -0.209030 0.188270 0.150620
rs0339 0.205170 0.037660 0.000000
rs0341 -0.359650 0.188270 0.112970
rs0344 -0.434960 0.225930 0.000000
rs0345 -0.510270 0.225930 0.112970
rs0349 -0.585580 0.225930 0.000000
rs0350 -0.096070 0.075310 0.301240
rs0351 -0.020760 0.150620 0.000000
rs0354 -0.510270 0.301240 0.075310
rs0358 -0.171380 0.188280 0.000000
rs0373 -0.284340 0.188270 0.150620
rs0386 -0.510270 0.338890 0.000000
rs0391 -0.209030 0.225930 0.112970
rs0392 -0.623240 0.301240 0.000000
rs0393 -0.209030 0.112960 0.150620
rs0406 -0.171380 0.037660 0.000000
rs0416 -0.472620 0.188280 0.112960
rs0419 -0.133720 0.150620 0.000000
rs0421 -0.434960 0.150620 0.150620
rs0424 -0.472620 0.263590 0.000000
rs0425 -0.209030 0.188270 0.150620
rs0429 -0.397310 0.150620 0.000000
rs0430 -0.397310 0.188280 0.112960
rs0432 -0.811510 0.338890 0.000000
rs0437 -0.510270 0.263580 0.112970
rs0440 -0.133720 0.075310 0.000000
rs0444 -0.397310 0.188280 0.112960
rs0452 -0.058410 0.112960 0.000000
rs0460 -0.472620 0.225930 0.112960
rs0463 -0.096070 0.075310 0.000000
rs0468 -0.058410 0.075310 0.301240
rs0472 -0.510270 0.188270 0.000000
rs0473 -0.547930 0.263590 0.112960
rs0477 -0.623240 0.338900 0.000000
rs0485 -0.472620 0.188280 0.112960
rs0493 -0.510270 0.301240 0.000000
rs0495 -0.322000 0.188280 0.112960
rs0503 -0.058410 0.112960 0.000000
rs0505 -0.133720 0.301240 0.150620
rs0508 -0.284340 0.188270 0.000000
rs0516 -0.472620 0.263590 0.112960
rs0517 0.242830 0.037650 0.000000
rs0519 -0.284340 0.225930 0.150620
rs0520 -0.284340 0.150620 0.000000
rs0528 0.242830 0.000000 0.414210
rs0532 -0.246690 0.225930 0.000000
rs0536 -0.472620 0.225930 0.112960
rs0538 -0.171380 0.150620 0.000000
rs0541 0.167520 0.037650 0.263590
rs0549 -0.284340 0.150620 0.000000
rs0554 0.205170 0.037660 0.338890
rs0555 -0.171380 0.263590 0.000000
rs0556 -0.811510 0.414200 0.037660
rs0560 -0.133720 0.188270 0.000000
rs0571 -0.510270 0.188270 0.112970
rs0573 -0.359650 0.188270 0.000000
rs0574 0.129860 0.075310 0.263580
rs0582 -0.020760 0.150620 0.000000
rs0586 -0.547930 0.225930 0.075310
rs0591 -0.133720 0.301240 0.000000
rs0612 -0.058410 0.037650 0.075310
rs0650 -0.096070 0.075310 0.000000
rs0656 -0.171380 0.112970 0.112960
rs0660 0.205170 0.000000 0.000000
rs0672 -0.096070 0.112970 0.112960
rs0679 0.054550 0.037660 0.000000
rs0724 0.054550 0.112970 0.263580
rs0731 -0.284340 0.225930 0.000000
rs0741 -0.133720 0.263580 0.150620
rs0745 -0.096070 0.150620 0.000000
rs0751 0.242830 0.037650 0.414210
rs0763 -0.020760 0.112970 0.000000
rs0768 -0.171380 0.188280 0.150620
rs0775 -0.322000 0.150620 0.000000
rs0779 0.016900 0.112960 0.225930
rs0781 0.054550 0.075310 0.000000
rs0788 -0.434960 0.225930 0.075310
rs0797 0.054550 0.075310 0.000000
rs0798 -0.133720 0.112960 0.075310
rs0804 -0.623240 0.263590 0.000000
rs0805 -0.698550 0.263590 0.112960
rs0806 -0.133720 0.225930 0.000000
rs0808 -0.058410 0.037650 0.075310
rs0809 0.205170 0.037660 0.000000
rs0812 0.205170 0.037660 0.338890
rs0815 -0.359650 0.188270 0.000000
rs0823 0.205170 0.037660 0.263580
rs0833 0.016900 0.075310 0.000000
rs0839 0.205170 0.037660 0.451860
rs0842 -0.472620 0.188280 0.000000
rs0847 0.054550 0.075310 0.301240
rs0868 -0.171380 0.188280 0.000000
rs0869 -0.434960 0.225930 0.112970
rs0871 -0.472620 0.376550 0.000000
rs0896 -0.096070 0.112970 0.075310
rs0906 -0.472620 0.188280 0.000000
rs0909 -0.209030 0.150620 0.150620
rs0916 -0.284340 0.150620 0.000000
rs0932 -0.359650 0.188270 0.112970
rs0933 -0.397310 0.150620 0.000000
rs0944 -0.284340 0.150620 0.150620
rs0950 -0.510270 0.376550 0.000000
rs0957 -0.585580 0.263580 0.112970
rs0958 0.129860 0.037660 0.000000
rs0959 -0.510270 0.263580 0.112970
rs0960 -0.434960 0.188270 0.000000
rs0967 -0.284340 0.225930 0.112970
rs0970 0.054550 0.075310 0.000000
rs0974 0.054550 0.112970 0.188270
rs0978 -0.284340 0.112960 0.000000
rs0981 -0.397310 0.150620 0.150620
rs0983 -0.472620 0.225930 0.000000
rs0984 -0.284340 0.188270 0.112970
rs0985 -0.434960 0.263580 0.000000
rs0991 0.016900 0.150620 0.225930
rs0995 -0.133720 0.188270 0.000000
rs0997 -0.096070 0.150620 0.150620
rs1004 -0.020760 0.112970 0.000000
rs1014 -0.623240 0.263590 0.075310
rs1016 0.242830 0.037650 0.000000
rs1021 -0.284340 0.150620 0.112970
rs1023 -0.058410 0.112960 0.000000
rs1025 -0.096070 0.075310 0.075310
rs1029 -0.284340 0.188270 0.000000
rs1030 -0.322000 0.150620 0.112960
rs1035 -0.510270 0.263580 0.000000
rs1036 -0.209030 0.075310 0.112970
rs1038 -0.284340 0.112960 0.000000
rs1046 0.016900 0.225930 0.150620
rs1047 -0.209030 0.112960 0.000000
rs1050 -0.397310 0.150620 0.150620
rs1052 -0.246690 0.188280 0.000000
rs1055 -0.322000 0.150620 0.112960
rs1060 -0.698550 0.301240 0.000000
rs1062 0.129860 0.075310 0.301240
rs1072 -0.171380 0.150620 0.000000
rs1074 -0.397310 0.188280 0.112960
rs1075 0.129860 0.075310 0.000000
rs1081 -0.133720 0.112960 0.150620
rs1082 0.054550 0.075310 0.000000
rs1084 -0.246690 0.150620 0.112960
rs1091 0.016900 0.075310 0.000000
rs1098 -0.359650 0.188270 0.112970
rs1100 -0.096070 0.150620 0.000000
rs1102 0.280480 0.075310 0.263580
rs1103 -0.660890 0.376550 0.000000
rs1105 -0.322000 0.150620 0.112960
rs1106 -0.020760 0.075310 0.000000
rs1109 0.205170 0.037660 0.376550
rs1110 -0.020760 0.112970 0.000000
rs1111 -0.171380 0.037660 0.037650
rs1112 -0.171380 0.075310 0.000000
rs1116 -0.058410 0.075310 0.075310
rs1117 -0.322000 0.188280 0.000000
rs1118 -0.020760 0.112970 0.188270
rs1121 0.242830 0.000000 0.000000
rs1126 -0.359650 0.188270 0.112970
rs1129 -0.096070 0.112970 0.000000
rs1131 0.242830 0.037650 0.338900
rs1137 -0.133720 0.150620 0.000000
rs1143 -0.359650 0.150620 0.112970
rs1150 -0.171380 0.075310 0.000000
rs1152 0.016900 0.112960 0.150620
rs1154 -0.171380 0.150620 0.000000
rs1159 -0.359650 0.188270 0.112970
rs1163 -0.472620 0.376550 0.000000
rs1168 0.016900 0.112960 0.112970
rs1169 -0.171380 0.150620 0.000000
rs1178 -0.209030 0.188270 0.150620
rs1179 -0.359650 0.225930 0.000000
rs1182 -0.171380 0.225930 0.150620
rs1185 0.054550 0.075310 0.000000
rs1188 -0.510270 0.225930 0.112970
rs1191 -0.096070 0.188280 0.000000
rs1195 -0.133720 0.188270 0.112970
rs1197 -0.096070 0.112970 0.000000
rs1198 -0.547930 0.376550 0.075310
rs1200 -0.397310 0.150620 0.000000
rs1209 -0.434960 0.301240 0.112970
rs1212 -0.209030 0.150620 0.000000
rs1214 -0.284340 0.037650 0.075310
rs1220 0.016900 0.075310 0.000000
rs1248 -0.209030 0.225930 0.112970
rs1258 0.016900 0.075310 0.000000
rs1259 -0.547930 0.301240 0.075310
rs1264 -0.510270 0.188270 0.000000
rs1266 -0.171380 0.112970 0.376550
rs1267 0.280480 0.037660 0.000000
rs1270 -0.510270 0.376550 0.075310
rs1276 -0.434960 0.188270 0.000000
rs1284 -0.585580 0.225930 0.112970
rs1290 -0.623240 0.263590 0.000000
rs1291 -0.359650 0.188270 0.112970
rs1293 -0.171380 0.188280 0.000000
rs1296 -0.623240 0.225930 0.112960
rs1297 -0.547930 0.225930 0.000000
rs1337 -0.209030 0.225930 0.112970
rs1359 -0.510270 0.225930 0.000000
rs1437 0.092210 0.075310 0.225930
