rf0001 8.262190 0.072520 0.000000
rf0003 8.519310 0.171410 0.039560
rf0006 8.380860 0.164820 0.000000
rf0007 8.644570 0.052750 0.079110
rf0008 8.947840 0.006600 0.000000
rf0010 8.262190 0.052740 0.052740
rf0011 8.433600 0.125270 0.000000
rf0014 8.275370 0.191200 0.112070
rf0015 8.783020 0.032970 0.000000
rf0017 8.262190 0.105480 0.098890
rf0019 8.262190 0.210970 0.000000
rf0020 8.492940 0.138450 0.026370
rf0023 8.262190 0.145040 0.000000
rf0024 8.539090 0.112080 0.059330
rf0028 8.308340 0.191190 0.000000
rf0029 8.288560 0.092300 0.019770
rf0030 8.473160 0.125260 0.000000
rf0031 8.723690 0.039550 0.217560
rf0032 8.506120 0.112080 0.000000
rf0033 8.262190 0.164820 0.013190
rf0034 8.262190 0.098890 0.000000
rf0040 8.730280 0.039560 0.072520
rf0042 8.262190 0.112080 0.000000
rf0043 8.750060 0.046150 0.079120
rf0045 8.262190 0.052740 0.000000
rf0048 8.262190 0.098890 0.019780
rf0049 8.262190 0.138450 0.000000
rf0051 8.262190 0.079110 0.092300
rf0053 8.262190 0.039560 0.000000
rf0058 8.400640 0.164820 0.046150
rf0059 8.387450 0.105490 0.000000
rf0060 8.262190 0.085710 0.026370
rf0061 8.473160 0.145040 0.000000
rf0062 8.506120 0.085710 0.065930
rf0064 8.262190 0.026370 0.000000
rf0065 8.262190 0.065930 0.197790
rf0068 8.262190 0.138450 0.000000
rf0071 8.730280 0.052740 0.085700
rf0072 8.262190 0.013180 0.000000
rf0073 8.262190 0.052740 0.026370
rf0074 8.651170 0.072520 0.000000
rf0076 8.275370 0.164830 0.046150
rf0077 8.268780 0.092300 0.000000
rf0079 8.341300 0.184600 0.230750
rf0083 8.268780 0.204380 0.000000
rf0084 8.387450 0.164820 0.065930
rf0092 8.802800 0.039560 0.000000
rf0098 8.552270 0.131860 0.197790
rf0099 8.281970 0.105480 0.000000
rf0102 8.275370 0.217570 0.059340
rf0104 8.262190 0.072520 0.000000
rf0106 8.459970 0.145050 0.019780
rf0107 8.262190 0.072520 0.000000
rf0108 8.262190 0.039560 0.032970
rf0109 8.413820 0.125270 0.000000
rf0110 8.262190 0.098890 0.098890
rf0111 8.394050 0.151630 0.000000
rf0117 8.387450 0.131860 0.039560
rf0118 8.262190 0.164820 0.000000
rf0119 8.262190 0.171410 0.059340
rf0120 8.235820 0.112080 0.000000
rf0122 8.262190 0.125260 0.065930
rf0125 8.552270 0.125270 0.000000
rf0126 8.829170 0.039560 0.013190
rf0128 8.446790 0.138450 0.000000
rf0129 8.400640 0.131860 0.085710
rf0132 8.492940 0.072520 0.000000
rf0134 8.420420 0.164820 0.052740
rf0141 8.262190 0.151630 0.000000
rf0143 8.354490 0.112080 0.072520
rf0145 8.558870 0.092300 0.000000
rf0147 8.664350 0.098890 0.026370
rf0150 8.717090 0.039560 0.000000
rf0154 8.262190 0.079110 0.079120
rf0155 8.558870 0.138450 0.000000
rf0156 8.499530 0.210970 0.158230
rf0157 8.262190 0.039560 0.000000
rf0160 8.486350 0.184600 0.098890
rf0164 8.736870 0.026370 0.000000
rf0165 8.420420 0.362600 0.032970
rf0167 8.783020 0.019780 0.000000
rf0169 8.262190 0.131860 0.125270
rf0170 8.624800 0.072520 0.000000
rf0171 8.921470 0.013190 0.019770
rf0172 8.506120 0.184600 0.000000
rf0173 8.763240 0.026380 0.026370
rf0175 8.347900 0.158220 0.000000
rf0176 8.400640 0.191190 0.052740
rf0177 8.413820 0.125270 0.000000
rf0179 8.262190 0.065930 0.019780
rf0180 8.361080 0.125270 0.000000
rf0181 8.321520 0.164830 0.059330
rf0191 8.598420 0.118670 0.000000
rf0192 8.295150 0.171420 0.171410
rf0193 8.657760 0.085710 0.000000
rf0195 8.466570 0.184600 0.098890
rf0197 8.262190 0.085710 0.000000
rf0199 8.301750 0.210970 0.032970
rf0201 8.262190 0.052740 0.000000
rf0204 8.262190 0.052740 0.046150
rf0205 8.539090 0.184600 0.000000
rf0206 8.651170 0.046150 0.079120
rf0207 8.275370 0.151640 0.000000
rf0209 8.875320 0.026370 0.079110
rf0210 8.321520 0.125270 0.000000
rf0216 8.499530 0.263710 0.039560
rf0217 8.769840 0.013180 0.000000
rf0218 8.631390 0.065930 0.052740
rf0223 8.572050 0.131860 0.000000
rf0226 8.354490 0.191190 0.052740
rf0227 8.361080 0.151640 0.000000
rf0229 8.420420 0.257120 0.125270
rf0234 8.512720 0.164820 0.000000
rf0236 8.262190 0.131860 0.059340
rf0237 8.558870 0.118670 0.000000
rf0238 8.281970 0.158230 0.059330
rf0241 8.262190 0.013180 0.000000
rf0242 8.532500 0.072520 0.046150
rf0245 8.657760 0.105480 0.000000
rf0246 8.262190 0.013180 0.026370
rf0247 8.262190 0.079110 0.000000
rf0249 8.789620 0.039550 0.131860
rf0250 8.262190 0.019780 0.000000
rf0251 8.374270 0.125260 0.046150
rf0252 8.281970 0.158230 0.000000
rf0256 8.552270 0.118680 0.085700
rf0257 8.262190 0.112080 0.000000
rf0258 8.446790 0.125260 0.217560
rf0259 8.387450 0.171420 0.000000
rf0262 8.262190 0.079110 0.072520
rf0263 8.308340 0.105480 0.000000
rf0264 8.473160 0.164820 0.059340
rf0265 8.262190 0.046150 0.000000
rf0266 8.262190 0.019780 0.059340
rf0267 8.341300 0.112080 0.000000
rf0268 8.314930 0.184600 0.059340
rf0269 8.308340 0.184600 0.000000
rf0272 8.262190 0.105480 0.059340
rf0273 8.262190 0.118670 0.000000
rf0280 8.262190 0.039560 0.052740
rf0283 8.703910 0.039560 0.000000
rf0284 8.262190 0.039560 0.085710
rf0292 8.532500 0.151630 0.000000
rf0294 8.750060 0.026370 0.098890
rf0296 8.374270 0.191190 0.000000
rf0297 8.288560 0.112080 0.217560
rf0298 8.334710 0.118670 0.000000
rf0299 8.281970 0.171410 0.079120
rf0300 8.334710 0.105490 0.000000
rf0302 8.657760 0.098890 0.105490
rf0303 8.308340 0.158230 0.000000
rf0305 8.347900 0.171410 0.072520
rf0306 8.262190 0.059330 0.000000
rf0314 8.262190 0.178010 0.118670
rf0316 8.486350 0.138450 0.000000
rf0318 8.262190 0.059330 0.079120
rf0320 8.262190 0.046150 0.000000
rf0322 8.387450 0.184600 0.276900
rf0323 8.420420 0.145040 0.000000
rf0326 8.262190 0.158230 0.039560
rf0328 8.499530 0.131860 0.000000
rf0331 8.400640 0.125260 0.329640
rf0332 8.262190 0.039560 0.000000
rf0333 8.506120 0.151640 0.019780
rf0335 8.262190 0.105480 0.000000
rf0338 8.262190 0.072520 0.105490
rf0339 8.512720 0.158230 0.000000
rf0340 8.262190 0.059330 0.336230
rf0341 8.690720 0.112080 0.000000
rf0342 8.440200 0.125260 0.085700
rf0343 8.539090 0.085710 0.000000
rf0348 8.842360 0.026370 0.303270
rf0351 8.262190 0.098890 0.000000
rf0354 8.380860 0.171410 0.052750
rf0358 8.262190 0.026370 0.000000
rf0360 8.341300 0.191200 0.052740
rf0363 8.262190 0.019780 0.000000
rf0364 8.394050 0.151630 0.059330
rf0365 8.328120 0.065930 0.000000
rf0366 8.262190 0.059330 0.026370
rf0367 8.262190 0.079110 0.000000
rf0368 8.262190 0.059330 0.052740
rf0370 8.301750 0.118670 0.000000
rf0374 8.301750 0.184600 0.052740
rf0376 8.446790 0.085710 0.000000
rf0378 8.512720 0.151630 0.118670
rf0381 8.308340 0.158230 0.000000
rf0383 8.499530 0.210970 0.026370
rf0385 8.354490 0.105480 0.000000
rf0386 8.466570 0.158230 0.138450
rf0387 8.486350 0.151630 0.000000
rf0388 8.783020 0.032970 0.065930
rf0391 8.308340 0.184600 0.000000
rf0392 8.262190 0.039560 0.013190
rf0393 8.262190 0.052740 0.000000
rf0395 8.776430 0.026370 0.059340
rf0396 8.631390 0.046150 0.000000
rf0398 8.525900 0.145050 0.059340
rf0399 8.380860 0.085710 0.000000
rf0400 8.914880 0.019780 0.039560
rf0401 8.262190 0.052740 0.000000
rf0403 8.295150 0.092300 0.085710
rf0412 8.341300 0.131860 0.000000
rf0413 8.347900 0.138450 0.125270
rf0415 8.453380 0.105490 0.000000
rf0417 8.750060 0.052740 0.026370
rf0418 8.611610 0.072520 0.000000
rf0419 8.262190 0.019780 0.270300
rf0425 8.420420 0.178000 0.000000
rf0426 8.163300 0.138450 0.039550
rf0427 8.459970 0.151640 0.000000
rf0428 8.262190 0.085710 0.059330
rf0430 8.262190 0.138450 0.000000
rf0431 8.262190 0.052740 0.382390
rf0432 8.354490 0.151630 0.000000
rf0433 8.400640 0.217560 0.145040
rf0434 8.262190 0.098890 0.000000
rf0436 8.262190 0.178010 0.105480
rf0439 8.262190 0.013180 0.000000
rf0441 8.262190 0.039560 0.046150
rf0443 8.275370 0.184600 0.000000
rf0448 8.394050 0.131850 0.052740
rf0450 8.657760 0.059330 0.000000
rf0452 8.914880 -0.019780 0.046150
rf0453 8.400640 0.171410 0.000000
rf0454 8.361080 0.164820 0.079120
rf0455 8.802800 0.032970 0.000000
rf0456 8.427010 0.158230 0.026370
rf0459 8.262190 0.032960 0.000000
rf0460 8.605020 0.092300 0.085710
rf0461 8.262190 0.079110 0.000000
rf0462 8.262190 0.112080 0.032970
rf0463 8.611610 0.138450 0.000000
rf0464 8.262190 0.013180 0.118670
rf0465 8.288560 0.145040 0.000000
rf0466 8.387450 0.138450 0.065930
rf0467 8.466570 0.151630 0.000000
rf0471 8.341300 0.197790 0.125260
rf0473 8.506120 0.151640 0.000000
rf0474 8.262190 0.026370 0.131860
rf0476 8.295150 0.164820 0.000000
rf0477 8.262190 0.079110 0.026370
rf0478 8.374270 0.276900 0.000000
rf0479 8.262190 0.052740 0.138450
rf0480 8.341300 0.197790 0.000000
rf0482 8.453380 0.118670 0.065930
rf0485 8.110550 0.158230 0.000000
rf0487 8.262190 0.138450 0.046150
rf0488 8.380860 0.112080 0.000000
rf0496 8.262190 0.052740 0.039560
rf0497 8.262190 0.151630 0.000000
rf0498 8.222630 0.098890 0.085700
rf0499 8.262190 0.065930 0.000000
rf0500 8.433600 0.197790 0.039560
rf0503 8.301750 0.052740 0.000000
rf0505 8.262190 0.164820 0.059340
rf0507 8.374270 0.178000 0.000000
rf0510 8.598420 0.105490 0.059330
rf0511 8.374270 0.171410 0.000000
rf0513 8.532500 0.171410 0.098890
rf0518 8.262190 0.131860 0.000000
rf0524 8.262190 0.178010 0.039560
rf0545 8.262190 0.230750 0.000000
rf0583 8.262190 0.131860 0.065930
rf0591 8.446790 0.184600 0.000000
rf0607 8.281970 0.138450 0.052740
rf0622 8.262190 0.098890 0.000000
rf0630 8.262190 0.013180 0.105490
rf0632 8.202850 0.158230 0.000000
rf0642 8.262190 0.019780 0.046150
rf0644 8.110550 0.204380 0.000000
rf0663 8.262190 0.019780 0.052740
rf0684 8.512720 0.210970 0.000000
rf0693 8.262190 0.059330 0.046150
rf0695 8.275370 0.145050 0.000000
rf0701 8.262190 0.191190 0.026370
rf0707 8.354490 0.125260 0.000000
rf0713 8.262190 0.151630 0.079120
rf0730 8.459970 0.158230 0.000000
rf0739 8.328120 0.210970 0.039560
rf0745 8.255600 0.026370 0.000000
rf0783 8.262190 0.118670 0.197790
rf0795 8.281970 0.112080 0.000000
rs0001 8.262190 0.052740 0.052740
rs0002 8.367670 0.131860 0.000000
rs0003 8.295150 0.092300 0.085710
rs0010 8.321520 0.112080 0.000000
rs0011 8.301750 0.164820 0.290090
rs0012 8.301750 0.112070 0.000000
rs0013 8.301750 0.118670 0.085710
rs0017 8.664350 0.092300 0.000000
rs0019 8.723690 0.059330 0.059340
rs0020 8.262190 0.178010 0.000000
rs0023 8.380860 0.283490 0.046150
rs0030 8.354490 0.105480 0.000000
rs0035 8.262190 0.026370 0.026370
rs0038 8.605020 0.145040 0.000000
rs0039 8.262190 0.052740 0.046150
rs0041 8.361080 0.151640 0.000000
rs0042 8.367670 0.217570 0.105490
rs0045 8.420420 0.158230 0.000000
rs0046 8.690720 0.046150 0.039560
rs0047 8.262190 0.125260 0.000000
rs0048 8.466570 0.204380 0.046150
rs0050 8.565460 0.138450 0.000000
rs0051 8.525900 0.112080 0.052740
rs0052 8.400640 0.145040 0.000000
rs0054 8.262190 0.079110 0.059340
rs0062 8.262190 0.046150 0.000000
rs0063 8.552270 0.072530 0.072530
rs0064 8.545680 0.131860 0.000000
rs0065 8.380860 0.164820 0.098890
rs0068 8.334710 0.191190 0.000000
rs0070 8.262190 0.138450 0.039560
rs0077 8.842360 0.032960 0.000000
rs0081 8.262190 0.052740 0.065930
rs0082 8.281970 0.171410 0.000000
rs0083 8.262190 0.138450 0.059340
rs0084 8.400640 0.138450 0.000000
rs0085 8.413820 0.145050 0.032970
rs0087 8.354490 0.164820 0.000000
rs0088 8.262190 0.072520 0.072520
rs0089 8.611610 0.112080 0.000000
rs0090 8.262190 0.026370 0.072520
rs0092 8.275370 0.098900 0.000000
rs0093 8.743470 0.019770 0.052740
rs0094 8.334710 0.105490 0.000000
rs0095 8.262190 0.026370 0.085700
rs0096 8.539090 0.145040 0.000000
rs0097 8.262190 0.026370 0.059340
rs0098 8.466570 0.131850 0.000000
rs0099 8.262190 0.224160 0.026370
rs0103 8.618200 0.158230 0.000000
rs0104 8.492940 0.178010 0.079120
rs0105 8.314930 0.164820 0.000000
rs0106 8.262190 0.145040 0.032970
rs0111 8.262190 0.118670 0.000000
rs0113 8.723690 0.039550 0.138450
rs0118 8.367670 0.164830 0.000000
rs0120 8.446790 0.125260 0.059340
rs0121 8.499530 0.197790 0.000000
rs0122 8.262190 0.079110 0.072520
rs0123 8.657760 0.065930 0.000000
rs0124 8.262190 0.072520 0.145040
rs0126 8.466570 0.151630 0.000000
rs0127 8.321520 0.092300 0.013190
rs0128 8.598420 0.125270 0.000000
rs0129 8.881920 0.026370 0.052740
rs0130 8.321520 0.158230 0.000000
rs0132 8.242410 0.125260 0.052740
rs0133 8.624800 0.059330 0.000000
rs0134 8.657760 0.032960 0.065930
rs0135 8.506120 0.138450 0.000000
rs0137 8.374270 0.079110 0.052740
rs0138 8.262190 0.105480 0.000000
rs0140 8.262190 0.019780 0.052750
rs0141 8.288560 0.098890 0.000000
rs0143 8.703910 0.039560 0.032970
rs0145 8.440200 0.178000 0.000000
rs0146 8.262190 0.065930 0.019780
rs0147 8.400640 0.098890 0.000000
rs0148 8.736870 0.052750 0.019780
rs0149 8.361080 0.164820 0.000000
rs0150 8.262190 0.112080 0.032970
rs0153 8.657760 0.098890 0.000000
rs0154 8.262190 0.145040 0.032970
rs0156 8.314930 0.118670 0.000000
rs0158 8.262190 0.184600 0.052750
rs0163 8.473160 0.125260 0.000000
rs0165 8.314930 0.112080 0.065930
rs0166 8.519310 0.098890 0.000000
rs0167 8.262190 0.052740 0.079120
rs0168 8.262190 0.032960 0.000000
rs0170 8.262190 0.085710 0.046150
rs0171 8.295150 0.125270 0.000000
rs0172 8.413820 0.131860 0.072520
rs0174 8.275370 0.138450 0.000000
rs0175 8.394050 0.085700 0.046150
rs0178 8.262190 0.026370 0.000000
rs0179 8.427010 0.164820 0.065930
rs0180 8.440200 0.151630 0.000000
rs0182 8.545680 0.151640 0.085710
rs0183 8.618200 0.085710 0.000000
rs0184 8.281970 0.204380 0.257120
rs0185 8.578650 0.138440 0.000000
rs0188 8.743470 0.059330 0.039560
rs0189 8.657760 0.065930 0.000000
rs0192 8.532500 0.098890 0.072520
rs0193 8.446790 0.158230 0.000000
rs0195 8.512720 0.197780 0.046150
rs0200 8.341300 0.046150 0.000000
rs0201 8.848950 0.026370 0.276900
rs0203 8.796210 0.026370 0.000000
rs0206 8.730280 0.032960 0.105490
rs0209 8.578650 0.085700 0.000000
rs0210 8.301750 0.164820 0.079110
rs0211 8.815990 0.032960 0.000000
rs0212 8.295150 0.178010 0.046150
rs0215 8.262190 0.105480 0.000000
rs0218 8.275370 0.118680 0.092300
rs0220 8.262190 0.039560 0.000000
rs0221 8.499530 0.138450 0.125270
rs0224 8.532500 0.118670 0.000000
rs0225 8.440200 0.158220 0.039550
rs0226 8.268780 0.092300 0.000000
rs0227 8.545680 0.191190 0.046150
rs0228 8.275370 0.118680 0.000000
rs0231 8.321520 0.098900 0.052750
rs0236 8.262190 0.125260 0.000000
rs0237 8.703910 0.052740 0.059330
rs0240 8.914880 0.019780 0.000000
rs0241 8.308340 0.079110 0.224160
rs0242 8.374270 0.118670 0.000000
rs0243 8.512720 0.125260 0.125260
rs0246 8.262190 0.026370 0.000000
rs0247 8.262190 0.019780 0.065930
rs0250 8.525900 0.164820 0.000000
rs0251 8.321520 0.210980 0.059340
rs0255 8.268780 0.118670 0.000000
rs0256 8.262190 0.079110 0.098900
rs0257 8.308340 0.164820 0.000000
rs0259 8.473160 0.079110 0.065920
rs0260 8.776430 0.032960 0.000000
rs0262 8.262190 0.052740 0.026370
rs0263 8.624800 0.105480 0.000000
rs0264 8.262190 0.019780 0.039560
rs0267 8.578650 0.085700 0.000000
rs0268 8.578650 0.085700 0.065930
rs0269 8.268780 0.118670 0.000000
rs0270 8.572050 0.224160 0.052740
rs0273 8.295150 0.105490 0.000000
rs0274 8.446790 0.145040 0.059340
rs0275 8.281970 0.098890 0.000000
rs0276 8.321520 0.112080 0.052740
rs0277 8.262190 0.151630 0.000000
rs0280 8.605020 0.151630 0.065930
rs0282 8.532500 0.085700 0.000000
rs0283 8.407230 0.125270 0.164820
rs0284 8.347900 0.125260 0.000000
rs0288 8.822580 0.019780 0.092300
rs0289 8.413820 0.145050 0.000000
rs0290 8.275370 0.164830 0.019770
rs0297 8.262190 0.125260 0.000000
rs0303 8.262190 0.118670 0.052750
rs0306 8.453380 0.138450 0.000000
rs0308 8.446790 0.257120 0.145040
rs0313 8.512720 0.230750 0.000000
rs0314 8.367670 0.178010 0.441720
rs0316 8.565460 0.098890 0.000000
rs0318 8.262190 0.013180 0.059340
rs0320 8.572050 0.085710 0.000000
rs0323 8.374270 0.085700 0.059330
rs0325 8.479750 0.112080 0.000000
rs0328 8.413820 0.145050 0.290080
rs0330 8.268780 0.224160 0.000000
rs0331 8.407230 0.112080 0.065930
rs0334 8.387450 0.105490 0.000000
rs0336 8.361080 0.178010 0.072520
rs0337 8.380860 0.105490 0.000000
rs0339 8.756650 0.032970 0.105490
rs0340 8.427010 0.131860 0.000000
rs0341 8.262190 0.079110 0.052740
rs0343 8.268780 0.151640 0.000000
rs0344 8.262190 0.072520 0.052740
rs0345 8.262190 0.046150 0.000000
rs0349 8.262190 0.026370 0.105490
rs0350 8.380860 0.105490 0.000000
rs0354 8.262190 0.072520 0.112080
rs0358 8.459970 0.131860 0.000000
rs0363 8.262190 0.158230 0.032960
rs0364 8.262190 0.065930 0.000000
rs0365 8.262190 0.164820 0.052740
rs0367 8.334710 0.125260 0.000000
rs0371 8.651170 0.079110 0.079120
rs0372 8.262190 0.085710 0.000000
rs0373 8.347900 0.092300 0.052740
rs0374 8.262190 0.125260 0.000000
rs0376 8.427010 0.184600 0.085700
rs0377 8.341300 0.164820 0.000000
rs0380 8.281970 0.098890 0.039560
rs0384 8.314930 0.125270 0.000000
rs0386 8.262190 0.085710 0.039550
rs0389 8.262190 0.092300 0.000000
rs0391 8.453380 0.145040 0.013190
rs0392 8.262190 0.019780 0.000000
rs0393 8.314930 0.085710 0.079120
rs0394 8.262190 0.019780 0.000000
rs0401 8.578650 0.131850 0.039560
rs0408 8.262190 0.092300 0.000000
rs0409 8.473160 0.145040 0.052740
rs0410 8.262190 0.138450 0.000000
rs0411 8.262190 0.072520 0.079110
rs0416 8.262190 0.039560 0.000000
rs0417 8.262190 0.052740 0.085700
rs0418 8.308340 0.125260 0.000000
rs0419 8.361080 0.138450 0.019780
rs0420 8.532500 0.098890 0.000000
rs0421 8.262190 0.046150 0.052740
rs0422 8.262190 0.032960 0.000000
rs0423 8.262190 0.210970 0.052740
rs0424 8.262190 0.072520 0.000000
rs0425 8.380860 0.112080 0.125270
rs0427 8.321520 0.138450 0.000000
rs0428 8.394050 0.171410 0.125260
rs0429 8.262190 0.085710 0.000000
rs0430 8.262190 0.052740 0.032970
rs0432 8.262190 0.000000 0.000000
rs0433 8.420420 0.191190 0.059330
rs0435 8.301750 0.191190 0.000000
rs0437 8.262190 0.052740 0.026380
rs0442 8.262190 0.112080 0.000000
rs0444 8.262190 0.052740 0.019780
rs0449 8.598420 0.079120 0.000000
rs0452 8.453380 0.125270 0.052750
rs0453 8.862140 0.032960 0.000000
rs0454 8.479750 0.145050 0.098890
rs0456 8.387450 0.151640 0.000000
rs0458 8.420420 0.257120 0.059340
rs0460 8.262190 0.059330 0.000000
rs0463 8.268780 0.118670 0.085710
rs0467 8.262190 0.184600 0.000000
rs0468 8.354490 0.138450 0.046150
rs0469 8.262190 0.112080 0.000000
rs0470 8.262190 0.085710 0.039560
rs0472 8.262190 0.026370 0.000000
rs0473 8.262190 0.039560 0.013190
rs0476 8.552270 0.171420 0.000000
rs0477 8.262190 0.026370 0.085710
rs0480 8.361080 0.151640 0.000000
rs0485 8.262190 0.039560 0.065930
rs0492 8.262190 0.145040 0.000000
rs0493 8.262190 0.079110 0.019780
rs0494 8.572050 0.138450 0.000000
rs0495 8.262190 0.118670 0.085710
rs0496 8.506120 0.138450 0.000000
rs0505 8.763240 0.019780 0.138450
rs0508 8.262190 0.105480 0.000000
rs0512 8.585240 0.138450 0.112070
rs0516 8.262190 0.079110 0.000000
rs0517 8.815990 0.026370 0.072520
rs0519 8.328120 0.112080 0.000000
rs0520 8.288560 0.079110 0.065920
rs0521 8.367670 0.125270 0.000000
rs0522 8.473160 0.151640 0.092300
rs0524 8.301750 0.204370 0.000000
rs0526 8.314930 0.092300 0.072520
rs0528 8.789620 0.032960 0.000000
rs0529 8.295150 0.085710 0.092300
rs0531 8.855540 0.026380 0.000000
rs0532 8.374270 0.098890 0.019770
rs0534 8.347900 0.138450 0.000000
rs0536 8.262190 0.059330 0.032970
rs0538 8.407230 0.105490 0.000000
rs0541 8.736870 0.032970 0.046150
rs0542 8.249000 0.270310 0.000000
rs0543 8.268780 0.171420 0.052740
rs0545 8.262190 0.059330 0.000000
rs0546 8.519310 0.098890 0.065920
rs0548 8.262190 0.105480 0.000000
rs0549 8.314930 0.085710 0.059340
rs0553 8.308340 0.151630 0.000000
rs0554 8.743470 0.039550 0.191200
rs0555 8.486350 0.118670 0.000000
rs0556 8.262190 0.006590 0.039560
rs0559 8.262190 0.092300 0.000000
rs0560 8.539090 0.098890 0.039560
rs0562 8.262190 0.230750 0.000000
rs0564 8.387450 0.151640 0.039560
rs0566 8.262190 0.098890 0.000000
rs0568 8.314930 0.138450 0.052740
rs0571 8.262190 0.046150 0.000000
rs0572 8.591830 0.184600 0.039550
rs0573 8.268780 0.118670 0.000000
rs0574 8.710500 0.026370 0.039550
rs0578 8.591830 0.131860 0.000000
rs0579 8.552270 0.158230 0.032970
rs0585 8.361080 0.171420 0.000000
rs0586 8.262190 0.039560 0.046150
rs0588 8.334710 0.243940 0.000000
rs0591 8.743470 0.026370 0.046150
rs0598 8.525900 0.131860 0.000000
rs0599 8.631390 0.079110 0.092300
rs0602 8.354490 0.184600 0.000000
rs0609 8.427010 0.118670 0.210970
rs0615 8.446790 0.178010 0.000000
rs0616 8.631390 0.105480 0.013190
rs0617 8.961030 -0.006590 0.000000
rs0618 8.347900 0.178000 0.052740
rs0620 8.374270 0.164820 0.000000
rs0623 8.262190 0.145040 0.046150
rs0626 8.433600 0.125270 0.000000
rs0627 8.525900 0.138450 0.072520
rs0630 8.407230 0.204380 0.000000
rs0637 8.499530 0.197790 0.118670
rs0638 8.512720 0.237340 0.000000
rs0640 8.394050 0.178000 0.032970
rs0641 8.519310 0.145040 0.000000
rs0644 8.374270 0.151630 0.072520
rs0645 8.473160 0.171410 0.000000
rs0656 8.440200 0.079110 0.052740
rs0660 8.783020 0.026370 0.000000
rs0667 8.572050 0.085710 0.059340
rs0670 8.848950 0.019780 0.000000
rs0671 8.328120 0.105480 0.184600
rs0677 8.446790 0.204380 0.000000
rs0679 8.374270 0.171410 0.092300
rs0691 8.802800 0.026370 0.000000
rs0696 8.809390 0.052750 0.065930
rs0703 8.473160 0.309860 0.000000
rs0708 8.624800 0.105480 0.092300
rs0710 8.295150 0.145050 0.000000
rs0713 8.262190 0.105480 0.079110
rs0720 8.532500 0.092300 0.000000
rs0722 8.334710 0.164820 0.052740
rs0724 8.598420 0.125270 0.000000
rs0726 8.262190 0.131860 0.039560
rs0727 8.275370 0.138450 0.000000
rs0731 8.341300 0.125270 0.026370
rs0733 8.598420 0.151640 0.000000
rs0734 8.394050 0.118670 0.072520
rs0738 8.374270 0.138450 0.000000
rs0740 8.268780 0.118670 0.079110
rs0741 8.578650 0.118670 0.000000
rs0743 8.262190 0.085710 0.059340
rs0744 8.545680 0.098890 0.000000
rs0746 8.519310 0.158230 0.052740
rs0747 8.644570 0.098900 0.000000
rs0751 8.815990 0.026370 0.026370
rs0752 8.341300 0.210970 0.000000
rs0754 8.446790 0.191190 0.257120
rs0756 8.295150 0.112080 0.000000
rs0758 8.519310 0.138450 0.026370
rs0763 8.420420 0.145040 0.000000
rs0766 8.598420 0.105490 0.032970
rs0767 8.314930 0.224160 0.000000
rs0768 8.380860 0.118670 0.046150
rs0769 8.459970 0.178010 0.000000
rs0774 8.275370 0.164830 0.052740
rs0775 8.262190 0.098890 0.000000
rs0777 8.262190 0.032960 0.065920
rs0778 8.268780 0.085710 0.000000
rs0779 8.585240 0.079110 0.059340
rs0781 8.598420 0.079120 0.000000
rs0782 8.262190 0.026370 0.032970
rs0786 8.281970 0.191190 0.000000
rs0788 8.262190 0.072520 0.118670
rs0790 8.262190 0.118670 0.000000
rs0793 8.433600 0.138450 0.039560
rs0794 8.466570 0.171410 0.000000
rs0797 8.572050 0.092300 0.032960
rs0799 8.262190 0.131860 0.000000
rs0800 8.473160 0.131860 0.296680
rs0802 8.275370 0.138450 0.000000
rs0804 8.262190 0.019780 0.046150
rs0805 8.262190 0.013180 0.000000
rs0806 8.512720 0.112080 0.052740
rs0809 8.743470 0.032960 0.000000
rs0810 8.262190 0.184600 0.085710
rs0811 8.611610 0.059340 0.000000
rs0812 8.763240 0.019780 0.046150
rs0815 8.262190 0.059330 0.000000
rs0818 8.262190 0.098890 0.065930
rs0823 8.763240 0.039560 0.000000
rs0828 8.334710 0.184600 0.079120
rs0831 8.750060 0.032960 0.000000
rs0832 8.262190 0.065930 0.105480
rs0833 8.459970 0.145050 0.000000
rs0834 8.506120 0.105490 0.072520
rs0836 8.657760 0.079110 0.000000
rs0838 8.605020 0.098890 0.039560
rs0839 8.789620 0.026370 0.000000
rs0840 8.268780 0.092300 0.079120
rs0842 8.262190 0.032960 0.000000
rs0843 8.459970 0.178010 0.032970
rs0845 8.525900 0.158230 0.000000
rs0846 8.420420 0.171410 0.191190
rs0847 8.466570 0.158230 0.000000
rs0850 8.783020 0.026370 0.046150
rs0853 8.394050 0.210970 0.000000
rs0854 8.519310 0.125260 0.065930
rs0855 8.427010 0.323050 0.000000
rs0856 8.895100 0.026370 0.072520
rs0860 8.427010 0.336230 0.000000
rs0865 8.862140 0.026370 0.046150
rs0866 8.611610 0.079110 0.000000
rs0868 8.459970 0.125270 0.131860
rs0869 8.268780 0.085710 0.000000
rs0871 8.288560 0.125260 0.039560
rs0872 8.440200 0.145040 0.000000
rs0880 8.499530 0.118670 0.065930
rs0887 8.578650 0.085700 0.000000
rs0891 8.670950 0.079110 0.046150
rs0892 8.512720 0.098890 0.000000
rs0893 8.262190 0.065930 0.105480
rs0897 8.394050 0.112070 0.000000
rs0899 8.407230 0.184600 0.151640
rs0900 8.262190 0.046150 0.000000
rs0901 8.235820 0.125260 0.046150
rs0906 8.262190 0.039560 0.000000
rs0907 8.400640 0.184600 0.112080
rs0909 8.321520 0.092300 0.000000
rs0916 8.314930 0.105490 0.125270
rs0919 8.281970 0.158230 0.000000
rs0920 8.354490 0.164820 0.131860
rs0921 8.578650 0.151630 0.000000
rs0922 8.400640 0.191190 0.072520
rs0923 8.262190 0.131860 0.000000
rs0927 8.473160 0.191190 0.046150
rs0930 8.262190 0.105480 0.000000
rs0932 8.262190 0.105480 0.026370
rs0933 8.262190 0.059330 0.000000
rs0934 8.380860 0.125260 0.052740
rs0935 8.314930 0.138450 0.000000
rs0944 8.281970 0.092300 0.026370
rs0945 8.506120 0.138450 0.000000
rs0946 8.525900 0.125270 0.204380
rs0948 8.525900 0.138450 0.000000
rs0950 8.262190 0.085710 0.065930
rs0953 8.677540 0.065930 0.000000
rs0957 8.262190 0.026370 0.039560
rs0958 8.473160 0.191190 0.000000
rs0959 8.262190 0.046150 0.052740
rs0960 8.262190 0.072520 0.000000
rs0962 8.380860 0.164820 0.131850
rs0967 8.354490 0.098890 0.000000
rs0968 8.262190 0.098890 0.052740
rs0970 8.479750 0.158230 0.000000
rs0976 8.262190 0.046150 0.013190
rs0977 8.262190 0.164820 0.000000
rs0979 8.262190 0.151630 0.131860
rs0980 8.473160 0.151640 0.000000
rs0981 8.262190 0.059330 0.059340
rs0982 8.262190 0.039560 0.000000
rs0983 8.262190 0.072520 0.052740
rs0984 8.341300 0.079120 0.000000
rs0985 8.262190 0.105480 0.072520
rs0986 8.262190 0.178010 0.000000
rs0989 8.473160 0.131860 0.065930
rs0991 8.585240 0.118670 0.000000
rs0995 8.506120 0.112080 0.046150
rs0996 8.268780 0.191190 0.000000
rs0997 8.479750 0.105490 0.072520
rs0999 8.367670 0.191200 0.000000
rs1001 8.281970 0.098890 0.039560
rs1002 8.380860 0.237340 0.000000
rs1003 8.427010 0.145040 0.059340
rs1010 8.829170 0.046150 0.000000
rs1014 8.262190 0.019780 0.019780
rs1016 8.783020 0.032970 0.000000
rs1017 8.262190 0.072520 0.032960
rs1020 8.262190 0.158230 0.000000
rs1021 8.281970 0.098890 0.059330
rs1028 8.420420 0.125260 0.000000
rs1029 8.308340 0.092300 0.019770
rs1030 8.262190 0.046150 0.000000
rs1031 8.374270 0.184600 0.046150
rs1032 8.262190 0.138450 0.000000
rs1034 8.295150 0.138450 0.052740
rs1035 8.262190 0.052740 0.000000
rs1038 8.262190 0.046150 0.065930
rs1040 8.262190 0.171410 0.000000
rs1041 8.262190 0.085710 0.065930
rs1043 8.262190 0.026370 0.000000
rs1045 8.506120 0.125270 0.098890
rs1047 8.308340 0.118670 0.000000
rs1048 8.545680 0.171410 0.112080
rs1049 8.657760 0.052740 0.000000
rs1050 8.262190 0.052740 0.026370
rs1052 8.328120 0.112080 0.000000
rs1053 8.262190 0.019780 0.098900
rs1054 8.163300 0.131850 0.000000
rs1055 8.262190 0.105480 0.191200
rs1057 8.802800 0.032970 0.000000
rs1058 8.440200 0.250520 0.125260
rs1059 8.558870 0.105480 0.000000
rs1060 8.262190 0.013180 0.085710
rs1062 8.605020 0.125260 0.000000
rs1065 8.341300 0.131860 0.065930
rs1068 8.453380 0.210970 0.000000
rs1070 8.262190 0.092300 0.072520
rs1072 8.354490 0.118670 0.000000
rs1073 8.328120 0.191190 0.032960
rs1074 8.262190 0.079110 0.000000
rs1076 8.585240 0.098890 0.131860
rs1077 8.420420 0.151630 0.000000
rs1078 8.420420 0.197780 0.237340
rs1079 8.565460 0.138450 0.000000
rs1080 8.446790 0.197780 0.210970
rs1081 8.374270 0.105480 0.000000
rs1082 8.591830 0.079120 0.092300
rs1083 8.334710 0.158230 0.000000
rs1084 8.341300 0.105490 0.032970
rs1087 8.433600 0.158230 0.000000
rs1091 8.486350 0.138450 0.250530
rs1098 8.275370 0.112080 0.000000
rs1100 8.407230 0.131860 0.032960
rs1102 8.868730 0.026370 0.000000
rs1103 8.262190 0.019780 0.019780
rs1104 8.420420 0.164820 0.000000
rs1105 8.262190 0.079110 0.026370
rs1108 8.262190 0.092300 0.000000
rs1109 8.578650 0.158220 0.046150
rs1110 8.420420 0.151630 0.000000
rs1113 8.196260 0.112080 0.072520
rs1114 8.466570 0.224150 0.000000
rs1117 8.262190 0.085710 0.092300
rs1118 8.578650 0.065920 0.000000
rs1119 8.262190 0.210970 0.059340
rs1120 8.815990 0.032960 0.000000
rs1121 8.783020 0.026370 0.019780
rs1122 8.585240 0.138450 0.000000
rs1124 8.374270 0.184600 0.079110
rs1125 8.440200 0.138450 0.000000
rs1126 8.262190 0.079110 0.019770
rs1128 8.262190 0.039560 0.000000
rs1131 8.789620 0.032960 0.039550
rs1132 8.262190 0.098890 0.000000
rs1135 8.268780 0.217570 0.039560
rs1137 8.387450 0.112080 0.000000
rs1142 8.308340 0.164820 0.105490
rs1143 8.262190 0.065930 0.000000
rs1145 8.525900 0.098900 0.085710
rs1146 8.815990 0.046150 0.000000
rs1147 8.262190 0.184600 0.039560
rs1149 8.262190 0.105480 0.000000
rs1151 8.387450 0.210970 0.052750
rs1154 8.380860 0.112080 0.000000
rs1156 8.262190 0.098890 0.079120
rs1157 8.262190 0.098890 0.000000
rs1159 8.262190 0.098890 0.072520
rs1163 8.275370 0.105490 0.000000
rs1164 8.262190 0.026370 0.072520
rs1165 8.361080 0.118670 0.000000
rs1166 8.288560 0.158230 0.079110
rs1169 8.433600 0.105490 0.000000
rs1170 8.354490 0.151630 0.059330
rs1171 8.367670 0.158230 0.000000
rs1172 8.262190 0.032960 0.039560
rs1174 8.466570 0.145040 0.000000
rs1176 8.433600 0.085710 0.026370
rs1178 8.400640 0.112080 0.000000
rs1179 8.295150 0.092300 0.039560
rs1182 8.440200 0.145040 0.000000
rs1183 8.519310 0.145040 0.059340
rs1184 8.262190 0.118670 0.000000
rs1185 8.420420 0.164820 0.290080
rs1187 8.295150 0.085710 0.000000
rs1188 8.262190 0.032960 0.026370
rs1191 8.479750 0.112080 0.000000
rs1192 8.262190 0.112080 0.112080
rs1193 8.400640 0.112080 0.000000
rs1195 8.446790 0.085710 0.039560
rs1198 8.262190 0.085710 0.000000
rs1200 8.262190 0.085710 0.092300
rs1202 8.314930 0.164820 0.000000
rs1205 8.565460 0.085710 0.092300
rs1206 8.763240 0.026380 0.000000
rs1207 8.525900 0.112080 0.039560
rs1208 8.262190 0.138450 0.000000
rs1209 8.288560 0.098890 0.079110
rs1210 8.492940 0.191190 0.000000
rs1211 8.605020 0.092300 0.032960
rs1212 8.347900 0.098890 0.000000
rs1213 8.736870 0.052750 0.065930
rs1217 8.783020 0.052750 0.000000
rs1220 8.479750 0.145050 0.026370
rs1229 8.822580 0.032960 0.000000
rs1236 8.354490 0.118670 0.046150
rs1238 8.492940 0.125260 0.000000
rs1245 8.262190 0.151630 0.013190
rs1248 8.558870 0.105480 0.000000
rs1257 8.262190 0.032960 0.098900
rs1258 8.433600 0.138450 0.000000
rs1259 8.262190 0.046150 0.072530
rs1260 8.262190 0.138450 0.000000
rs1261 8.262190 0.085710 0.059330
rs1262 8.262190 0.125260 0.000000
rs1263 8.288560 0.191190 0.052750
rs1264 8.262190 0.039560 0.000000
rs1265 8.367670 0.191200 0.362610
rs1266 8.301750 0.105480 0.000000
rs1267 8.848950 0.026370 0.059330
rs1269 8.156700 0.138450 0.000000
rs1270 8.262190 0.098890 0.032960
rs1276 8.262190 0.052740 0.000000
rs1278 8.492940 0.158230 0.019780
rs1280 8.301750 0.118670 0.000000
rs1281 8.262190 0.105480 0.072520
rs1283 8.262190 0.085710 0.000000
rs1284 8.262190 0.019780 0.065930
rs1285 8.308340 0.171410 0.000000
rs1286 8.446790 0.164820 0.052740
rs1289 8.262190 0.105480 0.000000
rs1290 8.262190 0.032960 0.072520
rs1291 8.268780 0.079120 0.000000
rs1292 8.479750 0.191200 0.052740
rs1293 8.387450 0.118670 0.000000
rs1294 8.605020 0.059330 0.092300
rs1295 8.262190 0.085710 0.000000
rs1296 8.262190 0.019780 0.092300
rs1297 8.262190 0.039560 0.000000
rs1298 8.262190 0.125260 0.085700
rs1299 8.262190 0.098890 0.000000
rs1301 8.763240 0.065930 0.046150
rs1302 8.262190 0.105480 0.000000
rs1303 8.229220 0.230750 0.085700
rs1304 8.262190 0.059330 0.000000
rs1310 8.334710 0.151640 0.072520
rs1337 8.512720 0.118670 0.000000
rs1359 8.262190 0.046150 0.079110
rs1368 8.308340 0.290080 0.000000
rs1437 8.703910 0.046150 0.059330
rs1518 8.730280 0.065930 0.000000
