rf0001 8.236930 0.131850 0.000000
rf0003 8.962140 0.032960 0.553800
rf0006 7.458970 0.006590 0.000000
rf0007 7.458970 0.006590 0.098900
rf0008 7.544680 0.468090 0.000000
rf0010 7.458970 0.006590 inf
rf0011 8.606120 0.085710 0.000000
rf0014 8.533600 0.105490 inf
rf0015 8.507230 0.052740 0.000000
rf0017 8.236930 0.243930 0.000000
rf0019 8.447900 0.164820 0.000000
rf0020 7.458970 0.388980 inf
rf0023 8.236930 0.243930 0.000000
rf0024 8.744570 0.098900 0.224150
rf0028 7.458970 0.006590 0.000000
rf0029 8.454490 0.026370 0.382380
rf0030 7.458970 0.329640 0.000000
rf0031 7.458970 0.032960 0.145040
rf0032 7.458970 0.006590 0.000000
rf0033 8.236930 0.296670 0.296680
rf0034 8.236930 0.210970 0.000000
rf0040 8.935770 0.052740 0.402170
rf0042 8.454490 0.138450 0.000000
rf0043 9.041250 0.006590 -0.046150
rf0045 7.458970 0.006590 0.000000
rf0048 7.458970 0.006590 0.369200
rf0049 7.458970 0.006590 0.000000
rf0051 8.236930 0.151630 0.178000
rf0053 8.210550 0.112080 0.000000
rf0058 8.487450 0.138450 inf
rf0059 7.458970 0.131860 0.000000
rf0060 8.480860 0.098890 0.402160
rf0061 8.461080 0.151640 0.000000
rf0062 7.458970 0.013190 -0.039560
rf0064 7.933650 0.224160 0.000000
rf0065 8.236930 0.230740 inf
rf0068 8.724800 0.052740 0.000000
rf0071 8.072100 0.329650 inf
rf0072 7.458970 0.019780 0.000000
rf0073 8.151220 0.164820 0.309870
rf0074 8.665460 0.138450 0.000000
rf0076 8.454490 0.065930 0.441730
rf0077 7.458970 0.006590 0.000000
rf0079 7.458970 0.006590 0.112080
rf0083 7.458970 0.006590 0.000000
rf0084 7.458970 0.006590 0.224160
rf0092 7.571050 0.316450 0.000000
rf0098 7.940250 0.085700 0.131860
rf0099 8.461080 0.085710 0.000000
rf0102 8.606120 0.112080 inf
rf0104 7.458970 0.006590 0.000000
rf0106 7.458970 0.006590 inf
rf0107 8.236930 0.178000 0.000000
rf0108 7.458970 0.006590 inf
rf0109 7.458970 0.013190 0.000000
rf0110 7.458970 0.283490 0.448320
rf0111 8.665460 0.125260 0.000000
rf0117 8.032550 0.118670 0.356010
rf0118 8.718200 0.052750 0.000000
rf0119 7.458970 0.006590 0.230750
rf0120 7.458970 0.698840 0.000000
rf0122 7.458970 0.006590 -0.006590
rf0125 7.847950 0.046150 0.000000
rf0126 7.458970 0.006590 0.283490
rf0128 7.458970 0.006590 0.000000
rf0129 7.458970 0.065930 0.369200
rf0132 7.458970 0.046150 0.000000
rf0134 8.876430 0.039560 inf
rf0141 8.236930 0.342820 0.000000
rf0143 8.606120 0.085710 0.303270
rf0145 8.408340 0.098890 0.000000
rf0147 7.458970 0.006590 0.388980
rf0150 7.458970 0.006590 0.000000
rf0154 8.058920 0.118670 0.646100
rf0155 7.458970 0.006590 0.000000
rf0156 8.856650 0.059340 0.164820
rf0157 8.236930 0.171410 0.000000
rf0160 7.458970 0.006590 inf
rf0164 8.698420 0.065930 0.000000
rf0165 8.935770 0.059330 0.283490
rf0167 7.458970 0.356010 0.000000
rf0169 8.454490 0.046150 0.184600
rf0170 7.458970 0.105490 0.000000
rf0171 8.665460 0.197780 0.421940
rf0172 8.705020 0.125260 0.000000
rf0173 7.458970 0.013190 inf
rf0175 8.428120 0.092300 0.000000
rf0176 8.065510 0.283490 inf
rf0177 8.151220 0.118670 0.000000
rf0179 7.458970 0.507650 inf
rf0180 8.737980 0.052740 0.000000
rf0181 8.395150 0.125270 inf
rf0191 7.458970 0.006590 0.000000
rf0192 7.458970 0.599950 0.039560
rf0193 8.546790 0.098890 0.000000
rf0195 8.480860 0.184600 0.191200
rf0197 7.458970 0.665880 0.000000
rf0199 7.458970 0.098890 0.388980
rf0201 7.458970 0.402160 0.000000
rf0204 8.105070 0.257120 0.580170
rf0205 8.705020 0.131850 0.000000
rf0206 8.639090 0.092300 inf
rf0207 8.461080 0.092300 0.000000
rf0209 7.458970 0.079110 inf
rf0210 7.458970 0.006590 0.000000
rf0216 7.458970 0.013190 0.435130
rf0217 8.981920 0.032960 0.000000
rf0218 8.236930 0.257120 inf
rf0223 7.458970 0.006590 0.000000
rf0226 7.458970 0.006590 inf
rf0227 8.711610 0.092300 0.000000
rf0229 8.817090 0.072530 -0.026370
rf0234 8.599530 0.276900 0.000000
rf0236 7.458970 0.006590 0.263710
rf0237 8.935770 0.032960 0.000000
rf0238 8.236930 0.217560 0.408760
rf0241 7.458970 0.217560 0.000000
rf0242 7.458970 0.006590 0.692250
rf0245 8.935770 0.000000 0.000000
rf0246 8.144630 0.112070 inf
rf0247 7.458970 0.164820 0.000000
rf0249 8.131440 0.164820 -0.098890
rf0250 7.458970 0.520830 0.000000
rf0251 8.764350 0.085710 inf
rf0252 8.599530 0.098890 0.000000
rf0256 7.458970 0.006590 0.243940
rf0257 8.461080 0.112080 0.000000
rf0258 8.764350 0.098890 inf
rf0259 7.458970 0.006590 0.000000
rf0262 8.461080 0.131860 inf
rf0263 7.458970 0.388980 0.000000
rf0264 7.458970 0.006590 inf
rf0265 8.302850 0.178010 0.000000
rf0266 8.177590 0.092300 inf
rf0267 7.458970 0.382380 0.000000
rf0268 8.461080 0.197790 0.145040
rf0269 7.458970 0.006590 0.000000
rf0272 8.236930 0.151630 0.507650
rf0273 8.236930 0.290080 0.000000
rf0280 8.203960 0.092300 0.237340
rf0283 7.880910 0.079120 0.000000
rf0284 7.458970 0.026370 0.217560
rf0292 7.458970 0.164820 0.000000
rf0294 8.751170 0.085700 inf
rf0296 7.458970 0.243940 0.000000
rf0297 8.461080 0.178010 inf
rf0298 8.236930 0.204370 0.000000
rf0299 8.414930 0.052740 0.481280
rf0300 7.458970 0.468090 0.000000
rf0302 8.573160 0.112080 inf
rf0303 8.461080 0.039560 0.000000
rf0305 8.461080 0.131860 0.178000
rf0306 8.236930 0.243930 0.000000
rf0314 7.458970 0.006590 0.316460
rf0316 8.757760 0.079110 0.000000
rf0318 8.236930 0.105480 inf
rf0320 8.236930 0.085700 0.000000
rf0322 7.458970 0.006590 0.184600
rf0323 8.724800 0.092290 0.000000
rf0326 8.250110 0.270310 0.243940
rf0328 8.757760 0.092300 0.000000
rf0331 8.236930 0.131850 -0.039560
rf0332 8.171000 0.197780 0.000000
rf0333 7.458970 0.362610 0.514240
rf0335 8.236930 0.224150 0.000000
rf0338 7.465560 0.534020 -0.006590
rf0339 8.454490 0.026370 0.000000
rf0340 8.461080 0.072520 0.112080
rf0341 8.718200 0.085710 0.000000
rf0342 8.395150 0.079120 0.290090
rf0343 7.458970 0.138450 0.000000
rf0348 8.105070 0.230750 inf
rf0351 8.454490 0.046150 0.000000
rf0354 8.757760 0.032960 0.336240
rf0358 8.144630 0.138440 0.000000
rf0360 8.236930 0.296670 0.395570
rf0363 7.755650 0.263710 0.000000
rf0364 8.711610 0.046150 0.388980
rf0365 7.458970 0.290080 0.000000
rf0366 8.058920 0.138450 -0.059340
rf0367 7.458970 0.230750 0.000000
rf0368 8.447900 0.013180 0.270310
rf0370 8.236930 0.191190 0.000000
rf0374 8.461080 0.191190 0.283490
rf0376 8.184180 0.138450 0.000000
rf0378 8.731390 0.072520 inf
rf0381 8.606120 0.092300 0.000000
rf0383 7.458970 0.382380 -0.092300
rf0385 8.441300 0.079120 0.000000
rf0386 8.058920 0.290080 0.290090
rf0387 8.757760 0.052740 0.000000
rf0388 8.559970 0.131860 0.237340
rf0391 8.236930 0.197780 0.000000
rf0392 8.236930 0.171410 -0.105490
rf0393 7.946840 0.171410 0.000000
rf0395 8.058920 0.191190 -0.006590
rf0396 8.830280 0.065930 0.000000
rf0398 8.652270 0.079120 -0.052740
rf0399 8.461080 0.072520 0.000000
rf0400 8.988510 0.019780 0.388980
rf0401 8.236930 0.112070 0.000000
rf0403 8.461080 0.105490 0.158230
rf0412 8.606120 0.072530 0.000000
rf0413 8.665460 0.079110 0.158230
rf0415 8.731390 0.072520 0.000000
rf0417 8.935770 0.072520 0.421940
rf0418 8.461080 0.184600 0.000000
rf0419 8.006180 0.112070 -0.006590
rf0425 7.458970 0.006590 0.000000
rf0426 8.236930 0.395570 inf
rf0427 8.896210 0.039560 0.000000
rf0428 7.458970 0.309860 inf
rf0430 7.458970 0.725210 0.000000
rf0431 8.032550 0.250520 0.138450
rf0432 8.454490 0.085710 0.000000
rf0433 8.718200 0.112080 0.375800
rf0434 8.355600 0.178000 0.000000
rf0436 7.458970 0.006590 inf
rf0439 7.458970 0.250530 0.000000
rf0441 8.236930 0.105480 inf
rf0443 8.098480 0.138450 0.000000
rf0448 7.458970 0.006590 0.257120
rf0450 8.935770 0.000000 0.000000
rf0452 8.461080 0.164820 0.171410
rf0453 8.461080 0.171420 0.000000
rf0454 7.458970 0.006590 0.243930
rf0455 7.458970 0.006590 0.000000
rf0456 7.458970 0.006590 inf
rf0459 7.458970 0.006590 0.000000
rf0460 7.458970 0.006590 0.171420
rf0461 7.458970 0.092300 0.000000
rf0462 7.458970 0.006590 0.441730
rf0463 8.546790 0.052740 0.000000
rf0464 7.709500 0.237340 -0.019780
rf0465 8.461080 0.145040 0.000000
rf0466 8.606120 0.072530 inf
rf0467 8.421520 0.118680 0.000000
rf0471 8.639090 0.131860 0.329650
rf0473 8.711610 0.131860 0.000000
rf0474 8.105070 0.118670 0.276900
rf0476 8.276480 0.184600 0.000000
rf0477 8.236930 0.105480 -0.013190
rf0478 8.935770 0.006590 0.000000
rf0479 7.458970 0.013190 0.138450
rf0480 8.171000 0.118670 0.000000
rf0482 8.236930 0.138440 -0.079110
rf0485 8.461080 0.112080 0.000000
rf0487 8.461080 0.092300 0.224150
rf0488 8.454490 0.000000 0.000000
rf0496 8.236930 0.184590 0.349420
rf0497 8.236930 0.250520 0.000000
rf0498 8.236930 0.362600 inf
rf0499 8.454490 0.052740 0.000000
rf0500 8.757760 0.032960 0.507650
rf0503 8.217150 0.125260 0.000000
rf0505 8.461080 0.085710 0.171410
rf0507 8.606120 0.098900 0.000000
rf0510 7.590830 0.138450 inf
rf0511 7.458970 0.006590 0.000000
rf0513 7.458970 0.125260 0.692250
rf0518 8.236930 0.125260 0.000000
rf0524 7.458970 0.092300 -0.046150
rf0545 7.458970 1.074630 0.000000
rf0583 7.458970 0.006590 inf
rf0591 8.236930 0.138440 0.000000
rf0607 7.458970 0.006590 0.178000
rf0622 8.236930 0.224150 0.000000
rf0630 8.236930 0.072520 0.210970
rf0632 8.757760 0.085710 0.000000
rf0642 7.458970 0.481280 -0.039560
rf0644 8.606120 0.178010 0.000000
rf0663 8.065510 0.230750 0.336230
rf0684 8.058920 0.079110 0.000000
rf0693 8.236930 0.237340 inf
rf0695 8.236930 0.158220 0.000000
rf0701 8.454490 0.092300 0.263720
rf0707 8.777540 0.085700 0.000000
rf0713 7.458970 0.006590 0.474690
rf0730 7.755650 0.336230 0.000000
rf0739 8.461080 0.151640 0.454910
rf0745 7.913880 0.158220 0.000000
rf0783 8.065510 0.243940 0.257120
rf0795 8.461080 0.092300 0.000000
rs0001 7.458970 0.013190 inf
rs0002 8.461080 0.079120 0.000000
rs0003 7.458970 0.540610 -0.013190
rs0010 8.236930 0.178000 0.000000
rs0011 8.414930 0.079120 0.204380
rs0012 8.705020 0.072520 0.000000
rs0013 8.612720 0.079110 -0.019780
rs0017 7.999580 0.197790 0.000000
rs0019 8.935770 0.065920 0.276900
rs0020 8.236930 0.164820 0.000000
rs0023 7.458970 0.013190 0.474690
rs0030 8.454490 0.006590 0.000000
rs0035 8.098480 0.092300 0.454900
rs0038 7.458970 0.006590 0.000000
rs0039 8.236930 0.125260 -0.059340
rs0041 7.458970 0.237340 0.000000
rs0042 8.764350 0.092300 0.356010
rs0045 8.408340 0.257120 0.000000
rs0046 8.850060 0.052740 0.692250
rs0047 8.065510 0.257120 0.000000
rs0048 7.458970 0.006590 0.356010
rs0050 8.935770 0.032960 0.000000
rs0051 8.731390 0.098890 0.342830
rs0052 8.843470 0.059330 0.000000
rs0054 7.458970 0.006590 inf
rs0062 7.458970 0.204380 0.000000
rs0063 7.458970 0.006590 0.151640
rs0064 7.458970 0.006590 0.000000
rs0065 8.236930 0.197780 0.448320
rs0068 8.461080 0.184600 0.000000
rs0070 8.236930 0.131850 0.474690
rs0077 7.458970 0.006590 0.000000
rs0081 7.458970 0.652690 inf
rs0082 8.236930 0.217560 0.000000
rs0083 7.999580 0.210970 0.197790
rs0084 8.461080 0.125270 0.000000
rs0085 7.458970 0.329640 0.263710
rs0087 8.744570 0.105490 0.000000
rs0088 8.454490 0.085710 0.178010
rs0089 7.458970 0.006590 0.000000
rs0090 8.236930 0.085700 0.415350
rs0092 8.454490 -0.006590 0.000000
rs0093 9.028070 0.006590 0.342830
rs0094 7.458970 0.257120 0.000000
rs0095 7.458970 0.019780 -0.046150
rs0096 7.458970 0.230750 0.000000
rs0097 8.250110 0.158230 0.520840
rs0098 8.428120 0.079110 0.000000
rs0099 8.658870 0.131850 -0.079120
rs0103 8.803910 0.118670 0.000000
rs0104 8.935770 0.046150 0.520840
rs0105 8.065510 0.217560 0.000000
rs0106 8.236930 0.303270 0.408750
rs0111 8.236930 0.072520 0.000000
rs0113 7.841350 0.092300 0.243930
rs0118 8.592940 0.105480 0.000000
rs0120 8.065510 0.243940 0.415350
rs0121 8.935770 0.046150 0.000000
rs0122 8.454490 0.085710 -0.013190
rs0123 8.335820 0.046150 0.000000
rs0124 7.762240 0.454910 0.230750
rs0126 8.342410 0.052740 0.000000
rs0127 8.711610 0.065930 0.421940
rs0128 8.922580 0.013190 0.000000
rs0129 9.021470 0.006600 0.296680
rs0130 8.236930 0.204370 0.000000
rs0132 8.751170 0.046150 0.336240
rs0133 7.986400 0.098890 0.000000
rs0134 7.458970 0.019780 0.402170
rs0135 8.632500 0.118670 0.000000
rs0137 7.458970 0.006590 0.191190
rs0138 8.236930 0.230740 0.000000
rs0140 7.801800 0.151630 0.283490
rs0141 7.458970 0.303270 0.000000
rs0143 8.935770 0.032960 -0.032960
rs0145 8.533600 0.237350 0.000000
rs0146 8.309450 0.105480 0.441720
rs0147 7.458970 0.006590 0.000000
rs0148 8.975320 0.039560 -0.019780
rs0149 8.606120 0.098900 0.000000
rs0150 8.236930 0.158220 0.573580
rs0153 8.856650 0.065930 0.000000
rs0154 8.447900 0.079110 0.303280
rs0156 8.263300 0.270300 0.000000
rs0158 8.236930 0.204370 0.388980
rs0163 8.724800 0.065920 0.000000
rs0165 8.573160 0.079110 0.303270
rs0166 7.458970 0.039560 0.000000
rs0167 8.454490 0.072520 0.210970
rs0168 8.210550 0.125270 0.000000
rs0170 7.458970 0.006590 0.290080
rs0171 8.599530 0.065930 0.000000
rs0172 8.599530 0.072520 -0.052740
rs0174 8.236930 0.243930 0.000000
rs0175 7.458970 0.019780 0.454900
rs0178 7.458970 0.402160 0.000000
rs0179 8.401750 0.112070 0.375790
rs0180 7.458970 0.276900 0.000000
rs0182 8.902800 0.019780 0.296680
rs0183 7.458970 0.112080 0.000000
rs0184 8.236930 0.276890 0.125260
rs0185 7.458970 0.026370 0.000000
rs0188 7.458970 0.006590 0.375800
rs0189 8.461080 0.178010 0.000000
rs0192 8.138030 0.204380 0.481280
rs0193 8.454490 0.026370 0.000000
rs0195 8.058920 0.131860 0.336230
rs0200 7.458970 0.006590 0.000000
rs0201 8.764350 0.085710 0.369200
rs0203 7.458970 0.006590 0.000000
rs0206 7.458970 0.006590 0.250530
rs0209 8.869840 0.046150 0.000000
rs0210 8.494050 0.125260 0.224150
rs0211 8.698420 0.059340 0.000000
rs0212 8.665460 0.085710 0.309860
rs0215 8.236930 0.105480 0.000000
rs0218 8.236930 0.158220 0.112080
rs0220 8.236930 0.118670 0.000000
rs0221 8.843470 0.065920 0.593360
rs0224 8.058920 0.112080 0.000000
rs0225 7.518310 0.448310 0.336230
rs0226 8.058920 0.072520 0.000000
rs0227 7.458970 0.006590 0.349420
rs0228 7.458970 0.125260 0.000000
rs0231 8.612720 0.079110 0.283490
rs0236 8.461080 0.125270 0.000000
rs0237 7.458970 0.276900 0.191190
rs0240 9.061030 -0.039560 0.000000
rs0241 8.606120 0.072530 0.125270
rs0242 8.065510 0.290090 0.000000
rs0243 8.533600 0.105490 0.237340
rs0246 8.316040 0.098890 0.000000
rs0247 7.458970 0.388980 0.316460
rs0250 8.744570 0.046150 0.000000
rs0251 8.236930 0.191190 inf
rs0255 8.494050 0.125260 0.000000
rs0256 7.458970 0.039560 0.566990
rs0257 8.184180 0.158230 0.000000
rs0259 7.458970 0.006590 0.171410
rs0260 8.691830 0.046150 0.000000
rs0262 7.458970 0.013190 -0.032960
rs0263 8.935770 0.039550 0.000000
rs0264 8.098480 0.125260 -0.118670
rs0267 7.669940 0.243940 0.000000
rs0268 7.669940 0.243940 0.356020
rs0269 8.461080 0.046150 0.000000
rs0270 8.935770 0.065920 0.408760
rs0273 8.513820 0.098900 0.000000
rs0274 7.762240 0.250530 0.342830
rs0275 8.454490 0.039560 0.000000
rs0276 7.458970 0.006590 0.224160
rs0277 8.236930 0.230740 0.000000
rs0280 8.935770 0.072520 inf
rs0282 7.458970 0.006590 0.000000
rs0283 7.458970 0.006590 -0.026370
rs0284 7.992990 0.138450 0.000000
rs0288 8.461080 0.112080 0.474690
rs0289 8.652270 0.098900 0.000000
rs0290 8.461080 0.138450 0.448320
rs0297 8.151220 0.191190 0.000000
rs0303 8.639090 -0.026370 inf
rs0306 8.098480 0.204370 0.000000
rs0308 9.001690 0.026380 0.257120
rs0313 7.458970 0.006590 0.000000
rs0314 7.458970 0.652690 0.270300
rs0316 7.458970 0.138450 0.000000
rs0318 8.236930 0.059330 0.329640
rs0320 8.856650 0.052740 0.000000
rs0323 8.461080 0.098890 inf
rs0325 7.458970 0.006590 0.000000
rs0328 8.461080 0.105490 inf
rs0330 8.935770 -0.013190 0.000000
rs0331 8.639090 0.079110 inf
rs0334 7.458970 0.032960 0.000000
rs0336 8.678650 0.085700 inf
rs0337 7.458970 0.481280 0.000000
rs0339 7.458970 0.006590 inf
rs0340 8.606120 0.085710 0.000000
rs0341 8.401750 0.112070 -0.006590
rs0343 8.461080 0.184600 0.000000
rs0344 8.414930 0.105490 inf
rs0345 7.458970 0.626320 0.000000
rs0349 7.458970 0.013190 0.342830
rs0350 8.599530 0.098890 0.000000
rs0354 8.342410 0.145040 0.158230
rs0358 7.458970 0.013190 0.000000
rs0363 8.434710 0.085710 0.349420
rs0364 8.058920 0.112080 0.000000
rs0365 8.236930 0.217560 0.210970
rs0367 7.458970 0.092300 0.000000
rs0371 8.065510 0.303270 0.415340
rs0372 8.362190 0.210970 0.000000
rs0373 8.658870 0.072520 0.323050
rs0374 8.461080 0.164820 0.000000
rs0376 7.458970 0.006590 0.237340
rs0377 8.764350 0.105490 0.000000
rs0380 7.458970 0.006590 0.336240
rs0384 8.553380 0.085710 0.000000
rs0386 8.533600 0.098900 0.290080
rs0389 7.663350 0.540610 0.000000
rs0391 8.744570 0.065930 0.303280
rs0392 8.434710 0.046150 0.000000
rs0393 7.458970 0.006590 0.408760
rs0394 8.052330 0.158220 0.000000
rs0401 8.678650 0.131850 inf
rs0408 8.454490 0.013180 0.000000
rs0409 8.665460 0.079110 0.520840
rs0410 8.058920 0.197780 0.000000
rs0411 8.236930 0.138440 0.375800
rs0416 7.458970 0.665880 0.000000
rs0417 7.458970 0.006590 0.692250
rs0418 7.458970 0.210970 0.000000
rs0419 8.764350 0.092300 0.454900
rs0420 8.632500 0.059330 0.000000
rs0421 7.458970 0.006590 0.646100
rs0422 7.973210 0.210970 0.000000
rs0423 8.454490 0.098890 0.316460
rs0424 8.012770 0.171410 0.000000
rs0425 8.606120 0.065930 0.487880
rs0427 8.269890 0.178010 0.000000
rs0428 8.705020 0.085700 0.494470
rs0429 8.236930 0.138440 0.000000
rs0430 8.236930 0.125260 0.388980
rs0432 7.538080 0.296680 0.000000
rs0433 8.830280 0.072520 0.309860
rs0435 7.458970 0.006590 0.000000
rs0437 8.289670 0.092300 0.296680
rs0442 8.058920 0.217560 0.000000
rs0444 7.458970 0.369200 0.481280
rs0449 8.737980 0.046150 0.000000
rs0452 7.458970 0.316460 0.441720
rs0453 8.546790 0.032960 0.000000
rs0454 8.461080 0.138450 0.072520
rs0456 8.236930 0.197780 0.000000
rs0458 8.935770 0.065920 inf
rs0460 8.236930 0.145040 0.000000
rs0463 7.458970 0.026370 -0.006590
rs0467 8.236930 0.191190 0.000000
rs0468 8.705020 0.052740 0.487880
rs0469 7.458970 0.448310 0.000000
rs0470 8.461080 0.065930 -0.006590
rs0472 7.458970 0.540610 0.000000
rs0473 8.065510 0.270310 -0.118670
rs0476 8.883020 0.032970 0.000000
rs0477 8.058920 0.098890 inf
rs0480 8.269890 0.171410 0.000000
rs0485 8.065510 0.237340 0.395580
rs0492 8.236930 0.171410 0.000000
rs0493 7.458970 0.019780 inf
rs0494 8.685240 0.112080 0.000000
rs0495 8.461080 0.072520 0.408760
rs0496 8.513820 0.237350 0.000000
rs0505 9.041250 -0.019780 0.421950
rs0508 8.461080 0.131860 0.000000
rs0512 8.461080 0.145040 0.639510
rs0516 7.458970 0.270310 0.000000
rs0517 8.065510 0.296680 -0.072520
rs0519 8.461080 0.131860 0.000000
rs0520 8.461080 0.079120 0.309860
rs0521 8.672050 0.085710 0.000000
rs0522 8.705020 0.098890 0.421940
rs0524 8.461080 0.112080 0.000000
rs0526 7.458970 0.006590 0.448310
rs0528 9.008290 0.013180 0.000000
rs0529 7.458970 0.125260 0.356020
rs0531 9.041250 0.006590 0.000000
rs0532 7.458970 0.006590 0.454910
rs0534 8.461080 0.039560 0.000000
rs0536 7.458970 0.580170 0.547210
rs0538 7.458970 0.290080 0.000000
rs0541 8.724800 0.026370 0.243940
rs0542 8.757760 0.065930 0.000000
rs0543 8.599530 0.085710 inf
rs0545 7.458970 0.791140 0.000000
rs0546 8.157810 0.191190 0.178010
rs0548 8.566570 0.092300 0.000000
rs0549 7.458970 0.013190 0.487870
rs0553 7.458970 0.026370 0.000000
rs0554 7.801800 0.217560 0.303270
rs0555 7.696310 0.329640 0.000000
rs0556 7.458970 0.151640 0.454900
rs0559 7.458970 0.191190 0.000000
rs0560 8.705020 0.065930 0.764770
rs0562 7.458970 0.006590 0.000000
rs0564 8.276480 0.204380 inf
rs0566 8.500640 0.131860 0.000000
rs0568 7.458970 0.006590 0.402160
rs0571 8.236930 0.072520 0.000000
rs0572 8.065510 0.204380 -0.079110
rs0573 8.236930 0.171410 0.000000
rs0574 7.775430 0.283490 0.303280
rs0578 8.718200 0.092300 0.000000
rs0579 7.458970 0.006590 0.428530
rs0585 8.447900 0.085700 0.000000
rs0586 7.458970 0.059340 0.257120
rs0588 7.458970 0.006590 0.000000
rs0591 8.144630 0.230740 0.237350
rs0598 8.757760 0.079110 0.000000
rs0599 7.920470 0.026370 0.191190
rs0602 8.764350 0.105490 0.000000
rs0609 7.458970 0.006590 0.118680
rs0615 8.586350 0.072520 0.000000
rs0616 8.309450 0.197780 0.501060
rs0617 8.665460 0.052740 0.000000
rs0618 8.421520 0.125270 inf
rs0620 8.421520 0.092300 0.000000
rs0623 8.236930 0.092290 0.632910
rs0626 7.696310 0.428540 0.000000
rs0627 7.458970 0.006590 0.296680
rs0630 7.458970 0.006590 0.000000
rs0637 7.458970 0.006590 inf
rs0638 8.764350 0.151640 0.000000
rs0640 7.458970 0.006590 0.461500
rs0641 7.458970 0.006590 0.000000
rs0644 8.236930 0.158220 -0.019780
rs0645 7.458970 0.329640 0.000000
rs0656 8.500640 0.105480 0.164820
rs0660 7.458970 0.006590 0.000000
rs0667 8.401750 0.079110 0.263710
rs0670 9.061030 -0.013190 0.000000
rs0671 8.236930 0.224150 0.151640
rs0677 8.705020 0.118670 0.000000
rs0679 7.458970 0.006590 0.448310
rs0691 7.458970 0.006590 0.000000
rs0696 8.935770 0.046150 inf
rs0703 7.458970 0.006590 0.000000
rs0708 7.979800 0.131860 0.164820
rs0710 8.685240 0.065930 0.000000
rs0713 7.458970 0.461500 0.138450
rs0720 7.458970 0.138450 0.000000
rs0722 8.461080 0.092300 0.237350
rs0724 8.935770 0.039550 0.000000
rs0726 8.461080 0.079120 inf
rs0727 8.757760 0.065930 0.000000
rs0731 7.458970 0.006590 -0.019780
rs0733 8.381970 0.052740 0.000000
rs0734 7.702910 0.369190 inf
rs0738 8.784130 0.092300 0.000000
rs0740 8.520420 0.105480 inf
rs0741 8.981920 0.026370 0.000000
rs0743 8.236930 0.151630 0.296680
rs0744 8.599530 0.092300 0.000000
rs0746 8.461080 0.230750 0.356010
rs0747 8.058920 0.052740 0.000000
rs0751 9.047840 -0.006590 0.527430
rs0752 8.236930 0.191190 0.000000
rs0754 8.803910 0.098890 inf
rs0756 8.454490 0.052740 0.000000
rs0758 8.658870 0.065930 -0.105490
rs0763 8.757760 0.092300 0.000000
rs0766 8.058920 0.178010 0.501060
rs0767 8.461080 0.191190 0.000000
rs0768 8.606120 0.059340 0.309860
rs0769 8.421520 0.171420 0.000000
rs0774 8.236930 0.224150 0.454900
rs0775 8.058920 0.125260 0.000000
rs0777 8.111660 0.151640 -0.039560
rs0778 7.458970 0.580170 0.000000
rs0779 8.915990 0.019780 0.138450
rs0781 8.058920 0.105480 0.000000
rs0782 8.065510 0.151640 0.316460
rs0786 7.458970 0.006590 0.000000
rs0788 8.065510 0.217560 inf
rs0790 8.236930 0.178000 0.000000
rs0793 8.606120 0.098900 0.441730
rs0794 8.896210 0.026370 0.000000
rs0797 7.458970 0.019780 0.679060
rs0799 8.236930 0.125260 0.000000
rs0800 7.946840 0.145040 0.210980
rs0802 8.454490 0.019780 0.000000
rs0804 7.458970 0.118670 -0.026370
rs0805 7.458970 0.006590 0.000000
rs0806 7.458970 0.098890 inf
rs0809 7.669940 0.276900 0.000000
rs0810 8.461080 0.164820 -0.019780
rs0811 7.458970 0.224160 0.000000
rs0812 7.458970 0.085710 0.158230
rs0815 8.236930 0.184590 0.000000
rs0818 7.458970 0.632910 0.283490
rs0823 8.770950 0.105480 0.000000
rs0828 8.533600 0.131860 0.468090
rs0831 7.458970 0.006590 0.000000
rs0832 7.458970 0.586760 0.178010
rs0833 8.922580 0.019780 0.000000
rs0834 8.171000 0.158220 0.125270
rs0836 8.764350 0.131860 0.000000
rs0838 8.058920 0.085710 0.428530
rs0839 8.764350 0.085710 0.000000
rs0840 8.487450 0.125270 0.395580
rs0842 7.808390 0.191190 0.000000
rs0843 7.458970 0.006590 0.593360
rs0845 8.599530 0.125270 0.000000
rs0846 8.830280 0.052740 0.243930
rs0847 7.458970 0.164820 0.000000
rs0850 8.889620 0.059330 0.296680
rs0853 7.458970 0.006590 0.000000
rs0854 8.263300 0.191190 0.342830
rs0855 9.054440 -0.006600 0.000000
rs0856 8.764350 0.145040 0.131860
rs0860 8.757760 0.125260 0.000000
rs0865 8.520420 0.079110 0.316460
rs0866 8.592940 0.138450 0.000000
rs0868 7.458970 0.006590 0.250530
rs0869 7.458970 0.560390 0.000000
rs0871 8.461080 0.151640 0.158230
rs0872 8.236930 0.224150 0.000000
rs0880 8.388560 0.079110 0.441720
rs0887 8.599530 0.125270 0.000000
rs0891 8.718200 0.112080 0.178010
rs0892 7.458970 0.309860 0.000000
rs0893 8.256700 0.171420 0.171410
rs0897 8.461080 0.105490 0.000000
rs0899 7.762240 0.448310 0.191190
rs0900 8.058920 0.065930 0.000000
rs0901 8.461080 0.243940 0.356020
rs0906 7.458970 0.079110 0.000000
rs0907 8.606120 0.131860 0.731810
rs0909 7.458970 0.402160 0.000000
rs0916 7.458970 0.461500 0.197790
rs0919 8.408340 0.072520 0.000000
rs0920 7.458970 0.006590 inf
rs0921 7.458970 0.006590 0.000000
rs0922 8.606120 0.138450 0.191200
rs0923 7.458970 0.006590 0.000000
rs0927 7.458970 0.402160 inf
rs0930 7.458970 0.006590 0.000000
rs0932 8.210550 0.138450 0.329650
rs0933 8.236930 0.204370 0.000000
rs0934 8.065510 0.230750 0.230750
rs0935 8.566570 0.079110 0.000000
rs0944 8.579750 0.072520 -0.032960
rs0945 8.757760 0.105480 0.000000
rs0946 8.421520 0.138450 0.138450
rs0948 8.639090 0.131860 0.000000
rs0950 8.461080 0.105490 0.125260
rs0953 8.935770 0.013180 0.000000
rs0957 7.458970 0.428530 0.178010
rs0958 7.458970 0.006590 0.000000
rs0959 8.461080 0.085710 inf
rs0960 8.236930 0.158220 0.000000
rs0962 7.458970 0.006590 0.118670
rs0967 8.289670 0.204380 0.000000
rs0968 8.236930 0.178000 0.276900
rs0970 8.744570 0.098900 0.000000
rs0976 8.236930 0.145040 0.507650
rs0977 7.458970 0.006590 0.000000
rs0979 8.698420 0.072530 0.263710
rs0980 7.814980 0.283500 0.000000
rs0981 8.236930 0.197780 0.388980
rs0982 7.524900 0.665880 0.000000
rs0983 8.388560 0.125260 0.230750
rs0984 8.058920 0.112080 0.000000
rs0985 8.461080 0.131860 0.534020
rs0986 8.236930 0.210970 0.000000
rs0989 7.458970 0.006590 0.204380
rs0991 8.935770 0.019770 0.000000
rs0995 8.757760 0.065930 0.290090
rs0996 8.454490 0.065930 0.000000
rs0997 8.757760 0.065930 inf
rs0999 8.401750 0.131850 0.000000
rs1001 8.625900 0.085710 0.329640
rs1002 8.764350 0.125270 0.000000
rs1003 8.414930 0.131860 0.382380
rs1010 8.935770 -0.013190 0.000000
rs1014 8.124850 0.184600 inf
rs1016 8.685240 0.098890 0.000000
rs1017 8.236930 0.171410 0.309860
rs1020 8.236930 0.085700 0.000000
rs1021 8.434710 0.059340 0.362600
rs1028 8.579750 0.085710 0.000000
rs1029 7.458970 0.006590 0.283500
rs1030 8.236930 0.105480 0.000000
rs1031 8.461080 0.184600 inf
rs1032 8.421520 0.118680 0.000000
rs1034 8.335820 0.118670 -0.046150
rs1035 8.316040 0.125260 0.000000
rs1038 7.458970 0.593360 0.349420
rs1040 8.441300 0.092300 0.000000
rs1041 7.458970 0.619730 -0.026370
rs1043 7.458970 0.679060 0.000000
rs1045 8.243520 0.197780 0.276900
rs1047 8.256700 0.184600 0.000000
rs1048 8.138030 0.210970 -0.006590
rs1049 8.461080 0.118670 0.000000
rs1050 8.236930 0.164820 0.454910
rs1052 8.461080 0.046150 0.000000
rs1053 7.458970 0.547210 inf
rs1054 8.236930 0.270300 0.000000
rs1055 7.458970 0.158230 inf
rs1057 7.940250 0.098890 0.000000
rs1058 7.458970 0.441720 0.481280
rs1059 7.458970 0.006590 0.000000
rs1060 7.458970 0.336230 0.323050
rs1062 8.540200 0.145040 0.000000
rs1065 8.461080 0.118670 0.619730
rs1068 7.458970 0.006590 0.000000
rs1070 7.458970 0.013190 0.402160
rs1072 8.592940 0.079110 0.000000
rs1073 7.458970 0.006590 inf
rs1074 8.236930 0.197780 0.000000
rs1076 7.458970 0.026370 0.171410
rs1077 7.458970 0.356010 0.000000
rs1078 7.458970 0.006590 inf
rs1079 8.625900 0.072520 0.000000
rs1080 8.935770 0.013180 inf
rs1081 7.458970 0.125260 0.000000
rs1082 8.915990 0.013180 0.138450
rs1083 7.458970 0.006590 0.000000
rs1084 8.665460 0.065930 0.309870
rs1087 8.461080 0.026370 0.000000
rs1091 8.461080 0.105490 0.158220
rs1098 8.236930 0.197780 0.000000
rs1100 8.461080 0.092300 0.395570
rs1102 8.480860 0.092300 0.000000
rs1103 8.065510 0.105490 0.560400
rs1104 8.302850 0.184600 0.000000
rs1105 8.058920 0.158230 0.494470
rs1108 8.454490 0.000000 0.000000
rs1109 8.599530 0.065930 0.303280
rs1110 8.744570 0.039560 0.000000
rs1113 8.236930 0.257120 0.158230
rs1114 8.764350 0.085710 0.000000
rs1117 8.461080 0.092300 0.369200
rs1118 8.401750 0.072520 0.000000
rs1119 8.737980 0.039560 -0.019770
rs1120 7.458970 0.013190 0.000000
rs1121 7.854540 0.204380 0.474690
rs1122 8.461080 0.006590 0.000000
rs1124 8.236930 0.224150 inf
rs1125 8.454490 0.085710 0.000000
rs1126 8.461080 0.059340 -0.006590
rs1128 7.458970 0.514240 0.000000
rs1131 8.164400 0.204380 0.257120
rs1132 8.236930 0.138440 0.000000
rs1135 8.461080 0.158230 0.534020
rs1137 8.751170 0.065920 0.000000
rs1142 8.553380 0.092300 -0.032960
rs1143 8.236930 0.171410 0.000000
rs1145 8.329220 0.092300 0.362610
rs1146 8.665460 0.085710 0.000000
rs1147 8.461080 0.052740 0.250520
rs1149 8.599530 0.065930 0.000000
rs1151 8.454490 0.171410 0.421940
rs1154 7.458970 0.006590 0.000000
rs1156 8.164400 0.217570 0.296670
rs1157 8.454490 0.052740 0.000000
rs1159 8.236930 0.217560 0.158230
rs1163 8.705020 0.072520 0.000000
rs1164 7.656760 0.474680 -0.059340
rs1165 8.124850 0.125260 0.000000
rs1166 7.458970 0.118670 0.270300
rs1169 7.458970 0.006590 0.000000
rs1170 8.606120 0.092300 0.507650
rs1171 8.823690 0.065930 0.000000
rs1172 8.058920 0.092300 0.263720
rs1174 8.395150 0.421940 0.000000
rs1176 7.458970 0.151640 inf
rs1178 7.458970 0.006590 0.000000
rs1179 7.782020 0.230750 0.474680
rs1182 8.592940 0.085710 0.000000
rs1183 7.458970 0.006590 inf
rs1184 8.454490 0.046150 0.000000
rs1185 8.929170 -0.026370 0.270310
rs1187 8.065510 0.257120 0.000000
rs1188 7.458970 0.421940 inf
rs1191 7.458970 0.046150 0.000000
rs1192 8.454490 0.065930 0.158230
rs1193 8.039140 0.197790 0.000000
rs1195 8.025950 0.138450 0.382390
rs1198 8.461080 0.085710 0.000000
rs1200 8.058920 0.171410 0.125260
rs1202 7.458970 0.006590 0.000000
rs1205 7.841350 0.138450 0.125260
rs1206 8.184180 0.204380 0.000000
rs1207 8.454490 0.006590 0.692250
rs1208 8.652270 0.079120 0.000000
rs1209 8.309450 0.092300 0.164820
rs1210 8.757760 0.105480 0.000000
rs1211 7.458970 0.006590 0.283490
rs1212 8.461080 0.032970 0.000000
rs1213 8.935770 0.013180 0.197780
rs1217 8.764350 0.105490 0.000000
rs1220 8.606120 0.105490 0.395570
rs1229 8.764350 0.092300 0.000000
rs1236 7.992990 0.118670 inf
rs1238 7.465560 0.395570 0.000000
rs1245 8.494050 0.112070 0.375800
rs1248 8.902800 -0.006590 0.000000
rs1257 7.458970 0.039560 0.158230
rs1258 8.764350 0.085710 0.000000
rs1259 8.283070 0.092300 inf
rs1260 8.236930 0.270300 0.000000
rs1261 8.467670 0.164830 inf
rs1262 7.458970 0.006590 0.000000
rs1263 7.709500 0.507650 0.296680
rs1264 7.458970 0.039560 0.000000
rs1265 8.777540 0.098890 0.659280
rs1266 8.665460 0.085710 0.000000
rs1267 9.028070 0.006590 0.230750
rs1269 8.757760 0.072520 0.000000
rs1270 8.098480 0.257120 0.362600
rs1276 8.447900 0.032960 0.000000
rs1278 7.491930 0.415350 0.448310
rs1280 8.124850 0.158220 0.000000
rs1281 8.269890 0.204380 0.909810
rs1283 7.458970 0.705430 0.000000
rs1284 8.118250 0.131860 0.197790
rs1285 8.414930 0.125270 0.000000
rs1286 8.691830 0.065930 0.138450
rs1289 8.236930 0.191190 0.000000
rs1290 8.309450 0.171410 inf
rs1291 8.454490 0.098890 0.000000
rs1292 7.458970 0.171410 -0.098890
rs1293 8.757760 0.072520 0.000000
rs1294 7.458970 0.006590 -0.013190
rs1295 8.236930 0.178000 0.000000
rs1296 7.458970 0.474680 0.468100
rs1297 8.362190 0.138450 0.000000
rs1298 8.065510 0.178010 0.138450
rs1299 8.236930 0.230740 0.000000
rs1301 7.458970 0.006590 0.243930
rs1302 7.458970 0.685660 0.000000
rs1303 8.935770 -0.013190 inf
rs1304 8.236930 0.131850 0.000000
rs1310 8.685240 0.079110 0.573580
rs1337 7.458970 0.178010 0.000000
rs1359 7.669940 0.395570 0.573580
rs1368 8.770950 0.079110 0.000000
rs1437 8.632500 0.217560 0.210970
rs1518 8.586350 0.105480 0.000000
