rf0001 8.316040 0.079110 0.000000
rf0003 8.737980 0.059340 0.072520
rf0006 8.513820 0.131860 0.000000
rf0007 8.705020 0.065930 0.131860
rf0008 8.764350 0.065930 0.000000
rf0010 8.342410 0.085710 0.112070
rf0011 8.566570 0.079110 0.000000
rf0014 8.335820 0.158230 0.072520
rf0015 8.790720 0.046150 0.000000
rf0017 8.355600 0.151630 0.125260
rf0019 8.322630 0.263720 0.000000
rf0020 8.592940 0.112080 0.065930
rf0023 8.335820 0.138450 0.000000
rf0024 8.672050 0.072520 0.085710
rf0028 8.349000 0.224160 0.000000
rf0029 8.434710 0.112080 0.052750
rf0030 8.645680 0.085710 0.000000
rf0031 8.764350 0.059340 0.112070
rf0032 8.606120 0.098900 0.000000
rf0033 8.335820 0.151630 0.039560
rf0034 8.316040 0.145040 0.000000
rf0040 8.757760 0.059330 0.065930
rf0042 8.335820 0.243930 0.000000
rf0043 8.764350 0.059340 0.079120
rf0045 8.316040 0.085710 0.000000
rf0048 8.342410 0.112080 0.059340
rf0049 8.329220 0.158230 0.000000
rf0051 8.296260 0.138450 0.098890
rf0053 8.322630 0.079120 0.000000
rf0058 8.513820 0.131860 0.032960
rf0059 8.467670 0.118680 0.000000
rf0060 8.355600 0.118670 0.079110
rf0061 8.586350 0.098890 0.000000
rf0062 8.632500 0.059330 0.098890
rf0064 8.269890 0.098890 0.000000
rf0065 8.342410 0.085710 0.092300
rf0068 8.296260 0.145040 0.000000
rf0071 8.777540 0.052740 0.092300
rf0072 8.236930 0.118670 0.000000
rf0073 8.381970 0.151630 0.059340
rf0074 8.705020 0.065930 0.000000
rf0076 8.349000 0.158230 0.079110
rf0077 8.355600 0.191190 0.000000
rf0079 8.381970 0.204380 0.105490
rf0083 8.342410 0.184600 0.000000
rf0084 8.513820 0.158230 0.046150
rf0092 8.790720 0.052750 0.000000
rf0098 8.744570 0.052750 0.085700
rf0099 8.355600 0.158220 0.000000
rf0102 8.335820 0.250530 0.079110
rf0104 8.296260 0.092300 0.000000
rf0106 8.559970 0.098900 0.052740
rf0107 8.322630 0.098890 0.000000
rf0108 8.296260 0.085710 0.059330
rf0109 8.586350 0.098890 0.000000
rf0110 8.302850 0.125270 0.092300
rf0111 8.592940 0.112080 0.000000
rf0117 8.441300 0.112080 0.072520
rf0118 8.296260 0.131860 0.000000
rf0119 8.335820 0.138450 0.085700
rf0120 8.210550 0.125270 0.000000
rf0122 8.302850 0.112080 0.085700
rf0125 8.737980 0.052740 0.000000
rf0126 8.790720 0.046150 0.052750
rf0128 8.553380 0.092300 0.000000
rf0129 8.553380 0.085710 0.118680
rf0132 8.612720 0.059330 0.000000
rf0134 8.672050 0.065930 0.052750
rf0141 8.269890 0.151630 0.000000
rf0143 8.474270 0.125260 0.065930
rf0145 8.639090 0.079110 0.000000
rf0147 8.744570 0.059340 0.065930
rf0150 8.757760 0.059330 0.000000
rf0154 8.329220 0.237350 0.085710
rf0155 8.645680 0.098890 0.000000
rf0156 8.737980 0.052740 0.085710
rf0157 8.316040 0.158230 0.000000
rf0160 8.672050 0.079120 0.065930
rf0164 8.751170 0.059330 0.000000
rf0165 8.705020 0.052740 0.046150
rf0167 8.757760 0.059330 0.000000
rf0169 8.342410 0.118670 0.085710
rf0170 8.737980 0.059340 0.000000
rf0171 8.744570 0.065930 0.046150
rf0172 8.639090 0.092300 0.000000
rf0173 8.744570 0.059340 0.032970
rf0175 8.441300 0.158230 0.000000
rf0176 8.711610 0.052740 0.032970
rf0177 8.513820 0.085710 0.000000
rf0179 8.349000 0.098900 0.052740
rf0180 8.553380 0.105490 0.000000
rf0181 8.573160 0.098890 0.098890
rf0191 8.744570 0.052750 0.000000
rf0192 8.362190 0.131860 0.092300
rf0193 8.751170 0.052740 0.000000
rf0195 8.698420 0.065930 0.125260
rf0197 8.362190 0.092300 0.000000
rf0199 8.342410 0.230750 0.039560
rf0201 8.329220 0.145050 0.000000
rf0204 8.342410 0.125260 0.046150
rf0205 8.744570 0.059340 0.000000
rf0206 8.737980 0.052740 0.085710
rf0207 8.342410 0.171410 0.000000
rf0209 8.764350 0.059340 0.105480
rf0210 8.375370 0.131860 0.000000
rf0216 8.744570 0.052750 0.065930
rf0217 8.764350 0.052740 0.000000
rf0218 8.639090 0.098890 0.079110
rf0223 8.744570 0.059340 0.000000
rf0226 8.474270 0.184600 0.098900
rf0227 8.467670 0.145050 0.000000
rf0229 8.718200 0.059340 0.092300
rf0234 8.731390 0.052740 0.000000
rf0236 8.335820 0.098890 0.131860
rf0237 8.737980 0.052740 0.000000
rf0238 8.355600 0.118670 0.065930
rf0241 8.316040 0.079110 0.000000
rf0242 8.672050 0.052750 0.072520
rf0245 8.718200 0.065930 0.000000
rf0246 8.322630 0.112080 0.052750
rf0247 8.349000 0.145050 0.000000
rf0249 8.797320 0.052740 0.085700
rf0250 8.322630 0.079120 0.000000
rf0251 8.553380 0.098890 0.085700
rf0252 8.342410 0.230750 0.000000
rf0256 8.718200 0.065930 0.112080
rf0257 8.316040 0.112080 0.000000
rf0258 8.619310 0.085710 0.112070
rf0259 8.467670 0.151640 0.000000
rf0262 8.263300 0.105480 0.118670
rf0263 8.474270 0.145040 0.000000
rf0264 8.705020 0.065930 0.118670
rf0265 8.322630 0.125270 0.000000
rf0266 8.316040 0.092300 0.052750
rf0267 8.474270 0.145040 0.000000
rf0268 8.355600 0.191190 0.164820
rf0269 8.349000 0.263720 0.000000
rf0272 8.355600 0.125260 0.065930
rf0273 8.309450 0.112070 0.000000
rf0280 8.316040 0.072520 0.079120
rf0283 8.757760 0.059330 0.000000
rf0284 8.316040 0.092300 0.072520
rf0292 8.737980 0.059340 0.000000
rf0294 8.764350 0.052740 0.079110
rf0296 8.375370 0.276900 0.000000
rf0297 8.375370 0.263720 0.098890
rf0298 8.434710 0.131860 0.000000
rf0299 8.355600 0.171410 0.046150
rf0300 8.441300 0.118670 0.000000
rf0302 8.737980 0.065930 0.098890
rf0303 8.362190 0.210970 0.000000
rf0305 8.388560 0.197790 0.158230
rf0306 8.316040 0.079110 0.000000
rf0314 8.322630 0.276900 0.092300
rf0316 8.698420 0.065930 0.000000
rf0318 8.322630 0.178010 0.164820
rf0320 8.316040 0.079110 0.000000
rf0322 8.467670 0.178010 0.118670
rf0323 8.573160 0.105490 0.000000
rf0326 8.335820 0.191190 0.210970
rf0328 8.639090 0.079110 0.000000
rf0331 8.513820 0.112080 0.151640
rf0332 8.335820 0.125260 0.000000
rf0333 8.705020 0.059330 0.059340
rf0335 8.296260 0.098890 0.000000
rf0338 8.362190 0.052740 0.079110
rf0339 8.737980 0.059340 0.000000
rf0340 8.335820 0.092300 0.164820
rf0341 8.744570 0.059340 0.000000
rf0342 8.553380 0.065930 0.118670
rf0343 8.698420 0.052750 0.000000
rf0348 8.797320 0.052740 0.138450
rf0351 8.362190 0.158230 0.000000
rf0354 8.678650 0.072520 0.072520
rf0358 8.322630 0.085710 0.000000
rf0360 8.362190 0.283490 0.210970
rf0363 8.316040 0.065930 0.000000
rf0364 8.639090 0.085710 0.079110
rf0365 8.480860 0.079110 0.000000
rf0366 8.362190 0.105480 0.059330
rf0367 8.342410 0.065930 0.000000
rf0368 8.335820 0.092300 0.131860
rf0370 8.368780 0.158230 0.000000
rf0374 8.349000 0.178010 0.210970
rf0376 8.553380 0.059340 0.000000
rf0378 8.678650 0.079110 0.112070
rf0381 8.368780 0.263720 0.000000
rf0383 8.744570 0.059340 0.046150
rf0385 8.474270 0.112080 0.000000
rf0386 8.705020 0.065930 0.092300
rf0387 8.672050 0.072520 0.000000
rf0388 8.764350 0.065930 0.151630
rf0391 8.355600 0.178000 0.000000
rf0392 8.309450 0.092300 0.052740
rf0393 8.335820 0.112080 0.000000
rf0395 8.757760 0.059330 0.039560
rf0396 8.737980 0.052740 0.000000
rf0398 8.705020 0.065930 0.059330
rf0399 8.520420 0.079110 0.000000
rf0400 8.797320 0.052740 0.052740
rf0401 8.236930 0.125260 0.000000
rf0403 8.474270 0.138450 0.112070
rf0412 8.474270 0.145040 0.000000
rf0413 8.474270 0.151630 0.092300
rf0415 8.606120 0.079120 0.000000
rf0417 8.764350 0.059340 0.046150
rf0418 8.672050 0.072520 0.000000
rf0419 8.309450 0.072520 0.125260
rf0425 8.573160 0.138450 0.000000
rf0426 8.217150 0.118670 0.026370
rf0427 8.645680 0.085710 0.000000
rf0428 8.349000 0.158230 0.151630
rf0430 8.342410 0.257120 0.000000
rf0431 8.296260 0.092300 0.210970
rf0432 8.388560 0.164820 0.000000
rf0433 8.513820 0.164830 0.092300
rf0434 8.329220 0.197790 0.000000
rf0436 8.329220 0.217570 0.112070
rf0439 8.210550 0.118670 0.000000
rf0441 8.296260 0.079110 0.079120
rf0443 8.349000 0.151640 0.000000
rf0448 8.513820 0.098900 0.085700
rf0450 8.744570 0.059340 0.000000
rf0452 8.606120 0.098900 0.197780
rf0453 8.474270 0.151630 0.000000
rf0454 8.381970 0.204380 0.138450
rf0455 8.751170 0.065920 0.000000
rf0456 8.520420 0.125260 0.059340
rf0459 8.302850 0.072520 0.000000
rf0460 8.737980 0.059340 0.105480
rf0461 8.342410 0.230750 0.000000
rf0462 8.316040 0.098890 0.052750
rf0463 8.737980 0.059340 0.000000
rf0464 8.316040 0.085710 0.112080
rf0465 8.349000 0.210970 0.000000
rf0466 8.553380 0.118670 0.065930
rf0467 8.559970 0.098900 0.000000
rf0471 8.381970 0.257120 0.112080
rf0473 8.639090 0.098890 0.000000
rf0474 8.322630 0.072520 0.105480
rf0476 8.355600 0.158220 0.000000
rf0477 8.362190 0.092300 0.052740
rf0478 8.375370 0.323050 0.000000
rf0479 8.316040 0.079110 0.079120
rf0480 8.349000 0.184600 0.000000
rf0482 8.573160 0.079110 0.085700
rf0485 8.309450 0.184600 0.000000
rf0487 8.342410 0.131860 0.105480
rf0488 8.566570 0.105480 0.000000
rf0496 8.316040 0.085710 0.039560
rf0497 8.316040 0.276900 0.000000
rf0498 8.217150 0.145040 0.098890
rf0499 8.349000 0.092300 0.000000
rf0500 8.718200 0.059340 0.079110
rf0503 8.447900 0.085700 0.000000
rf0505 8.335820 0.151630 0.092300
rf0507 8.474270 0.191190 0.000000
rf0510 8.744570 0.065930 0.085700
rf0511 8.441300 0.178010 0.000000
rf0513 8.737980 0.052740 0.065930
rf0518 8.335820 0.171410 0.000000
rf0524 8.322630 0.131860 0.105490
rf0545 8.316040 0.145040 0.000000
rf0583 8.243520 0.138450 0.131860
rf0591 8.573160 0.131860 0.000000
rf0607 8.362190 0.105480 0.065930
rf0622 8.309450 0.112070 0.000000
rf0630 8.236930 0.105480 0.105490
rf0632 8.263300 0.158220 0.000000
rf0642 8.243520 0.118670 0.079120
rf0644 8.243520 0.369200 0.000000
rf0663 8.236930 0.112070 0.039560
rf0684 8.744570 0.052750 0.000000
rf0693 8.263300 0.138450 0.032960
rf0695 8.355600 0.118670 0.000000
rf0701 8.316040 0.138450 0.059340
rf0707 8.513820 0.131860 0.000000
rf0713 8.316040 0.125260 0.085710
rf0730 8.639090 0.079110 0.000000
rf0739 8.362190 0.243930 0.072520
rf0745 8.316040 0.145040 0.000000
rf0783 8.316040 0.092300 0.092300
rf0795 8.355600 0.243930 0.000000
rs0001 8.342410 0.145040 0.072520
rs0002 8.480860 0.131860 0.000000
rs0003 8.474270 0.131850 0.118670
rs0010 8.388560 0.138450 0.000000
rs0011 8.355600 0.178000 0.131850
rs0012 8.388560 0.230750 0.000000
rs0013 8.375370 0.184600 0.026370
rs0017 8.751170 0.052740 0.000000
rs0019 8.744570 0.065930 0.026370
rs0020 8.342410 0.145040 0.000000
rs0023 8.744570 0.046150 0.072520
rs0030 8.559970 0.085710 0.000000
rs0035 8.309450 0.079110 0.046150
rs0038 8.705020 0.065930 0.000000
rs0039 8.329220 0.072530 0.065930
rs0041 8.592940 0.092300 0.000000
rs0042 8.737980 0.026370 0.092300
rs0045 8.553380 0.125270 0.000000
rs0046 8.751170 0.059330 0.032970
rs0047 8.263300 0.145040 0.000000
rs0048 8.705020 0.065930 0.032960
rs0050 8.718200 0.065930 0.000000
rs0051 8.672050 0.072520 0.072520
rs0052 8.579750 0.131860 0.000000
rs0054 8.329220 0.105490 0.046150
rs0062 8.342410 0.092300 0.000000
rs0063 8.606120 0.065930 0.145040
rs0064 8.718200 0.065930 0.000000
rs0065 8.467670 0.158230 0.092300
rs0068 8.368780 0.224160 0.000000
rs0070 8.335820 0.098890 0.079110
rs0077 8.777540 0.052740 0.000000
rs0081 8.335820 0.079110 0.092300
rs0082 8.342410 0.243940 0.000000
rs0083 8.335820 0.217560 0.098890
rs0084 8.553380 0.085710 0.000000
rs0085 8.553380 0.098890 0.059340
rs0087 8.698420 0.046150 0.000000
rs0088 8.342410 0.131860 0.085710
rs0089 8.751170 0.052740 0.000000
rs0090 8.316040 0.065930 0.118670
rs0092 8.355600 0.184600 0.000000
rs0093 8.751170 0.059330 0.059340
rs0094 8.474270 0.145040 0.000000
rs0095 8.236930 0.112070 0.151640
rs0096 8.737980 0.059340 0.000000
rs0097 8.322630 0.085710 0.079110
rs0098 8.639090 0.079110 0.000000
rs0099 8.329220 0.204380 0.072520
rs0103 8.711610 0.065930 0.000000
rs0104 8.737980 0.052740 0.131860
rs0105 8.362190 0.145040 0.000000
rs0106 8.309450 0.125260 0.065930
rs0111 8.322630 0.105490 0.000000
rs0113 8.764350 0.059340 0.085700
rs0118 8.474270 0.145040 0.000000
rs0120 8.592940 0.098890 0.085710
rs0121 8.737980 0.052740 0.000000
rs0122 8.329220 0.131860 0.085700
rs0123 8.764350 0.052740 0.000000
rs0124 8.335820 0.065930 0.092300
rs0126 8.678650 0.072520 0.000000
rs0127 8.513820 0.118680 0.032970
rs0128 8.737980 0.052740 0.000000
rs0129 8.790720 0.052750 0.204380
rs0130 8.362190 0.204380 0.000000
rs0132 8.236930 0.171410 0.072520
rs0133 8.744570 0.052750 0.000000
rs0134 8.751170 0.052740 0.026370
rs0135 8.639090 0.092300 0.000000
rs0137 8.553380 0.059340 0.092300
rs0138 8.335820 0.125260 0.000000
rs0140 8.243520 0.112080 0.158230
rs0141 8.362190 0.138450 0.000000
rs0143 8.751170 0.065920 0.059340
rs0145 8.737980 0.046150 0.000000
rs0146 8.349000 0.178010 0.052740
rs0147 8.553380 0.072520 0.000000
rs0148 8.790720 0.046150 0.079110
rs0149 8.441300 0.171420 0.000000
rs0150 8.355600 0.085700 0.065930
rs0153 8.718200 0.072520 0.000000
rs0154 8.316040 0.237340 0.032960
rs0156 8.474270 0.184600 0.000000
rs0158 8.316040 0.178010 0.039550
rs0163 8.672050 0.072520 0.000000
rs0165 8.388560 0.191190 0.085710
rs0166 8.665460 0.059340 0.000000
rs0167 8.329220 0.105490 0.118680
rs0168 8.316040 0.085710 0.000000
rs0170 8.362190 0.125260 0.026370
rs0171 8.368780 0.184600 0.000000
rs0172 8.520420 0.105480 0.131850
rs0174 8.362190 0.131860 0.000000
rs0175 8.592940 0.065930 0.072520
rs0178 8.335820 0.092300 0.000000
rs0179 8.566570 0.131850 0.138450
rs0180 8.566570 0.098890 0.000000
rs0182 8.711610 0.065930 0.158230
rs0183 8.744570 0.059340 0.000000
rs0184 8.342410 0.217560 0.105480
rs0185 8.672050 0.085710 0.000000
rs0188 8.757760 0.065930 0.046150
rs0189 8.744570 0.059340 0.000000
rs0192 8.599530 0.085710 0.085710
rs0193 8.639090 0.092300 0.000000
rs0195 8.737980 0.052740 0.079120
rs0200 8.441300 0.046150 0.000000
rs0201 8.797320 0.052740 0.112080
rs0203 8.777540 0.052740 0.000000
rs0206 8.764350 0.059340 0.072520
rs0209 8.718200 0.065930 0.000000
rs0210 8.349000 0.224160 0.118670
rs0211 8.777540 0.052740 0.000000
rs0212 8.349000 0.197790 0.072520
rs0215 8.335820 0.092300 0.000000
rs0218 8.355600 0.138450 0.105490
rs0220 8.335820 0.092300 0.000000
rs0221 8.698420 0.065930 0.079120
rs0224 8.705020 0.059330 0.000000
rs0225 8.678650 0.072520 0.098900
rs0226 8.375370 0.171420 0.000000
rs0227 8.737980 0.065930 0.085710
rs0228 8.362190 0.145040 0.000000
rs0231 8.467670 0.131860 0.092300
rs0236 8.316040 0.118670 0.000000
rs0237 8.790720 0.046150 0.079110
rs0240 8.803910 0.052740 0.000000
rs0241 8.467670 0.118680 0.105480
rs0242 8.513820 0.125270 0.000000
rs0243 8.737980 0.052740 0.098890
rs0246 8.322630 0.112080 0.000000
rs0247 8.263300 0.105480 0.098900
rs0250 8.737980 0.059340 0.000000
rs0251 8.355600 0.224150 0.098890
rs0255 8.349000 0.224160 0.000000
rs0256 8.368780 0.178010 0.079120
rs0257 8.362190 0.171410 0.000000
rs0259 8.639090 0.065930 0.112080
rs0260 8.757760 0.059330 0.000000
rs0262 8.349000 0.098900 0.046150
rs0263 8.737980 0.052740 0.000000
rs0264 8.309450 0.059330 0.046150
rs0267 8.731390 0.052740 0.000000
rs0268 8.731390 0.052740 0.085710
rs0269 8.349000 0.204380 0.000000
rs0270 8.711610 0.065930 0.032960
rs0273 8.368780 0.145040 0.000000
rs0274 8.573160 0.098890 0.092300
rs0275 8.375370 0.158230 0.000000
rs0276 8.441300 0.158230 0.052740
rs0277 8.349000 0.118670 0.000000
rs0280 8.737980 0.059340 0.059330
rs0282 8.678650 0.065920 0.000000
rs0283 8.513820 0.092300 0.092300
rs0284 8.474270 0.131850 0.000000
rs0288 8.737980 0.065930 0.092300
rs0289 8.553380 0.085710 0.000000
rs0290 8.342410 0.237340 0.052740
rs0297 8.349000 0.125270 0.000000
rs0303 8.250110 0.145040 0.085700
rs0306 8.678650 0.072520 0.000000
rs0308 8.737980 0.052740 0.105480
rs0313 8.737980 0.065930 0.000000
rs0314 8.553380 0.145040 0.065920
rs0316 8.718200 0.065930 0.000000
rs0318 8.236930 0.118670 0.079120
rs0320 8.718200 0.059340 0.000000
rs0323 8.513820 0.085710 0.026370
rs0325 8.573160 0.059340 0.000000
rs0328 8.474270 0.138450 0.118670
rs0330 8.335820 0.230750 0.000000
rs0331 8.553380 0.072520 0.092300
rs0334 8.566570 0.092300 0.000000
rs0336 8.474270 0.217560 0.085700
rs0337 8.573160 0.092300 0.000000
rs0339 8.764350 0.059340 0.092300
rs0340 8.592940 0.098890 0.000000
rs0341 8.355600 0.125260 0.039560
rs0343 8.342410 0.316460 0.000000
rs0344 8.355600 0.151630 0.079110
rs0345 8.263300 0.105480 0.000000
rs0349 8.263300 0.098890 0.098890
rs0350 8.672050 0.046150 0.000000
rs0354 8.342410 0.171410 0.105490
rs0358 8.645680 0.079120 0.000000
rs0363 8.342410 0.237340 0.032960
rs0364 8.322630 0.079120 0.000000
rs0365 8.335820 0.131850 0.112080
rs0367 8.381970 0.184600 0.000000
rs0371 8.737980 0.059340 0.105480
rs0372 8.316040 0.184600 0.000000
rs0373 8.579750 0.079120 0.026370
rs0374 8.316040 0.118670 0.000000
rs0376 8.573160 0.151640 0.118670
rs0377 8.474270 0.178000 0.000000
rs0380 8.573160 0.065930 0.079110
rs0384 8.388560 0.184600 0.000000
rs0386 8.342410 0.230750 0.039560
rs0389 8.322630 0.184600 0.000000
rs0391 8.639090 0.085710 0.046150
rs0392 8.335820 0.125260 0.000000
rs0393 8.434710 0.098890 0.019770
rs0394 8.296260 0.072520 0.000000
rs0401 8.718200 0.059340 0.079110
rs0408 8.553380 0.059340 0.000000
rs0409 8.645680 0.085710 0.039550
rs0410 8.322630 0.164820 0.000000
rs0411 8.342410 0.118670 0.112080
rs0416 8.302850 0.072520 0.000000
rs0417 8.335820 0.052740 0.131860
rs0418 8.362190 0.178010 0.000000
rs0419 8.639090 0.072520 0.059340
rs0420 8.698420 0.059340 0.000000
rs0421 8.329220 0.065930 0.105490
rs0422 8.309450 0.072520 0.000000
rs0423 8.316040 0.171410 0.085710
rs0424 8.355600 0.158220 0.000000
rs0425 8.559970 0.092300 0.079110
rs0427 8.362190 0.178010 0.000000
rs0428 8.553380 0.131860 0.072520
rs0429 8.349000 0.092300 0.000000
rs0430 8.322630 0.072520 0.059330
rs0432 8.296260 0.059340 0.000000
rs0433 8.672050 0.072520 0.178000
rs0435 8.342410 0.191190 0.000000
rs0437 8.355600 0.191190 0.059340
rs0442 8.322630 0.131860 0.000000
rs0444 8.349000 0.105490 0.052750
rs0449 8.711610 0.059340 0.000000
rs0452 8.678650 0.072520 0.079120
rs0453 8.790720 0.052750 0.000000
rs0454 8.579750 0.092300 0.085700
rs0456 8.474270 0.158230 0.000000
rs0458 8.705020 0.059330 0.065930
rs0460 8.329220 0.098900 0.000000
rs0463 8.672050 0.046150 0.125260
rs0467 8.335820 0.138450 0.000000
rs0468 8.573160 0.125260 0.065930
rs0469 8.342410 0.151640 0.000000
rs0470 8.296260 0.085710 0.065930
rs0472 8.316040 0.052740 0.000000
rs0473 8.309450 0.092300 0.065930
rs0476 8.718200 0.072520 0.000000
rs0477 8.342410 0.178010 0.059340
rs0480 8.441300 0.145050 0.000000
rs0485 8.335820 0.079110 0.105490
rs0492 8.316040 0.112080 0.000000
rs0493 8.335820 0.178000 0.052740
rs0494 8.678650 0.079110 0.000000
rs0495 8.342410 0.112080 0.079120
rs0496 8.645680 0.092300 0.000000
rs0505 8.757760 0.059330 0.092300
rs0508 8.335820 0.118670 0.000000
rs0512 8.678650 0.079110 0.072520
rs0516 8.355600 0.191190 0.000000
rs0517 8.764350 0.059340 0.059340
rs0519 8.553380 0.105490 0.000000
rs0520 8.388560 0.145040 0.059340
rs0521 8.553380 0.092300 0.000000
rs0522 8.639090 0.079110 0.079120
rs0524 8.342410 0.237340 0.000000
rs0526 8.434710 0.125260 0.138450
rs0528 8.790720 0.046150 0.000000
rs0529 8.441300 0.125270 0.072520
rs0531 8.790720 0.046150 0.000000
rs0532 8.579750 0.098900 0.046150
rs0534 8.513820 0.131860 0.000000
rs0536 8.349000 0.131860 0.072520
rs0538 8.586350 0.079110 0.000000
rs0541 8.764350 0.059340 0.085700
rs0542 8.316040 0.309860 0.000000
rs0543 8.335820 0.303270 0.065930
rs0545 8.309450 0.079110 0.000000
rs0546 8.599530 0.072520 0.112080
rs0548 8.329220 0.237350 0.000000
rs0549 8.441300 0.131860 0.032970
rs0553 8.362190 0.178010 0.000000
rs0554 8.790720 0.046150 0.125260
rs0555 8.645680 0.079120 0.000000
rs0556 8.309450 0.079110 0.092300
rs0559 8.355600 0.197780 0.000000
rs0560 8.698420 0.059340 0.026380
rs0562 8.316040 0.158230 0.000000
rs0564 8.474270 0.151630 0.046150
rs0566 8.349000 0.191200 0.000000
rs0568 8.368780 0.158230 0.079110
rs0571 8.263300 0.105480 0.000000
rs0572 8.731390 0.059330 0.098900
rs0573 8.362190 0.118670 0.000000
rs0574 8.764350 0.052740 0.032960
rs0578 8.711610 0.072520 0.000000
rs0579 8.757760 0.052740 0.039560
rs0585 8.441300 0.178010 0.000000
rs0586 8.316040 0.085710 0.032960
rs0588 8.381970 0.309860 0.000000
rs0591 8.764350 0.059340 0.039550
rs0598 8.705020 0.059330 0.000000
rs0599 8.718200 0.065930 0.072520
rs0602 8.474270 0.184600 0.000000
rs0609 8.573160 0.092300 0.112070
rs0615 8.672050 0.072520 0.000000
rs0616 8.705020 0.072520 0.059340
rs0617 8.790720 0.052750 0.000000
rs0618 8.375370 0.263720 0.257120
rs0620 8.467670 0.164830 0.000000
rs0623 8.335820 0.105480 0.118670
rs0626 8.454490 0.125260 0.000000
rs0627 8.705020 0.065930 0.098900
rs0630 8.559970 0.125270 0.000000
rs0637 8.672050 0.085710 0.125270
rs0638 8.737980 0.052740 0.000000
rs0640 8.672050 0.059340 0.072520
rs0641 8.639090 0.098890 0.000000
rs0644 8.441300 0.184600 0.191190
rs0645 8.619310 0.098890 0.000000
rs0656 8.599530 0.052740 0.303270
rs0660 8.764350 0.059340 0.000000
rs0667 8.698420 0.059340 0.105480
rs0670 8.718200 0.059340 0.000000
rs0671 8.388560 0.145040 0.092300
rs0677 8.592940 0.145040 0.000000
rs0679 8.672050 0.065930 0.065930
rs0691 8.744570 0.059340 0.000000
rs0696 8.757760 0.059330 0.151640
rs0703 8.744570 0.052750 0.000000
rs0708 8.751170 0.059330 0.098890
rs0710 8.349000 0.230750 0.000000
rs0713 8.329220 0.072530 0.092300
rs0720 8.606120 0.046150 0.000000
rs0722 8.368780 0.224160 0.105480
rs0724 8.751170 0.059330 0.000000
rs0726 8.342410 0.158230 0.059330
rs0727 8.672050 0.039560 0.000000
rs0731 8.513820 0.131860 0.059340
rs0733 8.737980 0.052740 0.000000
rs0734 8.573160 0.105490 0.065920
rs0738 8.553380 0.118670 0.000000
rs0740 8.342410 0.158230 0.098890
rs0741 8.744570 0.059340 0.000000
rs0743 8.316040 0.085710 0.092300
rs0744 8.672050 0.065930 0.000000
rs0746 8.592940 0.125260 0.032960
rs0747 8.737980 0.052740 0.000000
rs0751 8.777540 0.052740 0.065930
rs0752 8.375370 0.316460 0.000000
rs0754 8.639090 0.098890 0.125270
rs0756 8.368780 0.158230 0.000000
rs0758 8.705020 0.065930 0.065930
rs0763 8.573160 0.125260 0.000000
rs0766 8.645680 0.085710 0.046150
rs0767 8.349000 0.210970 0.000000
rs0768 8.553380 0.085710 0.052750
rs0769 8.559970 0.112080 0.000000
rs0774 8.349000 0.145050 0.118670
rs0775 8.355600 0.072520 0.000000
rs0777 8.296260 0.085710 0.118670
rs0778 8.362190 0.112080 0.000000
rs0779 8.737980 0.052740 0.250520
rs0781 8.737980 0.059340 0.000000
rs0782 8.316040 0.079110 0.052740
rs0786 8.349000 0.178010 0.000000
rs0788 8.355600 0.145040 0.105490
rs0790 8.309450 0.138450 0.000000
rs0793 8.579750 0.098900 0.085710
rs0794 8.672050 0.085710 0.000000
rs0797 8.737980 0.052740 0.032970
rs0799 8.342410 0.118670 0.000000
rs0800 8.579750 0.112080 0.131860
rs0802 8.349000 0.145050 0.000000
rs0804 8.322630 0.079120 0.079120
rs0805 8.236930 0.105480 0.000000
rs0806 8.672050 0.065930 0.065930
rs0809 8.764350 0.059340 0.000000
rs0810 8.329220 0.164830 0.112080
rs0811 8.718200 0.052750 0.000000
rs0812 8.764350 0.052740 0.072520
rs0815 8.342410 0.092300 0.000000
rs0818 8.349000 0.112080 0.098890
rs0823 8.790720 0.046150 0.000000
rs0828 8.381970 0.257120 0.065920
rs0831 8.744570 0.065930 0.000000
rs0832 8.322630 0.204380 0.092300
rs0833 8.737980 0.046150 0.000000
rs0834 8.606120 0.072530 0.151630
rs0836 8.737980 0.065930 0.000000
rs0838 8.737980 0.052740 0.039560
rs0839 8.764350 0.059340 0.000000
rs0840 8.368780 0.178010 0.085710
rs0842 8.322630 0.065930 0.000000
rs0843 8.612720 0.105480 0.079110
rs0845 8.698420 0.065930 0.000000
rs0846 8.579750 0.131860 0.085700
rs0847 8.718200 0.059340 0.000000
rs0850 8.757760 0.052740 0.079120
rs0853 8.474270 0.237340 0.000000
rs0854 8.606120 0.105490 0.085710
rs0855 8.737980 0.052740 0.000000
rs0856 8.790720 0.059340 0.151630
rs0860 8.737980 0.052740 0.000000
rs0865 8.751170 0.065920 0.059330
rs0866 8.672050 0.079120 0.000000
rs0868 8.645680 0.079120 0.092300
rs0869 8.388560 0.178010 0.000000
rs0871 8.349000 0.303270 0.079120
rs0872 8.553380 0.098890 0.000000
rs0880 8.612720 0.085700 0.131860
rs0887 8.652270 0.072530 0.000000
rs0891 8.751170 0.065920 0.112070
rs0892 8.672050 0.052750 0.000000
rs0893 8.349000 0.105490 0.105480
rs0897 8.553380 0.079120 0.000000
rs0899 8.474270 0.145040 0.092300
rs0900 8.349000 0.125270 0.000000
rs0901 8.250110 0.151640 0.039560
rs0906 8.342410 0.092300 0.000000
rs0907 8.513820 0.145050 0.065930
rs0909 8.388560 0.138450 0.000000
rs0916 8.441300 0.125270 0.085700
rs0919 8.349000 0.191200 0.000000
rs0920 8.388560 0.197790 0.079120
rs0921 8.737980 0.052740 0.000000
rs0922 8.553380 0.138450 0.092300
rs0923 8.316040 0.092300 0.000000
rs0927 8.606120 0.105490 0.098890
rs0930 8.362190 0.092300 0.000000
rs0932 8.342410 0.098890 0.059340
rs0933 8.329220 0.072530 0.000000
rs0934 8.553380 0.085710 0.052740
rs0935 8.388560 0.230750 0.000000
rs0944 8.362190 0.158230 0.039560
rs0945 8.612720 0.118670 0.000000
rs0946 8.639090 0.092300 0.092300
rs0948 8.645680 0.098890 0.000000
rs0950 8.342410 0.243940 0.178010
rs0953 8.764350 0.059340 0.000000
rs0957 8.296260 0.085710 0.039550
rs0958 8.718200 0.059340 0.000000
rs0959 8.243520 0.112080 0.085710
rs0960 8.296260 0.079110 0.000000
rs0962 8.559970 0.138450 0.085700
rs0967 8.520420 0.105480 0.000000
rs0968 8.316040 0.145040 0.065930
rs0970 8.698420 0.065930 0.000000
rs0976 8.302850 0.079120 0.059340
rs0977 8.342410 0.112080 0.000000
rs0979 8.302850 0.158230 0.098890
rs0980 8.705020 0.059330 0.000000
rs0981 8.355600 0.098890 0.065930
rs0982 8.236930 0.112070 0.000000
rs0983 8.349000 0.158230 0.098900
rs0984 8.553380 0.072520 0.000000
rs0985 8.349000 0.184600 0.079110
rs0986 8.329220 0.145050 0.000000
rs0989 8.639090 0.079110 0.105480
rs0991 8.744570 0.052750 0.000000
rs0995 8.678650 0.072520 0.032960
rs0996 8.342410 0.164820 0.000000
rs0997 8.639090 0.065930 0.085710
rs0999 8.381970 0.263710 0.000000
rs1001 8.375370 0.210980 0.059330
rs1002 8.553380 0.178010 0.000000
rs1003 8.592940 0.098890 0.079110
rs1010 8.777540 0.052740 0.000000
rs1014 8.296260 0.079110 0.046150
rs1016 8.777540 0.052740 0.000000
rs1017 8.316040 0.105480 0.039560
rs1020 8.335820 0.171410 0.000000
rs1021 8.362190 0.131860 0.079120
rs1028 8.579750 0.085710 0.000000
rs1029 8.388560 0.151640 0.046150
rs1030 8.349000 0.065930 0.000000
rs1031 8.553380 0.125270 0.092300
rs1032 8.342410 0.178010 0.000000
rs1034 8.355600 0.204370 0.072520
rs1035 8.349000 0.158230 0.000000
rs1038 8.362190 0.059330 0.118670
rs1040 8.335820 0.138450 0.000000
rs1041 8.335820 0.072520 0.098900
rs1043 8.302850 0.085710 0.000000
rs1045 8.592940 0.105480 0.145040
rs1047 8.362190 0.138450 0.000000
rs1048 8.751170 0.052740 0.079110
rs1049 8.705020 0.052740 0.000000
rs1050 8.322630 0.072520 0.046150
rs1052 8.467670 0.138450 0.000000
rs1053 8.316040 0.098890 0.092300
rs1054 8.236930 0.164820 0.000000
rs1055 8.355600 0.125260 0.098890
rs1057 8.790720 0.046150 0.000000
rs1058 8.573160 0.151640 0.085700
rs1059 8.645680 0.085710 0.000000
rs1060 8.263300 0.098890 0.072520
rs1062 8.751170 0.059330 0.000000
rs1065 8.441300 0.151640 0.131860
rs1068 8.639090 0.105480 0.000000
rs1070 8.349000 0.237350 0.131860
rs1072 8.467670 0.125270 0.000000
rs1073 8.362190 0.178010 0.039550
rs1074 8.355600 0.145040 0.000000
rs1076 8.698420 0.072530 0.085710
rs1077 8.553380 0.092300 0.000000
rs1078 8.474270 0.184600 0.105490
rs1079 8.718200 0.072520 0.000000
rs1080 8.592940 0.125260 0.092300
rs1081 8.553380 0.065930 0.000000
rs1082 8.737980 0.052740 0.085700
rs1083 8.672050 0.046150 0.000000
rs1084 8.474270 0.118670 0.039550
rs1087 8.579750 0.105490 0.000000
rs1091 8.737980 0.046150 0.112080
rs1098 8.362190 0.151630 0.000000
rs1100 8.645680 0.079120 0.039550
rs1102 8.803910 0.052740 0.000000
rs1103 8.335820 0.171410 0.065930
rs1104 8.513820 0.118680 0.000000
rs1105 8.362190 0.072520 0.039560
rs1108 8.316040 0.092300 0.000000
rs1109 8.744570 0.065930 0.072520
rs1110 8.592940 0.118670 0.000000
rs1113 8.236930 0.151630 0.118670
rs1114 8.737980 0.052740 0.000000
rs1117 8.355600 0.125260 0.112080
rs1118 8.705020 0.052740 0.000000
rs1119 8.322630 0.323050 0.138450
rs1120 8.790720 0.046150 0.000000
rs1121 8.777540 0.052740 0.039550
rs1122 8.744570 0.065930 0.000000
rs1124 8.441300 0.204380 0.112080
rs1125 8.566570 0.098890 0.000000
rs1126 8.355600 0.138450 0.032970
rs1128 8.342410 0.125260 0.000000
rs1131 8.790720 0.052750 0.092300
rs1132 8.322630 0.105490 0.000000
rs1135 8.342410 0.230750 0.072520
rs1137 8.579750 0.098900 0.000000
rs1142 8.355600 0.210970 0.072520
rs1143 8.342410 0.072520 0.000000
rs1145 8.672050 0.065930 0.092300
rs1146 8.751170 0.065920 0.000000
rs1147 8.322630 0.178010 0.085700
rs1149 8.289670 0.171410 0.000000
rs1151 8.474270 0.210970 0.085700
rs1154 8.573160 0.105490 0.000000
rs1156 8.355600 0.138450 0.125260
rs1157 8.362190 0.145040 0.000000
rs1159 8.349000 0.125270 0.072520
rs1163 8.566570 0.065930 0.000000
rs1164 8.236930 0.105480 0.065930
rs1165 8.375370 0.204380 0.000000
rs1166 8.355600 0.118670 0.125260
rs1169 8.612720 0.079110 0.000000
rs1170 8.441300 0.178010 0.039560
rs1171 8.639090 0.079110 0.000000
rs1172 8.316040 0.059330 0.032960
rs1174 8.645680 0.079120 0.000000
rs1176 8.494050 0.105480 0.046150
rs1178 8.592940 0.092300 0.000000
rs1179 8.474270 0.131850 0.032970
rs1182 8.592940 0.092300 0.000000
rs1183 8.678650 0.079110 0.065930
rs1184 8.335820 0.158230 0.000000
rs1185 8.705020 0.052740 0.118670
rs1187 8.474270 0.118670 0.000000
rs1188 8.316040 0.085710 0.052740
rs1191 8.672050 0.059340 0.000000
rs1192 8.316040 0.085710 0.098890
rs1193 8.520420 0.092300 0.000000
rs1195 8.546790 0.046150 0.092300
rs1198 8.342410 0.237340 0.000000
rs1200 8.342410 0.092300 0.092300
rs1202 8.355600 0.151630 0.000000
rs1205 8.718200 0.052750 0.092300
rs1206 8.737980 0.032970 0.000000
rs1207 8.698420 0.059340 0.039550
rs1208 8.309450 0.125260 0.000000
rs1209 8.553380 0.065930 0.105490
rs1210 8.718200 0.059340 0.000000
rs1211 8.724800 0.059330 0.032960
rs1212 8.474270 0.112080 0.000000
rs1213 8.737980 0.065930 0.098890
rs1217 8.757760 0.065930 0.000000
rs1220 8.705020 0.065930 0.032960
rs1229 8.764350 0.059340 0.000000
rs1236 8.434710 0.112080 0.072520
rs1238 8.645680 0.085710 0.000000
rs1245 8.335820 0.118670 0.059330
rs1248 8.737980 0.046150 0.000000
rs1257 8.316040 0.079110 0.098890
rs1258 8.639090 0.079110 0.000000
rs1259 8.349000 0.164820 0.072530
rs1260 8.335820 0.145040 0.000000
rs1261 8.335820 0.250530 0.092300
rs1262 8.335820 0.145040 0.000000
rs1263 8.362190 0.131860 0.092300
rs1264 8.322630 0.092300 0.000000
rs1265 8.672050 0.065930 0.158230
rs1266 8.619310 0.059340 0.000000
rs1267 8.790720 0.046150 0.112080
rs1269 8.210550 0.112080 0.000000
rs1270 8.349000 0.257120 0.046150
rs1276 8.349000 0.105490 0.000000
rs1278 8.711610 0.059340 0.059330
rs1280 8.368780 0.197790 0.000000
rs1281 8.342410 0.151640 0.059330
rs1283 8.322630 0.072520 0.000000
rs1284 8.316040 0.072520 0.131860
rs1285 8.355600 0.270300 0.000000
rs1286 8.672050 0.072520 0.184600
rs1289 8.362190 0.118670 0.000000
rs1290 8.302850 0.092300 0.138450
rs1291 8.375370 0.164830 0.000000
rs1292 8.592940 0.112080 0.138450
rs1293 8.573160 0.098890 0.000000
rs1294 8.698420 0.052750 0.085700
rs1295 8.296260 0.131860 0.000000
rs1296 8.243520 0.112080 0.065930
rs1297 8.316040 0.085710 0.000000
rs1298 8.349000 0.085710 0.085700
rs1299 8.322630 0.138450 0.000000
rs1301 8.751170 0.065920 0.072520
rs1302 8.309450 0.079110 0.000000
rs1303 8.316040 0.276900 0.118670
rs1304 8.322630 0.145040 0.000000
rs1310 8.388560 0.217560 0.079120
rs1337 8.705020 0.052740 0.000000
rs1359 8.342410 0.112080 0.059340
rs1368 8.718200 0.019780 0.000000
rs1437 8.764350 0.065930 0.105480
rs1518 8.751170 0.065920 0.000000
