rf0002 -3.250000 0.214290 0.000000
rf0003 -2.974490 0.153060 0.183670
rf0010 -3.188780 0.214290 0.000000
rf0011 -3.250000 0.183670 inf
rf0013 -3.066330 0.091840 0.000000
rf0015 -3.250000 0.428570 -0.061220
rf0016 -3.250000 0.153060 0.000000
rf0022 -3.250000 0.091840 inf
rf0024 -3.250000 0.183670 0.000000
rf0029 -3.250000 0.244900 -0.030610
rf0030 -3.250000 0.214290 0.000000
rf0031 -3.096940 0.214290 0.091840
rf0040 -3.066330 0.214290 0.000000
rf0048 -3.250000 0.244900 -0.030610
rf0053 -3.158160 0.183670 0.000000
rf0060 -3.250000 0.183670 inf
rf0062 -3.250000 0.122450 0.000000
rf0064 -3.127550 0.183670 0.061230
rf0065 -3.250000 0.183670 0.000000
rf0072 -2.760200 0.275510 0.091840
rf0073 -3.005100 0.214280 0.000000
rf0092 -3.096940 0.275510 0.091840
rf0125 -3.250000 0.306120 0.000000
rf0127 -3.219390 0.091840 inf
rf0129 -3.250000 0.183670 0.000000
rf0132 -3.250000 0.122450 inf
rf0134 -3.158160 0.214280 0.000000
rf0138 -3.250000 0.061220 inf
rf0164 -3.219390 0.336740 0.000000
rf0166 -3.250000 0.091840 inf
rf0169 -3.250000 0.214290 0.000000
rf0176 -2.943880 0.153060 0.214280
rf0180 -3.250000 0.244900 0.000000
rf0190 -3.250000 0.122450 inf
rf0201 -3.158160 0.336730 0.000000
rf0204 -3.096940 0.244900 0.091840
rf0205 -3.066330 0.244900 0.000000
rf0223 -3.250000 0.244900 -0.030610
rf0234 -3.250000 0.275510 0.000000
rf0237 -3.158160 0.244890 0.061230
rf0241 -2.576530 0.306120 0.000000
rf0248 -3.250000 0.153060 inf
rf0249 -3.188780 0.306130 0.000000
rf0250 -2.882650 0.244890 0.122450
rf0251 -3.250000 0.214290 0.000000
rf0258 -3.250000 0.244900 inf
rf0263 -3.250000 0.306120 0.000000
rf0267 -3.250000 0.214290 inf
rf0271 -3.250000 0.244900 0.000000
rf0283 -3.250000 0.336730 -0.030610
rf0284 -3.127550 0.244900 0.000000
rf0287 -3.250000 0.183670 inf
rf0292 -3.188780 0.244900 0.000000
rf0295 -3.250000 0.153060 inf
rf0298 -3.250000 0.183670 0.000000
rf0306 -3.250000 0.214290 inf
rf0309 -3.250000 0.091840 0.000000
rf0315 -3.250000 0.122450 inf
rf0319 -3.250000 0.183670 0.000000
rf0324 -3.219390 0.061230 inf
rf0338 -3.096940 0.214290 0.000000
rf0339 -2.943880 0.153060 0.183670
rf0343 -3.250000 0.214290 0.000000
rf0348 -3.188780 0.367350 0.000000
rf0351 -3.250000 0.244900 0.000000
rf0354 -2.943880 0.153060 0.214280
rf0358 -2.974490 0.214290 0.000000
rf0363 -2.913270 0.214290 0.122440
rf0364 -3.250000 0.367350 0.000000
rf0366 -3.219390 0.183680 0.000000
rf0372 -3.066330 0.091840 0.000000
rf0375 -3.250000 0.153060 inf
rf0377 -3.250000 0.030610 0.000000
rf0383 -3.250000 0.397960 -0.061220
rf0385 -3.250000 0.183670 0.000000
rf0386 -3.158160 0.214280 0.061230
rf0388 -3.158160 0.367340 0.000000
rf0396 -3.250000 0.244900 inf
rf0397 -3.250000 0.153060 0.000000
rf0399 -3.250000 0.122450 inf
rf0400 -2.790820 0.183680 0.000000
rf0403 -3.250000 0.397960 -0.030610
rf0415 -3.250000 0.183670 0.000000
rf0419 -2.913270 0.244900 0.122440
rf0428 -3.188780 0.306130 0.000000
rf0439 -3.127550 0.275510 0.061230
rf0444 -3.250000 0.244900 0.000000
rf0474 -3.066330 0.183680 0.091830
rf0477 -3.219390 0.183680 0.000000
rf0488 -3.250000 0.275510 -0.030610
rf0496 -3.096940 0.244900 0.000000
rf0499 -3.250000 0.183670 inf
rf0500 -3.035710 0.183670 0.000000
rf0503 -3.250000 0.122450 inf
rf0513 -3.250000 0.306120 0.000000
rf0630 -3.035710 0.275510 0.061230
rf0795 -3.250000 0.397960 0.000000
rs0001 -3.127550 0.275510 0.061230
rs0003 -3.250000 0.336730 0.000000
rs0010 -3.250000 0.153060 inf
rs0012 -3.250000 0.397960 0.000000
rs0013 -3.250000 0.244900 inf
rs0022 -3.219390 0.153060 0.000000
rs0029 -3.250000 0.153060 inf
rs0030 -3.250000 0.306120 0.000000
rs0046 -3.250000 0.336730 -0.030610
rs0051 -3.250000 0.214290 0.000000
rs0052 -3.250000 0.306120 -0.030610
rs0053 -3.250000 0.091840 0.000000
rs0054 -3.250000 0.214290 inf
rs0062 -3.219390 0.214290 0.000000
rs0087 -2.821430 0.122450 0.275510
rs0088 -3.250000 0.275510 0.000000
rs0089 -3.250000 0.275510 -0.030610
rs0090 -3.127550 0.153060 0.000000
rs0092 -3.250000 0.275510 -0.030610
rs0093 -3.127550 0.275510 0.000000
rs0094 -3.250000 0.214290 inf
rs0095 -3.127550 0.183670 0.000000
rs0096 -3.158160 0.244890 0.061230
rs0097 -3.096940 0.214290 0.000000
rs0098 -3.250000 0.214290 inf
rs0104 -3.005100 0.153060 0.000000
rs0107 -3.250000 0.153060 inf
rs0109 -3.219390 0.214290 0.000000
rs0113 -3.158160 0.275510 0.061230
rs0122 -3.188780 0.306130 0.000000
rs0124 -3.219390 0.153060 inf
rs0127 -3.250000 0.336730 0.000000
rs0133 -3.250000 0.244900 -0.030610
rs0134 -3.250000 0.244900 0.000000
rs0136 -3.250000 0.122450 inf
rs0138 -3.219390 0.275510 0.000000
rs0140 -2.913270 0.214290 0.091830
rs0141 -3.250000 0.153060 0.000000
rs0143 -3.188780 0.275510 0.030610
rs0145 -2.821430 0.122450 0.000000
rs0146 -3.127550 0.306120 0.061230
rs0147 -3.250000 0.153060 0.000000
rs0150 -3.250000 0.153060 inf
rs0156 -3.250000 0.397960 0.000000
rs0159 -3.250000 0.214290 inf
rs0163 -3.250000 0.275510 0.000000
rs0167 -3.188780 0.244900 0.030610
rs0168 -3.096940 0.275510 0.000000
rs0172 -3.250000 0.153060 inf
rs0175 -3.250000 0.244900 0.000000
rs0181 -3.158160 0.091830 0.061230
rs0183 -3.250000 0.306120 0.000000
rs0196 -3.250000 0.153060 inf
rs0201 -3.066330 0.275510 0.000000
rs0203 -3.096940 0.214290 0.091840
rs0206 -3.188780 0.306130 0.000000
rs0218 -3.250000 0.214290 inf
rs0221 -3.250000 0.275510 0.000000
rs0225 -3.250000 0.306120 -0.030610
rs0226 -3.219390 0.306120 0.000000
rs0231 -3.250000 0.244900 -0.030610
rs0237 -3.250000 0.244900 0.000000
rs0240 -2.913270 0.214290 0.214280
rs0242 -3.250000 0.183670 0.000000
rs0243 -2.943880 0.153060 0.183670
rs0244 -3.250000 0.122450 0.000000
rs0247 -3.035710 0.244890 0.061230
rs0256 -3.188780 0.306130 0.000000
rs0259 -3.250000 0.214290 inf
rs0261 -3.250000 0.153060 0.000000
rs0262 -3.188780 0.214290 0.030610
rs0264 -3.096940 0.183670 0.000000
rs0266 -3.250000 0.122450 inf
rs0267 -3.250000 0.244900 0.000000
rs0268 -3.250000 0.244900 -0.030610
rs0273 -3.250000 0.183670 0.000000
rs0275 -3.250000 0.214290 inf
rs0276 -3.250000 0.275510 0.000000
rs0282 -3.250000 0.244900 -0.030610
rs0306 -3.158160 0.214280 0.000000
rs0315 -3.250000 0.153060 inf
rs0316 -3.250000 0.275510 0.000000
rs0318 -2.882650 0.244890 0.122450
rs0320 -3.250000 0.275510 0.000000
rs0323 -3.250000 0.153060 inf
rs0334 -3.250000 0.214290 0.000000
rs0337 -3.250000 0.244900 -0.030610
rs0339 -3.035710 0.214280 0.000000
rs0341 -3.250000 0.244900 inf
rs0344 -3.158160 0.275510 0.000000
rs0345 -3.188780 0.214290 0.030610
rs0349 -3.066330 0.214290 0.000000
rs0350 -2.790820 0.122450 0.306120
rs0351 -3.250000 0.214290 0.000000
rs0354 -3.096940 0.306120 0.061220
rs0358 -3.250000 0.214290 0.000000
rs0373 -3.250000 0.367350 -0.061220
rs0386 -3.096940 0.367350 0.000000
rs0391 -3.250000 0.183670 inf
rs0392 -2.790820 0.275510 0.000000
rs0393 -3.250000 0.153060 inf
rs0406 -3.250000 0.091840 0.000000
rs0416 -3.219390 0.214290 0.000000
rs0419 -2.943880 0.153060 0.000000
rs0421 -3.158160 0.214280 0.061230
rs0424 -3.158160 0.275510 0.000000
rs0425 -3.250000 0.183670 inf
rs0429 -3.250000 0.214290 0.000000
rs0430 -3.250000 0.183670 inf
rs0432 -2.270410 0.306120 0.000000
rs0437 -2.974490 0.306120 0.122450
rs0440 -3.250000 0.091840 0.000000
rs0444 -3.250000 0.214290 inf
rs0452 -3.035710 0.153060 0.000000
rs0460 -3.219390 0.244900 0.000000
rs0463 -2.301020 0.091840 0.000000
rs0468 -3.250000 0.397960 -0.061220
rs0472 -3.158160 0.153060 0.000000
rs0473 -3.096940 0.275510 0.091840
rs0477 -2.729590 0.336730 0.000000
rs0485 -3.188780 0.183680 0.030610
rs0493 -3.250000 0.367350 0.000000
rs0495 -3.250000 0.183670 inf
rs0503 -3.250000 0.153060 0.000000
rs0505 -3.250000 0.489800 -0.061220
rs0508 -3.250000 0.214290 0.000000
rs0516 -3.158160 0.306120 0.030620
rs0517 -3.066330 0.306130 0.000000
rs0519 -3.250000 0.367350 -0.030610
rs0520 -3.250000 0.183670 0.000000
rs0528 -3.250000 0.397960 -0.030610
rs0532 -3.250000 0.306120 0.000000
rs0536 -3.188780 0.275510 0.030610
rs0538 -3.250000 0.183670 0.000000
rs0541 -2.821430 0.153060 0.214280
rs0549 -3.250000 0.183670 0.000000
rs0554 -3.188780 0.336740 0.000000
rs0555 -3.250000 0.214290 0.000000
rs0556 -2.515310 0.367350 0.122450
rs0560 -3.250000 0.183670 0.000000
rs0571 -3.188780 0.214290 0.030610
rs0573 -3.219390 0.183680 0.000000
rs0574 -2.790820 0.122450 0.214280
rs0582 -3.250000 0.214290 0.000000
rs0586 -3.158160 0.214280 0.061230
rs0591 -3.250000 0.336730 0.000000
rs0612 -3.250000 0.061220 inf
rs0650 -3.096940 0.122450 0.000000
rs0656 -3.250000 0.153060 inf
rs0660 -3.158160 0.336730 0.000000
rs0672 -3.219390 0.244900 0.000000
rs0679 -3.035710 0.183670 0.000000
rs0724 -3.250000 0.306120 -0.030610
rs0731 -3.250000 0.336730 0.000000
rs0741 -3.250000 0.367350 -0.030610
rs0745 -3.250000 0.183670 0.000000
rs0751 -3.127550 0.336730 0.061230
rs0763 -3.250000 0.244900 0.000000
rs0768 -3.250000 0.183670 inf
rs0775 -3.250000 0.153060 0.000000
rs0779 -3.250000 0.336730 -0.030610
rs0781 -3.219390 0.244900 0.000000
rs0788 -3.250000 0.275510 -0.030610
rs0797 -3.127550 0.183670 0.000000
rs0798 -3.250000 0.122450 inf
rs0804 -2.882650 0.214280 0.000000
rs0805 -2.852040 0.244900 0.091840
rs0806 -3.250000 0.214290 0.000000
rs0808 -3.250000 0.061220 inf
rs0809 -3.035710 0.214280 0.000000
rs0812 -2.821430 0.153060 0.244900
rs0815 -3.250000 0.183670 0.000000
rs0823 -3.096940 0.244900 0.091840
rs0833 -2.760200 0.122440 0.000000
rs0839 -3.250000 0.367350 -0.030610
rs0842 -3.158160 0.183670 0.000000
rs0847 -3.035710 0.153060 0.153070
rs0868 -3.250000 0.183670 0.000000
rs0869 -3.158160 0.306120 0.030620
rs0871 -3.250000 0.520410 0.000000
rs0896 -3.219390 0.122450 inf
rs0906 -3.158160 0.183670 0.000000
rs0909 -3.250000 0.183670 inf
rs0916 -3.250000 0.214290 0.000000
rs0932 -3.219390 0.214290 0.000000
rs0933 -3.250000 0.214290 0.000000
rs0944 -3.250000 0.214290 inf
rs0950 -3.158160 0.428570 0.000000
rs0957 -2.974490 0.244900 0.122450
rs0958 -3.219390 0.275510 0.000000
rs0959 -3.250000 0.244900 inf
rs0960 -3.250000 0.244900 0.000000
rs0967 -3.250000 0.183670 inf
rs0970 -3.250000 0.275510 0.000000
rs0974 -3.250000 0.306120 -0.030610
rs0978 -3.250000 0.153060 0.000000
rs0981 -3.219390 0.214290 0.000000
rs0983 -3.127550 0.275510 0.000000
rs0984 -3.250000 0.244900 -0.030610
rs0985 -3.250000 0.336730 0.000000
rs0991 -3.250000 0.275510 -0.030610
rs0995 -3.250000 0.214290 0.000000
rs0997 -3.250000 0.153060 inf
rs1004 -3.250000 0.244900 0.000000
rs1014 -2.943880 0.214290 0.122450
rs1016 -3.127550 0.306120 0.000000
rs1021 -3.250000 0.153060 inf
rs1023 -3.188780 0.153070 0.000000
rs1025 -3.250000 0.091840 inf
rs1029 -3.250000 0.153060 0.000000
rs1030 -3.250000 0.153060 inf
rs1035 -3.035710 0.275510 0.000000
rs1036 -3.219390 0.122450 inf
rs1038 -3.250000 0.091840 0.000000
rs1046 -3.250000 0.244900 inf
rs1047 -3.250000 0.153060 0.000000
rs1050 -3.250000 0.183670 inf
rs1052 -3.250000 0.244900 0.000000
rs1055 -3.250000 0.183670 inf
rs1060 -2.852040 0.214280 0.000000
rs1062 -3.066330 0.214290 0.122450
rs1072 -3.250000 0.183670 0.000000
rs1074 -3.219390 0.275510 0.000000
rs1075 -3.127550 0.214280 0.000000
rs1081 -3.250000 0.183670 inf
rs1082 -3.158160 0.183670 0.000000
rs1084 -3.250000 0.153060 inf
rs1091 -2.821430 0.122450 0.000000
rs1098 -3.250000 0.214290 inf
rs1100 -3.066330 0.153060 0.000000
rs1102 -3.127550 0.306120 0.061230
rs1103 -2.790820 0.367350 0.000000
rs1105 -3.250000 0.153060 inf
rs1106 -3.250000 0.091840 0.000000
rs1109 -3.127550 0.275510 0.061230
rs1110 -3.250000 0.214290 0.000000
rs1111 -3.250000 0.061220 inf
rs1112 -3.188780 0.153070 0.000000
rs1116 -3.250000 0.091840 inf
rs1117 -3.250000 0.214290 0.000000
rs1118 -3.250000 0.214290 inf
rs1121 -3.158160 0.306120 0.000000
rs1126 -3.250000 0.244900 -0.030610
rs1129 -3.250000 0.153060 0.000000
rs1131 -3.188780 0.336740 0.030610
rs1137 -3.250000 0.275510 0.000000
rs1143 -3.250000 0.153060 inf
rs1150 -3.250000 0.122450 0.000000
rs1152 -3.250000 0.183670 inf
rs1154 -3.250000 0.275510 0.000000
rs1159 -3.250000 0.214290 inf
rs1163 -3.188780 0.489800 0.000000
rs1168 -3.250000 0.183670 inf
rs1169 -3.250000 0.183670 0.000000
rs1178 -3.250000 0.214290 inf
rs1179 -3.250000 0.336730 0.000000
rs1182 -3.250000 0.183670 inf
rs1185 -3.005100 0.153060 0.000000
rs1188 -3.096940 0.214290 0.091840
rs1191 -3.250000 0.275510 0.000000
rs1195 -3.250000 0.214290 inf
rs1197 -3.250000 0.153060 0.000000
rs1198 -3.219390 0.459190 -0.030610
rs1200 -3.219390 0.214290 0.000000
rs1209 -3.219390 0.428570 -0.030610
rs1212 -3.250000 0.153060 0.000000
rs1214 -3.127550 0.061220 0.030610
rs1220 -3.158160 0.244890 0.000000
rs1248 -3.250000 0.244900 -0.030610
rs1258 -3.250000 0.244900 0.000000
rs1259 -2.974490 0.275510 0.122450
rs1264 -3.158160 0.214280 0.000000
rs1266 -2.729590 0.122450 0.397960
rs1267 -3.096940 0.336740 0.000000
rs1270 -3.188780 0.459190 0.000000
rs1276 -3.219390 0.214290 0.000000
rs1284 -3.005100 0.214280 0.091840
rs1290 -3.096940 0.306120 0.000000
rs1291 -3.250000 0.244900 inf
rs1293 -3.250000 0.214290 0.000000
rs1296 -3.035710 0.214280 0.091840
rs1297 -3.158160 0.244890 0.000000
rs1337 -3.250000 0.214290 inf
rs1359 -3.158160 0.214280 0.000000
rs1437 -3.158160 0.244890 0.061230
