rf0001 -0.417590 0.118670 0.098890
rf0003 0.155990 0.052740 0.000000
rf0010 -0.391220 0.164820 0.039560
rf0013 -0.127500 0.032960 0.000000
rf0015 0.221920 0.026370 0.224160
rf0017 -0.430780 0.171420 0.000000
rf0022 -0.213210 0.052740 0.059340
rf0024 -0.002240 0.072520 0.000000
rf0029 -0.397810 0.164820 0.072520
rf0030 -0.087950 0.092300 0.000000
rf0031 0.109840 0.065930 0.197790
rf0040 0.261470 0.006600 0.000000
rf0045 -0.523070 0.178000 0.079120
rf0048 -0.430780 0.164830 0.000000
rf0053 -0.397810 0.131860 0.046150
rf0060 -0.397810 0.197780 0.000000
rf0062 -0.061580 0.052750 0.052740
rf0064 -0.582410 0.164820 0.000000
rf0065 -0.397810 0.145040 0.085710
rf0072 -0.404400 0.052740 0.000000
rf0073 -0.437370 0.184600 0.072520
rf0077 -0.430780 0.197790 0.000000
rf0092 0.301030 -0.019780 0.230750
rf0107 -0.463740 0.178010 0.000000
rf0108 -0.529670 0.178010 0.085700
rf0127 -0.153880 0.052750 0.000000
rf0129 -0.265950 0.204370 0.072530
rf0132 -0.153880 0.065930 0.000000
rf0134 -0.305510 0.402160 0.065930
rf0138 -0.087950 0.026370 0.000000
rf0143 -0.378030 0.178000 0.072520
rf0154 -0.516480 0.237340 0.000000
rf0164 0.261470 0.000000 0.408750
rf0166 0.004350 0.079120 0.000000
rf0176 0.109840 0.032960 0.428540
rf0179 -0.384630 0.145050 0.000000
rf0180 -0.371440 0.309860 0.079110
rf0190 -0.252770 0.079120 0.000000
rf0197 -0.397810 0.125260 0.085710
rf0201 -0.430780 0.204380 0.000000
rf0204 -0.503300 0.197790 0.065920
rf0205 0.228510 0.006590 0.000000
rf0223 0.070280 0.072520 0.164820
rf0237 0.123020 0.059340 0.000000
rf0241 -0.767010 0.243940 0.065930
rf0246 -0.734050 0.243940 0.000000
rf0247 -0.397810 0.171410 0.065930
rf0248 -0.153880 0.032970 0.000000
rf0249 0.004350 0.079120 0.085700
rf0250 -0.621970 0.197790 0.000000
rf0251 -0.338480 0.230750 0.085700
rf0258 -0.285730 0.276900 0.000000
rf0263 -0.331880 0.204380 0.072520
rf0265 -0.503300 0.224160 0.000000
rf0266 -0.608780 0.224150 0.065930
rf0267 -0.325290 0.178010 0.000000
rf0280 -0.463740 0.158230 0.085710
rf0283 -0.015430 0.085710 0.000000
rf0284 -0.542850 0.184600 0.079120
rf0292 0.017540 0.098890 0.000000
rf0297 -0.509890 0.204380 0.065930
rf0298 -0.338480 0.171420 0.000000
rf0306 -0.285730 0.112080 0.079120
rf0309 -0.114320 0.079120 0.000000
rf0320 -0.404400 0.138450 0.112080
rf0324 -0.114320 0.026370 0.000000
rf0328 -0.246180 0.237350 0.065920
rf0332 -0.503300 0.204380 0.000000
rf0339 0.142800 0.052740 0.336230
rf0340 -0.397810 0.145040 0.000000
rf0343 -0.054980 0.112070 0.125270
rf0348 0.281250 0.000000 0.000000
rf0351 -0.437370 0.171420 0.072520
rf0354 -0.338480 0.454910 0.000000
rf0358 -0.608780 0.197780 0.065930
rf0363 -0.641750 0.197790 0.000000
rf0364 -0.134100 0.125270 0.118670
rf0365 -0.265950 0.098890 0.000000
rf0366 -0.430780 0.131860 0.079110
rf0368 -0.443960 0.184600 0.000000
rf0372 -0.068170 0.032970 0.032960
rf0377 -0.160470 0.013190 0.000000
rf0383 -0.068170 0.092300 0.085710
rf0385 -0.318700 0.158230 0.000000
rf0386 0.142800 0.052740 0.342830
rf0388 0.010950 0.092290 0.000000
rf0392 -0.562630 0.204380 0.079120
rf0396 -0.074760 0.079110 0.000000
rf0397 0.043910 0.079110 0.105490
rf0399 -0.305510 0.145040 0.000000
rf0400 0.301030 -0.013190 0.210970
rf0403 -0.417590 0.204380 0.000000
rf0413 -0.424180 0.257120 0.046150
rf0415 -0.272550 0.204380 0.000000
rf0419 -0.589000 0.197780 0.079120
rf0428 -0.351660 0.178010 0.000000
rf0439 -0.740640 0.164820 0.072520
rf0459 -0.569220 0.151630 0.000000
rf0461 -0.575820 0.257120 0.052740
rf0464 -0.694490 0.237340 0.000000
rf0474 -0.397810 0.105480 0.105490
rf0477 -0.318700 0.112080 0.000000
rf0479 -0.424180 0.158230 0.092300
rf0488 -0.364850 0.243940 0.000000
rf0496 -0.490110 0.204380 0.079110
rf0499 -0.503300 0.151640 0.000000
rf0500 0.228510 -0.006590 0.580170
rf0503 -0.371440 0.125260 0.000000
rf0513 0.195540 0.026380 0.369190
rf0630 -0.701080 0.145040 0.000000
rf0642 -0.635150 0.197780 0.072520
rf0663 -0.575820 0.197790 0.000000
rf0707 -0.285730 0.184600 0.065930
rf0795 -0.503300 0.224160 0.000000
rs0001 -0.417590 0.171410 0.085710
rs0003 -0.450550 0.210970 0.000000
rs0010 -0.213210 0.059330 0.085710
rs0012 -0.173650 0.125260 0.000000
rs0013 -0.443960 0.217560 0.059340
rs0022 -0.107730 0.079120 0.000000
rs0023 0.241690 -0.013180 0.665870
rs0029 -0.153880 0.046150 0.000000
rs0030 -0.351660 0.164820 0.072520
rs0035 -0.582410 0.217560 0.000000
rs0039 -0.490110 0.158230 0.072520
rs0046 0.215320 0.026370 0.000000
rs0051 -0.213210 0.270300 0.059340
rs0052 -0.331880 0.342830 0.000000
rs0054 -0.509890 0.158230 0.072520
rs0062 -0.397810 0.131860 0.000000
rs0081 -0.397810 0.125260 0.072520
rs0087 -0.437370 0.468090 0.000000
rs0088 -0.476930 0.178010 0.072520
rs0089 0.202140 0.026370 0.000000
rs0090 -0.490110 0.151630 0.072520
rs0092 -0.457150 0.230750 0.000000
rs0093 0.261470 0.000000 0.441720
rs0094 -0.371440 0.224160 0.000000
rs0095 -0.411000 0.105490 0.131850
rs0096 0.063690 0.072520 0.000000
rs0097 -0.430780 0.138450 0.092290
rs0104 0.208730 0.013190 0.000000
rs0107 -0.140690 0.112080 0.098890
rs0113 0.155990 0.072520 0.000000
rs0122 -0.523070 0.184590 0.079120
rs0124 -0.397810 0.085710 0.000000
rs0127 -0.411000 0.230750 0.052740
rs0133 -0.002240 0.052740 0.000000
rs0134 -0.002240 0.065930 0.039560
rs0136 -0.015430 0.079120 0.000000
rs0137 -0.180250 0.046150 0.079110
rs0138 -0.417590 0.178010 0.000000
rs0140 -0.628560 0.191190 0.072520
rs0141 -0.305510 0.145040 0.000000
rs0143 0.142800 0.065930 0.191190
rs0145 0.070280 0.032960 0.000000
rs0146 -0.443960 0.210970 0.072520
rs0147 -0.305510 0.151630 0.000000
rs0150 -0.397810 0.164820 0.046150
rs0156 -0.457150 0.270310 0.000000
rs0159 0.004350 0.072520 0.046150
rs0163 -0.127500 0.125260 0.000000
rs0165 -0.411000 0.197790 0.065930
rs0167 -0.265950 0.092300 0.000000
rs0168 -0.608780 0.191190 0.065930
rs0170 -0.417590 0.151640 0.000000
rs0175 -0.305510 0.191190 0.072520
rs0178 -0.602190 0.178010 0.000000
rs0181 -0.140690 0.032960 0.026370
rs0183 -0.008830 0.072520 0.000000
rs0201 0.063690 0.079110 0.138450
rs0203 0.076870 0.079120 0.000000
rs0206 0.215320 0.026370 0.217560
rs0215 -0.397810 0.164820 0.000000
rs0218 -0.397810 0.171410 0.079120
rs0220 -0.536260 0.178010 0.000000
rs0221 0.043910 0.072520 0.316460
rs0225 -0.002240 0.072520 0.000000
rs0226 -0.496700 0.204370 0.065930
rs0228 -0.404400 0.151630 0.000000
rs0231 -0.397810 0.217560 0.059340
rs0237 0.037320 0.065920 0.000000
rs0240 0.301030 -0.006590 0.191190
rs0241 -0.378030 0.171410 0.000000
rs0242 -0.305510 0.217560 0.085710
rs0243 0.142800 0.032970 0.000000
rs0246 -0.549450 0.191200 0.072520
rs0247 -0.523070 0.151630 0.000000
rs0256 -0.483520 0.197790 0.065930
rs0259 -0.140690 0.065930 0.000000
rs0261 -0.127500 0.032960 0.026380
rs0262 -0.424180 0.145040 0.000000
rs0264 -0.490110 0.145040 0.072520
rs0266 -0.028610 0.059330 0.000000
rs0267 -0.002240 0.072520 0.046150
rs0268 0.076870 0.072520 0.000000
rs0273 -0.397810 0.158230 0.065930
rs0275 -0.411000 0.158230 0.000000
rs0276 -0.404400 0.230750 0.059340
rs0282 -0.186840 0.204380 0.000000
rs0306 -0.292330 0.382390 0.039550
rs0315 -0.219800 0.098890 0.000000
rs0316 0.083470 0.065920 0.296680
rs0318 -0.661520 0.224150 0.000000
rs0320 -0.061580 0.092300 0.105480
rs0323 -0.153880 0.046150 0.000000
rs0334 -0.265950 0.184600 0.072530
rs0337 -0.292330 0.237350 0.000000
rs0339 0.281250 -0.006590 0.309860
rs0341 -0.358250 0.164820 0.000000
rs0344 -0.470330 0.217560 0.065930
rs0345 -0.523070 0.164820 0.000000
rs0349 -0.292330 0.138450 0.105480
rs0350 -0.252770 0.230750 0.000000
rs0354 -0.503300 0.243940 0.065920
rs0358 -0.008830 0.072520 0.000000
rs0364 -0.397810 0.171410 0.079120
rs0373 -0.331880 0.217560 0.000000
rs0380 -0.523070 0.316450 0.059340
rs0386 -0.503300 0.263720 0.000000
rs0391 -0.305510 0.323050 0.065930
rs0392 -0.457150 0.171420 0.000000
rs0393 -0.358250 0.145040 0.065930
rs0394 -0.661520 0.197780 0.000000
rs0406 -0.279140 0.112080 0.065930
rs0408 -0.470330 0.224150 0.000000
rs0411 -0.450550 0.184600 0.079120
rs0416 -0.602190 0.164820 0.000000
rs0419 -0.331880 0.276900 0.065930
rs0421 -0.443960 0.138450 0.000000
rs0422 -0.556040 0.164820 0.085710
rs0424 -0.476930 0.178010 0.000000
rs0425 -0.345070 0.250530 0.085710
rs0429 -0.443960 0.145040 0.000000
rs0430 -0.272550 0.105490 0.085700
rs0432 -0.734050 0.356020 0.000000
rs0437 -0.450550 0.204370 0.072520
rs0440 -0.140690 0.065930 0.000000
rs0444 -0.397810 0.151630 0.039560
rs0452 -0.265950 0.356010 0.000000
rs0460 -0.523070 0.171410 0.079120
rs0463 -0.595600 0.527430 0.000000
rs0468 -0.358250 0.290080 0.072530
rs0472 -0.523070 0.164820 0.000000
rs0473 -0.556040 0.204380 0.079110
rs0477 -0.589000 0.250520 0.000000
rs0485 -0.259360 0.092300 0.105490
rs0493 -0.496700 0.210970 0.000000
rs0495 -0.397810 0.151630 0.092300
rs0503 -0.081350 0.092300 0.000000
rs0505 0.281250 -0.013180 0.527430
rs0508 -0.397810 0.171410 0.000000
rs0516 -0.404400 0.191190 0.079120
rs0517 0.301030 -0.013190 0.000000
rs0519 -0.292330 0.197790 0.072520
rs0520 -0.404400 0.158220 0.000000
rs0526 -0.437370 0.164820 0.065930
rs0528 0.294440 -0.013190 0.000000
rs0529 -0.496700 0.178000 0.065930
rs0532 -0.325290 0.257120 0.000000
rs0536 -0.430780 0.158230 0.079110
rs0538 -0.292330 0.237350 0.000000
rs0541 0.281250 -0.006590 0.276900
rs0549 -0.378030 0.178000 0.000000
rs0554 0.268070 0.000000 0.257120
rs0555 -0.252770 0.290090 0.000000
rs0556 -0.806570 0.283500 0.039550
rs0559 -0.397810 0.204380 0.000000
rs0560 0.004350 0.079120 0.250530
rs0566 -0.483520 0.250530 0.000000
rs0571 -0.529670 0.164820 0.092300
rs0573 -0.232990 0.085710 0.000000
rs0574 0.241690 0.013190 0.336230
rs0586 -0.523070 0.151630 0.000000
rs0591 0.268070 0.000000 0.369200
rs0612 -0.041800 0.059340 0.000000
rs0650 -0.120910 0.039560 0.032970
rs0656 -0.265950 0.138450 0.000000
rs0660 0.281250 0.000000 0.237340
rs0671 -0.391220 0.145040 0.000000
rs0679 -0.325290 0.441720 0.052740
rs0724 0.076870 0.072520 0.000000
rs0727 -0.503300 0.402170 0.052740
rs0731 -0.450550 0.230750 0.000000
rs0734 -0.239580 0.191190 0.072520
rs0738 -0.345070 0.276900 0.000000
rs0741 -0.081350 0.098890 0.072530
rs0745 -0.015430 0.059340 0.000000
rs0751 0.301030 -0.013190 0.184600
rs0756 -0.331880 0.158230 0.000000
rs0768 -0.305510 0.204380 0.092300
rs0775 -0.246180 0.085710 0.000000
rs0778 -0.397810 0.145040 0.072520
rs0779 0.070280 0.085710 0.000000
rs0781 0.129620 0.065920 0.204380
rs0782 -0.397810 0.125260 0.000000
rs0788 -0.417590 0.191190 0.072520
rs0797 0.010950 0.085700 0.000000
rs0798 -0.094540 0.072520 0.072520
rs0804 -0.523070 0.151630 0.000000
rs0805 -0.562630 0.158230 0.118670
rs0806 -0.002240 0.079110 0.000000
rs0808 -0.087950 0.019780 0.019780
rs0809 0.274660 -0.006590 0.000000
rs0812 0.248290 0.013180 0.309870
rs0815 -0.252770 0.105490 0.000000
rs0823 0.043910 0.079110 0.118670
rs0833 0.037320 0.059330 0.000000
rs0839 0.294440 -0.013190 0.362610
rs0840 -0.443960 0.184600 0.000000
rs0842 -0.470330 0.164820 0.079120
rs0847 0.109840 0.046150 0.000000
rs0868 0.017540 0.079110 0.303270
rs0869 -0.476930 0.210980 0.000000
rs0871 -0.575820 0.204380 0.046150
rs0893 -0.470330 0.158230 0.000000
rs0900 -0.457150 0.184600 0.072520
rs0906 -0.457150 0.158230 0.000000
rs0909 -0.351660 0.138450 0.079120
rs0916 -0.397810 0.171410 0.000000
rs0930 -0.397810 0.138450 0.052740
rs0932 -0.397810 0.164820 0.000000
rs0933 -0.305510 0.125260 0.079120
rs0944 -0.180250 0.052750 0.000000
rs0950 -0.562630 0.243930 0.059340
rs0957 -0.523070 0.184590 0.000000
rs0958 0.188950 0.019780 0.448310
rs0959 -0.569220 0.164820 0.000000
rs0960 -0.516480 0.184600 0.065930
rs0967 -0.312100 0.171410 0.000000
rs0970 0.103240 0.052750 0.388970
rs0976 -0.523070 0.171410 0.000000
rs0978 -0.252770 0.085710 0.072520
rs0981 -0.312100 0.118670 0.000000
rs0983 -0.595600 0.204380 0.052740
rs0984 -0.358250 0.191190 0.000000
rs0985 -0.483520 0.224160 0.065930
rs0991 -0.002240 0.079110 0.000000
rs0995 -0.048390 0.085710 0.158230
rs0997 -0.114320 0.118670 0.000000
rs1001 -0.490110 0.217560 0.059340
rs1014 -0.523070 0.178000 0.000000
rs1016 0.149390 0.065930 0.178000
rs1021 -0.232990 0.085710 0.000000
rs1023 0.004350 0.085710 0.112080
rs1025 0.024130 0.059340 0.000000
rs1029 -0.397810 0.158230 0.065930
rs1030 -0.219800 0.085700 0.000000
rs1035 -0.602190 0.224160 0.059330
rs1036 -0.160470 0.085710 0.000000
rs1038 -0.378030 0.118670 0.039560
rs1047 -0.384630 0.145050 0.000000
rs1050 -0.516480 0.158230 0.065930
rs1052 -0.424180 0.230750 0.000000
rs1055 -0.265950 0.105480 0.092300
rs1060 -0.621970 0.204380 0.000000
rs1062 -0.022020 0.085710 0.098890
rs1070 -0.450550 0.250520 0.000000
rs1072 -0.318700 0.178010 0.085700
rs1074 -0.411000 0.164820 0.000000
rs1075 0.076870 0.065930 0.118670
rs1081 -0.298920 0.171420 0.000000
rs1082 0.076870 0.079120 0.178000
rs1083 -0.503300 0.316460 0.000000
rs1084 -0.378030 0.184600 0.079120
rs1091 0.043910 0.065930 0.000000
rs1098 -0.437370 0.151640 0.072520
rs1100 -0.318700 0.362610 0.000000
rs1102 0.301030 -0.013190 0.164820
rs1103 -0.687900 0.257120 0.000000
rs1105 -0.397810 0.092300 0.098890
rs1106 -0.048390 0.065930 0.000000
rs1109 -0.048390 0.092300 0.105490
rs1110 -0.002240 0.079110 0.000000
rs1111 -0.114320 0.026370 0.032960
rs1112 -0.107730 0.092300 0.000000
rs1116 -0.035200 0.072520 0.032970
rs1117 -0.411000 0.184600 0.000000
rs1118 -0.054980 0.118670 0.145050
rs1121 0.281250 0.000000 0.000000
rs1126 -0.443960 0.197780 0.065930
rs1128 -0.621970 0.197790 0.000000
rs1131 0.010950 0.085700 0.098900
rs1137 -0.153880 0.085710 0.000000
rs1143 -0.424180 0.118670 0.092300
rs1150 -0.239580 0.098890 0.000000
rs1152 0.004350 0.105490 0.105480
rs1154 -0.305510 0.263710 0.000000
rs1156 -0.397810 0.204380 0.059340
rs1157 -0.404400 0.164820 0.000000
rs1159 -0.516480 0.171410 0.065930
rs1163 -0.509890 0.323050 0.000000
rs1168 0.030720 0.065930 0.079110
rs1169 -0.226400 0.204380 0.000000
rs1171 -0.364850 0.415350 0.065930
rs1172 -0.608780 0.158230 0.000000
rs1178 -0.239580 0.164820 0.072520
rs1179 -0.378030 0.217560 0.000000
rs1185 -0.074760 0.112080 0.118670
rs1187 -0.483520 0.204380 0.000000
rs1188 -0.397810 0.138450 0.098890
rs1197 0.010950 0.098890 0.000000
rs1198 -0.463740 0.224160 0.059330
rs1200 -0.457150 0.145050 0.000000
rs1207 0.004350 0.092300 0.270300
rs1209 -0.378030 0.243930 0.000000
rs1212 -0.246180 0.118680 0.079110
rs1214 -0.226400 0.032970 0.000000
rs1220 0.057090 0.072530 0.296670
rs1248 0.142800 0.039560 0.000000
rs1257 -0.569220 0.184590 0.072530
rs1258 -0.292330 0.336240 0.000000
rs1259 -0.542850 0.224150 0.065930
rs1264 -0.483520 0.164820 0.000000
rs1266 -0.549450 0.369200 0.046150
rs1267 0.301030 -0.013190 0.000000
rs1270 -0.503300 0.270310 0.059330
rs1276 -0.430780 0.138450 0.000000
rs1284 -0.226400 0.046150 0.052740
rs1289 -0.397810 0.178010 0.000000
rs1290 -0.661520 0.171410 0.065930
rs1291 -0.424180 0.178000 0.000000
rs1293 -0.219800 0.178000 0.079120
rs1296 -0.661520 0.191190 0.000000
rs1297 -0.404400 0.151630 0.098900
rs1337 -0.279140 0.375790 0.000000
rs1359 -0.397810 0.131860 0.085710
rs1437 0.155990 0.065930 0.000000
rf0016 -0.094540 0.052740 0.046150
rf0315 0.096650 0.026370 0.000000
rf0375 -0.022020 0.085710 0.032960
rs0053 0.076870 0.052750 0.000000
rs0109 -0.101130 0.026370 0.039560
rs0121 0.195540 0.026380 0.000000
rs0196 -0.094540 0.039560 0.039560
rs0244 -0.068170 0.019780 0.000000
rs1129 -0.074760 0.026370 0.032970
