rf0002 7.128230 0.187250 0.000000
rf0003 7.416300 0.122430 0.302470
rf0010 7.286670 0.122430 0.000000
rf0011 6.998600 0.187250 0.000000
rf0013 7.452310 0.057610 0.000000
rf0015 7.214650 0.158440 0.129630
rf0016 7.128230 0.151240 0.000000
rf0022 7.164240 0.086420 0.043210
rf0024 6.977000 0.187240 0.000000
rf0029 7.214650 0.158440 0.064810
rf0030 6.977000 0.295270 0.000000
rf0031 7.315480 0.122430 0.194450
rf0040 7.329880 0.158440 0.000000
rf0048 7.178650 0.151230 0.057620
rf0053 7.293870 0.129630 0.000000
rf0060 7.085020 0.136840 0.043210
rf0062 7.005810 0.165630 0.000000
rf0064 7.329880 0.129630 0.057610
rf0065 7.128230 0.129630 0.000000
rf0072 7.704370 0.187240 0.072020
rf0073 7.437910 0.187240 0.000000
rf0092 7.358690 0.187240 0.172840
rf0125 6.977000 0.396090 0.000000
rf0127 7.293870 0.057620 0.064810
rf0129 6.977000 0.208850 0.000000
rf0132 7.049020 0.115220 0.036010
rf0134 6.977000 0.388890 0.000000
rf0138 7.099430 0.072010 0.043210
rf0164 7.214650 0.187250 0.000000
rf0166 7.085020 0.093630 0.057610
rf0169 7.157040 0.151240 0.000000
rf0176 6.977000 0.554530 -0.050410
rf0180 6.984200 0.266460 0.000000
rf0190 7.113830 0.115230 0.057610
rf0201 7.315480 0.201640 0.000000
rf0204 7.358690 0.180040 0.057620
rf0205 6.977000 0.468110 0.000000
rf0223 6.977000 0.266460 -0.036010
rf0234 6.977000 0.309670 0.000000
rf0237 7.229060 0.165640 0.172840
rf0241 7.884410 0.223250 0.000000
rf0248 7.337080 0.079220 0.208850
rf0249 7.214650 0.158440 0.000000
rf0250 7.596340 0.172840 0.086420
rf0251 6.977000 0.216050 0.000000
rf0258 6.977000 0.288070 -0.028810
rf0263 7.092230 0.237650 0.000000
rf0267 7.005810 0.216050 0.000000
rf0271 6.977000 0.309670 0.000000
rf0283 7.171440 0.144040 0.129630
rf0284 7.329880 0.158440 0.000000
rf0287 7.041810 0.216050 0.021600
rf0292 6.977000 0.374490 0.000000
rf0295 7.099430 0.180040 0.064820
rf0298 7.013010 0.172840 0.000000
rf0306 7.142640 0.136830 0.050410
rf0309 7.013010 0.108020 0.000000
rf0315 6.977000 0.158440 -0.014400
rf0319 6.977000 0.280860 0.000000
rf0324 7.293870 0.036010 0.036010
rf0338 7.409100 0.187240 0.000000
rf0339 7.430700 0.115230 0.316870
rf0343 7.013010 0.252060 0.000000
rf0348 7.214650 0.165640 0.115220
rf0351 7.178650 0.151230 0.000000
rf0354 6.977000 0.532920 -0.043210
rf0358 7.466710 0.172840 0.000000
rf0363 7.560330 0.151240 0.079210
rf0364 6.977000 0.396090 0.000000
rf0366 7.250660 0.115230 0.079220
rf0372 7.437910 0.050410 0.000000
rf0375 7.157040 0.151240 0.093620
rf0377 7.027410 0.036010 0.000000
rf0383 6.977000 0.345680 -0.043210
rf0385 7.027410 0.172840 0.000000
rf0386 6.977000 0.388890 -0.050410
rf0388 7.243460 0.187240 0.000000
rf0396 6.977000 0.295270 -0.050410
rf0397 7.085020 0.122430 0.000000
rf0399 7.041810 0.122430 0.036000
rf0400 7.668360 0.187240 0.000000
rf0403 7.214650 0.237660 0.072010
rf0415 6.977000 0.223250 0.000000
rf0419 7.553130 0.165640 0.086420
rf0428 7.265070 0.180040 0.000000
rf0439 7.351490 0.151230 0.057620
rf0444 7.070620 0.288070 0.000000
rf0474 7.401900 0.151230 0.057620
rf0477 7.250660 0.100830 0.000000
rf0488 7.013010 0.280860 0.000000
rf0496 7.380290 0.172840 0.000000
rf0499 7.135440 0.129630 0.050420
rf0500 6.977000 0.496910 0.000000
rf0503 7.149840 0.100820 0.057610
rf0513 6.977000 0.367280 0.000000
rf0630 7.452310 0.158430 0.064820
rf0795 7.149840 0.244860 0.000000
rs0001 7.337080 0.194450 0.057610
rs0003 7.185850 0.223250 0.000000
rs0010 7.128230 0.136840 0.057610
rs0012 7.149840 0.266460 0.000000
rs0013 7.041810 0.187250 0.028800
rs0022 7.272270 0.086420 0.000000
rs0029 7.185850 0.151230 0.064820
rs0030 7.113830 0.237660 0.000000
rs0046 7.164240 0.165640 0.122430
rs0051 6.977000 0.259260 0.000000
rs0052 6.977000 0.374490 -0.036010
rs0053 7.099430 0.115220 0.000000
rs0054 7.128230 0.144040 0.050410
rs0062 7.257860 0.122430 0.000000
rs0087 7.027410 0.597740 -0.014400
rs0088 7.200250 0.158440 0.000000
rs0089 6.977000 0.302470 -0.036010
rs0090 7.337080 0.115230 0.000000
rs0092 7.113830 0.180040 0.050410
rs0093 7.229060 0.208850 0.000000
rs0094 7.013010 0.216050 0.007200
rs0095 7.344280 0.122430 0.000000
rs0096 7.229060 0.144030 0.180040
rs0097 7.380290 0.151240 0.000000
rs0098 6.977000 0.230450 -0.021600
rs0104 7.416300 0.100820 0.000000
rs0107 7.099430 0.144030 0.064820
rs0109 7.358690 0.115220 0.000000
rs0113 7.229060 0.144030 0.151240
rs0122 7.272270 0.172840 0.000000
rs0124 7.250660 0.093620 0.100820
rs0127 7.135440 0.244850 0.000000
rs0133 6.977000 0.244860 -0.028810
rs0134 6.977000 0.266460 0.000000
rs0136 6.977000 0.151230 -0.014400
rs0138 7.257860 0.144040 0.000000
rs0140 7.574740 0.136830 0.079220
rs0141 7.056220 0.136830 0.000000
rs0143 7.221860 0.144030 0.158440
rs0145 7.603540 0.072020 0.000000
rs0146 7.322680 0.208850 0.064820
rs0147 7.034610 0.165640 0.000000
rs0150 7.085020 0.129630 0.043210
rs0156 7.049020 0.302470 0.000000
rs0159 7.085020 0.158440 0.064810
rs0163 6.977000 0.324070 0.000000
rs0167 7.272270 0.136830 0.072020
rs0168 7.380290 0.172840 0.000000
rs0172 6.977000 0.172840 -0.014400
rs0175 7.121030 0.194450 0.000000
rs0181 7.351490 0.050410 0.050420
rs0183 7.171440 0.144040 0.000000
rs0196 6.991400 0.216050 -0.014410
rs0201 7.373090 0.208850 0.000000
rs0203 7.286670 0.151240 0.158440
rs0206 7.221860 0.151230 0.000000
rs0218 7.092230 0.151230 0.050420
rs0221 6.977000 0.331280 0.000000
rs0225 6.977000 0.360080 -0.036010
rs0226 7.250660 0.180040 0.000000
rs0231 7.113830 0.194450 0.050410
rs0237 7.005810 0.201640 0.000000
rs0240 7.553130 0.144030 0.331270
rs0242 6.977000 0.216050 0.000000
rs0243 7.466710 0.100820 0.331270
rs0244 6.977000 0.172840 0.000000
rs0247 7.445110 0.172840 0.057620
rs0256 7.257860 0.201650 0.000000
rs0259 7.135440 0.151230 0.086420
rs0261 7.214650 0.093630 0.000000
rs0262 7.279470 0.122430 0.064820
rs0264 7.387490 0.122430 0.000000
rs0266 7.121030 0.108030 0.064810
rs0267 6.977000 0.288070 0.000000
rs0268 6.977000 0.288070 -0.036010
rs0273 7.063420 0.144030 0.000000
rs0275 7.149840 0.151230 0.057610
rs0276 7.077820 0.208850 0.000000
rs0282 7.121030 0.187250 0.079220
rs0306 6.977000 0.388890 0.000000
rs0315 7.149840 0.129630 0.064820
rs0316 6.977000 0.309670 0.000000
rs0318 7.589140 0.165640 0.079220
rs0320 7.193050 0.129630 0.000000
rs0323 7.020210 0.151230 0.014400
rs0334 6.998600 0.237660 0.000000
rs0337 7.041810 0.252060 0.014400
rs0339 7.358690 0.165640 0.000000
rs0341 7.178650 0.151230 0.057620
rs0344 7.301070 0.180050 0.000000
rs0345 7.272270 0.129630 0.072020
rs0349 7.401900 0.151230 0.000000
rs0350 7.653950 0.072020 0.388880
rs0351 7.092230 0.216050 0.000000
rs0354 7.365890 0.223250 0.064820
rs0358 6.977000 0.244860 0.000000
rs0373 7.221860 0.237650 0.086420
rs0386 7.337080 0.280870 0.000000
rs0391 6.977000 0.194440 -0.014400
rs0392 7.646750 0.216050 0.000000
rs0393 7.063420 0.129630 0.036010
rs0406 7.113830 0.079220 0.000000
rs0416 7.265070 0.115220 0.072020
rs0419 7.049020 0.439300 0.000000
rs0421 7.337080 0.144040 0.064810
rs0424 7.315480 0.187240 0.000000
rs0425 6.977000 0.223250 -0.021600
rs0429 7.207450 0.144040 0.000000
rs0430 7.178650 0.136830 0.050420
rs0432 8.201280 0.230450 0.000000
rs0437 7.481120 0.244850 0.079220
rs0440 7.164240 0.108030 0.000000
rs0444 7.185850 0.144030 0.050410
rs0452 6.998600 0.453710 0.000000
rs0460 7.250660 0.129630 0.079220
rs0463 8.136470 0.043200 0.000000
rs0468 7.027410 0.381690 0.000000
rs0472 7.322680 0.108020 0.000000
rs0473 7.365890 0.180040 0.057610
rs0477 7.697160 0.288070 0.000000
rs0485 7.279470 0.115230 0.072020
rs0493 7.221860 0.187240 0.000000
rs0495 7.106630 0.144030 0.043210
rs0503 7.092230 0.136830 0.000000
rs0505 7.164240 0.223250 0.115220
rs0508 7.092230 0.151230 0.000000
rs0516 7.279470 0.223250 0.057610
rs0517 7.365890 0.172840 0.000000
rs0519 7.049020 0.302470 0.014410
rs0520 7.121030 0.136830 0.000000
rs0528 7.185850 0.151230 0.115230
rs0532 7.063420 0.280860 0.000000
rs0536 7.272270 0.165640 0.064820
rs0538 6.977000 0.223250 0.000000
rs0541 7.567530 0.115230 0.237650
rs0549 7.099430 0.151230 0.000000
rs0554 7.193050 0.194440 0.122430
rs0555 6.977000 0.244860 0.000000
rs0556 7.956420 0.237660 0.093620
rs0560 6.977000 0.216050 0.000000
rs0571 7.265070 0.122420 0.072020
rs0573 7.200250 0.151240 0.000000
rs0574 7.617950 0.100820 0.266460
rs0582 6.977000 0.208850 0.000000
rs0586 7.301070 0.136840 0.057610
rs0591 7.063420 0.216050 0.000000
rs0612 7.056220 0.057610 0.043210
rs0650 7.344280 0.093630 0.000000
rs0656 7.099430 0.144030 0.057620
rs0660 7.207450 0.172840 0.000000
rs0672 7.308280 0.136830 0.136840
rs0679 6.977000 0.453700 0.000000
rs0724 7.164240 0.158440 0.129630
rs0731 7.049020 0.266460 0.000000
rs0741 6.977000 0.331280 -0.043210
rs0745 7.113830 0.158440 0.000000
rs0751 7.272270 0.172840 0.144040
rs0763 6.977000 0.273660 0.000000
rs0768 6.977000 0.208850 -0.021600
rs0775 7.106630 0.122430 0.000000
rs0779 7.207450 0.165640 0.158430
rs0781 7.207450 0.122430 0.000000
rs0788 7.207450 0.158440 0.064810
rs0797 7.250660 0.144040 0.000000
rs0798 7.128230 0.100830 0.072010
rs0804 7.581940 0.165640 0.000000
rs0805 7.632350 0.158440 0.072020
rs0806 6.977000 0.237650 0.000000
rs0808 7.106630 0.050410 0.036010
rs0809 7.365890 0.180040 0.000000
rs0812 7.567530 0.115230 0.237650
rs0815 7.149840 0.129630 0.000000
rs0823 7.322680 0.144030 0.172840
rs0833 7.661160 0.079210 0.000000
rs0839 7.142640 0.187240 0.100830
rs0842 7.315480 0.115220 0.000000
rs0847 6.977000 0.468110 -0.064810
rs0868 6.977000 0.223250 0.000000
rs0869 7.301070 0.216050 0.064810
rs0871 7.106630 0.345680 0.000000
rs0896 7.315480 0.072010 0.151240
rs0906 7.301070 0.129630 0.000000
rs0909 7.005810 0.158430 0.007210
rs0916 7.135440 0.158430 0.000000
rs0932 7.193050 0.158440 0.057610
rs0933 7.171440 0.129630 0.000000
rs0944 7.085020 0.158440 0.043210
rs0950 7.301070 0.295270 0.000000
rs0957 7.452310 0.187240 0.057610
rs0958 6.977000 0.396090 0.000000
rs0959 7.157040 0.129630 0.057610
rs0960 7.193050 0.144030 0.000000
rs0967 6.991400 0.208850 -0.007200
rs0970 6.977000 0.316870 0.000000
rs0974 7.157040 0.187240 0.108020
rs0978 7.200250 0.115230 0.000000
rs0981 7.257860 0.115230 0.072010
rs0983 7.351490 0.187240 0.000000
rs0984 7.113830 0.194450 0.050410
rs0985 7.214650 0.194450 0.000000
rs0991 6.977000 0.316870 -0.043210
rs0995 6.977000 0.252060 0.000000
rs0997 6.977000 0.216050 -0.021600
rs1004 7.257860 0.136840 0.000000
rs1014 7.517120 0.158440 0.079210
rs1016 7.279470 0.158440 0.000000
rs1021 7.099430 0.122430 0.050410
rs1023 7.250660 0.100830 0.000000
rs1025 7.121030 0.086420 0.057610
rs1029 7.049020 0.144030 0.000000
rs1030 7.149840 0.115230 0.050410
rs1035 7.430700 0.208850 0.000000
rs1036 7.286670 0.072020 0.093620
rs1038 7.070620 0.079220 0.000000
rs1046 6.977000 0.266460 -0.028810
rs1047 7.070620 0.122430 0.000000
rs1050 7.149840 0.129630 0.050410
rs1052 7.005810 0.223250 0.000000
rs1055 7.142640 0.144030 0.050410
rs1060 7.632350 0.158440 0.000000
rs1062 7.329880 0.136830 0.216050
rs1072 7.013010 0.180040 0.000000
rs1074 7.265070 0.158430 0.072020
rs1075 7.279470 0.122430 0.000000
rs1081 7.128230 0.165640 0.057610
rs1082 7.229060 0.151230 0.000000
rs1084 6.991400 0.180040 -0.007200
rs1091 7.589140 0.079220 0.000000
rs1098 7.164240 0.151240 0.057610
rs1100 7.013010 0.396090 0.000000
rs1102 7.229060 0.194440 0.115230
rs1103 7.639550 0.295270 0.000000
rs1105 7.121030 0.129630 0.057610
rs1106 6.977000 0.108020 0.000000
rs1109 7.308280 0.187240 0.208850
rs1110 6.977000 0.259260 0.000000
rs1111 7.272270 0.028800 0.036010
rs1112 7.322680 0.086420 0.000000
rs1116 7.106630 0.079220 0.057610
rs1117 7.128230 0.151240 0.000000
rs1118 7.020210 0.244860 0.000000
rs1121 7.272270 0.144030 0.000000
rs1126 7.185850 0.158430 0.057620
rs1129 7.301070 0.079220 0.000000
rs1131 7.236260 0.158440 0.136830
rs1137 7.049020 0.266460 0.000000
rs1143 7.128230 0.115230 0.050410
rs1150 7.286670 0.072020 0.000000
rs1152 7.085020 0.158440 0.057610
rs1154 7.013010 0.280860 0.000000
rs1159 7.171440 0.144040 0.057610
rs1163 7.243460 0.360080 0.000000
rs1168 7.142640 0.108020 0.100830
rs1169 6.977000 0.223250 0.000000
rs1178 6.984200 0.273660 -0.021610
rs1179 7.142640 0.230450 0.000000
rs1182 6.977000 0.194440 -0.014400
rs1185 6.977000 0.518520 0.000000
rs1188 7.365890 0.151230 0.064820
rs1191 6.984200 0.338480 0.000000
rs1195 7.013010 0.201640 0.007200
rs1197 7.034610 0.144040 0.000000
rs1198 7.257860 0.273670 0.057610
rs1200 7.250660 0.122430 0.000000
rs1209 7.236260 0.302470 0.050410
rs1212 6.984200 0.165640 0.000000
rs1214 7.401900 0.028800 0.028810
rs1220 6.977000 0.396090 0.000000
rs1248 6.977000 0.230450 -0.021600
rs1258 6.977000 0.309670 0.000000
rs1259 7.459510 0.216050 0.072020
rs1264 7.301070 0.136840 0.000000
rs1266 7.272270 0.468100 0.028810
rs1267 7.243460 0.223250 0.000000
rs1270 7.265070 0.309670 0.050420
rs1276 7.257860 0.122430 0.000000
rs1284 7.459510 0.165640 0.064810
rs1290 7.387490 0.180040 0.000000
rs1291 7.149840 0.158440 0.057610
rs1293 6.977000 0.266460 0.000000
rs1296 7.445110 0.158430 0.057620
rs1297 7.308280 0.158430 0.000000
rs1337 6.977000 0.208850 -0.014400
rs1359 7.315480 0.144030 0.000000
rs1437 7.221860 0.136830 0.144040
