rf0001 7.795200 0.428540 0.000000
rf0003 8.922580 0.006590 0.184590
rf0006 8.454490 0.092300 0.000000
rf0007 8.672050 0.118670 0.283490
rf0008 9.061030 -0.039560 0.000000
rf0010 8.118250 0.164820 0.421940
rf0011 8.461080 0.125270 0.000000
rf0014 8.236930 0.191190 0.210970
rf0015 8.935770 0.065920 0.000000
rf0017 8.236930 0.191190 0.290080
rf0019 8.236930 0.316450 0.000000
rf0020 8.500640 0.171410 0.402160
rf0023 8.236930 0.151630 0.000000
rf0024 8.711610 0.079110 0.342830
rf0028 8.236930 0.296670 0.000000
rf0029 8.276480 0.158230 0.540620
rf0030 8.724800 0.079110 0.000000
rf0031 8.935770 0.032960 0.243940
rf0032 8.302850 0.171420 0.000000
rf0033 8.236930 0.105480 0.362610
rf0034 8.144630 0.184590 0.000000
rf0040 8.935770 0.032960 0.402170
rf0042 8.342410 0.158230 0.000000
rf0043 8.935770 0.039550 0.336240
rf0045 8.118250 0.184600 0.000000
rf0048 8.236930 0.112070 0.487880
rf0049 8.236930 0.184590 0.000000
rf0051 8.065510 0.224160 0.369200
rf0053 8.118250 0.158230 0.000000
rf0058 8.454490 0.131860 0.395580
rf0059 8.012770 0.171410 0.000000
rf0060 8.236930 0.184590 0.276900
rf0061 8.236930 0.171410 0.000000
rf0062 8.566570 0.085700 0.303280
rf0064 7.986400 0.217560 0.000000
rf0065 8.065510 0.230750 0.230750
rf0068 8.236930 0.217560 0.000000
rf0071 8.935770 0.032960 0.329640
rf0072 7.907280 0.210970 0.000000
rf0073 8.349000 0.092300 0.547210
rf0074 8.632500 0.145040 0.000000
rf0076 8.236930 0.171410 0.461500
rf0077 8.434710 0.112080 0.000000
rf0079 8.236930 0.257120 0.257120
rf0083 8.236930 0.184590 0.000000
rf0084 8.606120 0.112080 0.257120
rf0092 8.935770 0.079110 0.000000
rf0098 8.896210 0.019780 0.243940
rf0099 8.236930 0.243930 0.000000
rf0102 8.236930 0.349420 0.408750
rf0104 8.058920 0.237340 0.000000
rf0106 7.854540 0.290090 0.487880
rf0107 8.085290 0.204380 0.000000
rf0108 8.058920 0.210970 0.441730
rf0109 8.606120 0.118680 0.000000
rf0110 7.762240 0.507650 0.402160
rf0111 8.599530 0.105490 0.000000
rf0117 7.676530 0.362610 0.388970
rf0118 8.236930 0.270300 0.000000
rf0119 8.236930 0.204370 0.369200
rf0120 7.458970 0.777960 0.000000
rf0122 7.755650 0.501050 0.382390
rf0125 8.876430 0.039560 0.000000
rf0126 9.034660 -0.019780 0.454910
rf0128 8.236930 0.217560 0.000000
rf0129 8.520420 0.118670 0.468100
rf0132 8.500640 0.098890 0.000000
rf0134 8.764350 0.098890 0.224160
rf0141 7.762240 0.613130 0.000000
rf0143 8.461080 0.112080 0.349420
rf0145 8.507230 0.138450 0.000000
rf0147 8.764350 0.131860 0.402160
rf0150 8.935770 0.026370 0.000000
rf0154 8.454490 0.138450 0.514250
rf0155 8.454490 0.164820 0.000000
rf0156 8.935770 -0.006600 0.210970
rf0157 8.236930 0.151630 0.000000
rf0160 8.757760 0.092300 0.296670
rf0164 8.935770 0.032960 0.000000
rf0165 8.935770 -0.013190 0.237340
rf0167 8.935770 0.059330 0.000000
rf0169 8.236930 0.105480 0.230750
rf0170 8.790720 0.105490 0.000000
rf0171 9.061030 -0.112080 0.454910
rf0172 8.606120 0.138450 0.000000
rf0173 8.935770 0.013180 0.329640
rf0175 8.461080 0.164820 0.000000
rf0176 8.863240 0.039560 0.402170
rf0177 8.236930 0.138440 0.000000
rf0179 8.236930 0.125260 0.507650
rf0180 8.612720 0.118670 0.000000
rf0181 8.342410 0.158230 0.421940
rf0191 8.902800 0.019780 0.000000
rf0192 7.762240 0.441720 0.184600
rf0193 8.869840 0.046150 0.000000
rf0195 8.803910 0.092300 0.375790
rf0197 8.118250 0.184600 0.000000
rf0199 8.606120 0.105490 0.342830
rf0201 8.243520 0.191190 0.000000
rf0204 8.236930 0.138440 0.369200
rf0205 8.935770 0.006590 0.000000
rf0206 8.711610 0.112080 0.395570
rf0207 8.236930 0.151630 0.000000
rf0209 9.054440 -0.032970 0.257120
rf0210 8.052330 0.138450 0.000000
rf0216 8.935770 0.019770 0.402160
rf0217 8.935770 0.019770 0.000000
rf0218 8.250110 0.283490 0.395570
rf0223 8.935770 0.000000 0.000000
rf0226 8.724800 0.059330 0.296670
rf0227 8.461080 0.164820 0.000000
rf0229 8.935770 -0.006600 0.158230
rf0234 8.863240 0.039560 0.000000
rf0236 8.065510 0.237340 0.303270
rf0237 8.830280 0.079110 0.000000
rf0238 8.058920 0.210970 0.112070
rf0241 8.032550 0.164820 0.000000
rf0242 8.625900 0.085710 0.553800
rf0245 8.718200 0.092300 0.000000
rf0246 8.124850 0.138450 0.501060
rf0247 8.236930 0.210970 0.000000
rf0249 8.935770 0.072520 -0.092300
rf0250 8.164400 0.125270 0.000000
rf0251 8.606120 0.105490 0.158230
rf0252 8.283070 0.237350 0.000000
rf0256 8.784130 0.105490 0.276900
rf0257 8.236930 0.125260 0.000000
rf0258 8.672050 0.092300 0.309860
rf0259 8.217150 0.151630 0.000000
rf0262 7.636980 0.646090 0.415350
rf0263 8.461080 0.178010 0.000000
rf0264 8.764350 0.125270 0.428540
rf0265 8.236930 0.138440 0.000000
rf0266 8.236930 0.105480 0.217570
rf0267 8.527010 0.118670 0.000000
rf0268 8.236930 0.230740 0.296680
rf0269 8.236930 0.217560 0.000000
rf0272 8.111660 0.151640 0.131860
rf0273 8.058920 0.270300 0.000000
rf0280 7.992990 0.204380 0.375790
rf0283 8.935770 0.019770 0.000000
rf0284 8.164400 0.145050 0.250530
rf0292 8.909390 0.019780 0.000000
rf0294 8.935770 0.039550 0.191190
rf0296 8.236930 0.191190 0.000000
rf0297 8.494050 0.164820 0.283500
rf0298 8.454490 0.072520 0.000000
rf0299 8.236930 0.178000 0.270310
rf0300 8.263300 0.204370 0.000000
rf0302 8.764350 0.131860 0.428540
rf0303 8.454490 0.092300 0.000000
rf0305 8.236930 0.171410 0.336240
rf0306 7.861130 0.375800 0.000000
rf0314 8.421520 0.184600 0.336240
rf0316 8.744570 0.072520 0.000000
rf0318 8.052330 0.171410 0.494460
rf0320 7.999580 0.210970 0.000000
rf0322 8.454490 0.105480 0.316460
rf0323 8.559970 0.118680 0.000000
rf0326 8.236930 0.125260 0.560400
rf0328 8.639090 0.105480 0.000000
rf0331 8.085290 0.191190 0.303270
rf0332 8.236930 0.118670 0.000000
rf0333 8.764350 0.112080 0.514250
rf0335 8.058920 0.257120 0.000000
rf0338 7.584230 0.395570 0.171410
rf0339 8.876430 0.039560 0.000000
rf0340 8.236930 0.118670 0.461500
rf0341 8.830280 0.092300 0.000000
rf0342 8.236930 0.145040 0.494460
rf0343 8.724800 0.079110 0.000000
rf0348 9.047840 -0.019770 0.402170
rf0351 8.250110 0.197790 0.000000
rf0354 8.764350 0.112080 0.454900
rf0358 8.177590 0.118670 0.000000
rf0360 8.236930 0.237340 0.323040
rf0363 8.091880 0.145050 0.000000
rf0364 8.757760 0.085710 0.435130
rf0365 8.269890 0.145040 0.000000
rf0366 8.236930 0.112070 0.461500
rf0367 7.458970 0.560390 0.000000
rf0368 8.210550 0.118670 0.342830
rf0370 8.236930 0.131850 0.000000
rf0374 8.236930 0.217560 0.336230
rf0376 8.111660 0.151640 0.000000
rf0378 8.757760 0.092300 0.362600
rf0381 8.447900 0.118670 0.000000
rf0383 8.935770 0.000000 0.158230
rf0385 8.434710 0.079110 0.000000
rf0386 8.830280 0.065930 0.296680
rf0387 8.705020 0.085700 0.000000
rf0388 8.935770 0.065920 0.329640
rf0391 8.236930 0.138440 0.000000
rf0392 8.131440 0.158230 0.441720
rf0393 7.880910 0.204380 0.000000
rf0395 8.935770 0.046150 0.685650
rf0396 8.790720 0.092300 0.000000
rf0398 8.764350 0.112080 0.257120
rf0399 8.395150 0.085710 0.000000
rf0400 9.061030 -0.026370 0.323050
rf0401 7.755650 0.428530 0.000000
rf0403 8.461080 0.138450 0.336240
rf0412 8.461080 0.178010 0.000000
rf0413 8.606120 0.092300 0.204380
rf0415 8.606120 0.085710 0.000000
rf0417 8.935770 0.032960 0.461500
rf0418 8.375370 0.158230 0.000000
rf0419 8.058920 0.164820 0.388980
rf0425 8.652270 0.118680 0.000000
rf0426 7.458970 0.791140 0.428540
rf0427 8.757760 0.072520 0.000000
rf0428 8.250110 0.197790 0.382390
rf0430 8.236930 0.164820 0.000000
rf0431 7.986400 0.230750 0.290090
rf0432 8.210550 0.138450 0.000000
rf0433 8.461080 0.224160 0.349420
rf0434 8.236930 0.197780 0.000000
rf0436 8.236930 0.171410 0.356020
rf0439 7.617200 0.507650 0.000000
rf0441 7.847950 0.323050 0.540620
rf0443 7.755650 0.428530 0.000000
rf0448 8.454490 0.072520 0.388980
rf0450 8.757760 0.112080 0.000000
rf0452 8.289670 0.217560 0.375800
rf0453 8.236930 0.210970 0.000000
rf0454 8.171000 0.158220 0.362600
rf0455 8.935770 0.039550 0.000000
rf0456 8.236930 0.217560 0.428530
rf0459 7.913880 0.250520 0.000000
rf0460 8.850060 0.059330 0.210970
rf0461 8.395150 0.131860 0.000000
rf0462 8.236930 0.145040 0.441720
rf0463 8.856650 0.059340 0.000000
rf0464 8.157810 0.131860 0.349420
rf0465 8.256700 0.250530 0.000000
rf0466 8.599530 0.098890 0.164820
rf0467 8.236930 0.178000 0.000000
rf0471 8.454490 0.118670 0.474680
rf0473 8.718200 0.079120 0.000000
rf0474 8.065510 0.164820 0.356020
rf0476 8.236930 0.138440 0.000000
rf0477 8.098480 0.164820 0.270310
rf0478 8.461080 0.217570 0.000000
rf0479 8.065510 0.217560 0.184600
rf0480 8.236930 0.191190 0.000000
rf0482 8.072100 0.191200 0.329640
rf0485 8.230330 0.112080 0.000000
rf0487 8.236930 0.151630 0.362600
rf0488 8.606120 0.112080 0.000000
rf0496 8.012770 0.204380 0.276890
rf0497 8.236930 0.197780 0.000000
rf0498 7.762240 0.553800 0.210970
rf0499 8.236930 0.112070 0.000000
rf0500 8.909390 0.013190 0.547210
rf0503 8.184180 0.125270 0.000000
rf0505 8.236930 0.197780 0.296680
rf0507 8.599530 0.098890 0.000000
rf0510 8.902800 0.026370 0.520840
rf0511 8.151220 0.184600 0.000000
rf0513 8.915990 0.013180 0.039560
rf0518 8.019360 0.210970 0.000000
rf0524 8.236930 0.164820 0.250530
rf0545 8.461080 0.085710 0.000000
rf0583 7.458970 0.837290 0.237340
rf0591 8.461080 0.191190 0.000000
rf0607 7.768830 0.382390 0.362610
rf0622 8.058920 0.224150 0.000000
rf0630 7.960030 0.217560 0.349430
rf0632 8.236930 0.296670 0.000000
rf0642 7.966620 0.197780 0.369200
rf0644 8.362190 0.217560 0.000000
rf0663 7.788610 0.362610 0.501060
rf0684 8.935770 0.013180 0.000000
rf0693 8.012770 0.230750 0.428540
rf0695 8.111660 0.184600 0.000000
rf0701 8.236930 0.237340 0.388980
rf0707 8.606120 0.112080 0.000000
rf0713 8.236930 0.230740 0.428540
rf0730 8.718200 0.072520 0.000000
rf0739 8.236930 0.131850 0.362610
rf0745 8.118250 0.164820 0.000000
rf0783 7.458970 0.679060 0.283500
rf0795 8.461080 0.158230 0.000000
rs0001 8.283070 0.151640 0.408750
rs0002 8.461080 0.138450 0.000000
rs0003 8.461080 0.125270 0.303270
rs0010 8.131440 0.151630 0.000000
rs0011 8.236930 0.145040 0.362610
rs0012 8.461080 0.164820 0.000000
rs0013 8.461080 0.138450 0.494470
rs0017 8.777540 0.118670 0.000000
rs0019 8.935770 0.000000 0.197790
rs0020 7.755650 0.428530 0.000000
rs0023 8.935770 0.000000 0.527430
rs0030 8.513820 0.131860 0.000000
rs0035 8.111660 0.151640 0.474690
rs0038 8.757760 0.072520 0.000000
rs0039 8.045730 0.184600 0.336240
rs0041 8.375370 0.131860 0.000000
rs0042 8.757760 0.072520 0.178000
rs0045 8.461080 0.178010 0.000000
rs0046 8.935770 0.006590 0.547210
rs0047 7.762240 0.580170 0.000000
rs0048 8.856650 0.052740 0.468100
rs0050 8.823690 0.079110 0.000000
rs0051 8.731390 0.079110 0.243930
rs0052 8.731390 0.072520 0.000000
rs0054 8.236930 0.145040 0.362600
rs0062 8.217150 0.112070 0.000000
rs0063 8.045730 0.191200 0.316450
rs0064 8.770950 0.118670 0.000000
rs0065 8.236930 0.131850 0.402170
rs0068 8.236930 0.250520 0.000000
rs0070 8.058920 0.204380 0.369200
rs0077 9.034660 -0.019780 0.000000
rs0081 8.065510 0.230750 0.619730
rs0082 8.236930 0.184590 0.000000
rs0083 8.236930 0.171410 0.316450
rs0084 8.461080 0.138450 0.000000
rs0085 8.461080 0.151640 0.507650
rs0087 8.751170 0.085700 0.000000
rs0088 8.236930 0.197780 0.323050
rs0089 8.922580 0.006590 0.000000
rs0090 7.966620 0.204380 0.408760
rs0092 8.454490 0.085710 0.000000
rs0093 8.935770 0.032960 0.336240
rs0094 8.546790 0.112080 0.000000
rs0095 7.458970 0.586760 0.323050
rs0096 8.902800 0.026370 0.000000
rs0097 8.171000 0.131850 0.415350
rs0098 8.718200 0.065930 0.000000
rs0099 8.236930 0.402160 0.039550
rs0103 8.744570 0.092300 0.000000
rs0104 8.909390 0.013190 0.243930
rs0105 7.643570 0.501060 0.000000
rs0106 8.236930 0.145040 0.487880
rs0111 7.755650 0.428530 0.000000
rs0113 8.935770 0.032960 0.204380
rs0118 8.454490 0.125260 0.000000
rs0120 8.599530 0.098890 0.428540
rs0121 8.929170 0.000000 0.000000
rs0122 8.236930 0.171410 0.210980
rs0123 8.922580 0.013190 0.000000
rs0124 7.458970 0.619730 0.309860
rs0126 8.698420 0.098900 0.000000
rs0127 8.480860 0.151640 0.283490
rs0128 8.843470 0.065920 0.000000
rs0129 9.041250 -0.019780 0.263710
rs0130 8.190780 0.138440 0.000000
rs0132 8.236930 0.309860 0.356010
rs0133 8.863240 0.046150 0.000000
rs0134 8.843470 0.059330 0.421950
rs0135 8.606120 0.131860 0.000000
rs0137 8.461080 0.092300 0.356010
rs0138 8.230330 0.105490 0.000000
rs0140 7.801800 0.276900 0.309860
rs0141 8.236930 0.197780 0.000000
rs0143 8.935770 0.019770 0.303270
rs0145 8.764350 0.125270 0.000000
rs0146 8.342410 0.131860 0.388980
rs0147 8.461080 0.098890 0.000000
rs0148 8.935770 0.039550 -0.085710
rs0149 8.461080 0.171420 0.000000
rs0150 7.762240 0.468090 0.448310
rs0153 8.672050 0.158230 0.000000
rs0154 8.236930 0.263710 0.421950
rs0156 8.606120 0.118680 0.000000
rs0158 8.236930 0.323040 0.527430
rs0163 8.757760 0.072520 0.000000
rs0165 8.441300 0.098900 0.323050
rs0166 8.645680 0.098890 0.000000
rs0167 8.236930 0.131850 0.342830
rs0168 8.144630 0.145040 0.000000
rs0170 8.236930 0.178000 0.342830
rs0171 8.283070 0.230750 0.000000
rs0172 8.461080 0.098890 0.408760
rs0174 8.236930 0.118670 0.000000
rs0175 8.540200 0.098890 0.448310
rs0178 8.236930 0.105480 0.000000
rs0179 8.461080 0.178010 0.283490
rs0180 8.454490 0.112080 0.000000
rs0182 8.757760 0.105480 0.454910
rs0183 8.896210 0.032960 0.000000
rs0184 8.236930 0.178000 0.270310
rs0185 8.599530 0.158230 0.000000
rs0188 8.935770 0.019770 0.560400
rs0189 8.817090 0.085710 0.000000
rs0192 8.157810 0.178010 0.395570
rs0193 8.751170 0.072520 0.000000
rs0195 8.915990 0.006590 0.290080
rs0200 7.709500 0.197780 0.000000
rs0201 9.054440 -0.019780 0.250530
rs0203 8.935770 0.072520 0.000000
rs0206 8.935770 0.032960 0.178000
rs0209 8.757760 0.105480 0.000000
rs0210 8.236930 0.217560 0.224150
rs0211 8.935770 0.072520 0.000000
rs0212 8.236930 0.283490 0.388970
rs0215 8.058920 0.210970 0.000000
rs0218 8.236930 0.197780 0.290080
rs0220 8.138030 0.145040 0.000000
rs0221 8.764350 0.105490 0.164820
rs0224 8.757760 0.085710 0.000000
rs0225 8.764350 0.112080 0.210970
rs0226 8.349000 0.138450 0.000000
rs0227 8.935770 0.006590 0.283490
rs0228 8.236930 0.151630 0.000000
rs0231 8.454490 0.105480 0.421940
rs0236 8.236930 0.184590 0.000000
rs0237 8.935770 0.019770 0.303270
rs0240 9.061030 -0.019780 0.000000
rs0241 8.454490 0.105480 0.224160
rs0242 8.606120 0.072530 0.000000
rs0243 8.770950 0.118670 0.329640
rs0246 8.236930 0.131850 0.000000
rs0247 7.992990 0.191190 0.362610
rs0250 8.915990 0.013180 0.000000
rs0251 8.236930 0.224150 0.356010
rs0255 8.408340 0.131860 0.000000
rs0256 8.388560 0.118670 -0.112080
rs0257 8.236930 0.191190 0.000000
rs0259 8.606120 0.085710 0.382390
rs0260 8.935770 0.052740 0.000000
rs0262 8.230330 0.105490 0.263710
rs0263 8.777540 0.118670 0.000000
rs0264 7.828170 0.290080 0.362610
rs0267 8.777540 0.098890 0.000000
rs0268 8.777540 0.098890 0.356020
rs0269 8.421520 0.138450 0.000000
rs0270 8.764350 0.138450 0.527420
rs0273 8.236930 0.191190 0.000000
rs0274 8.421520 0.112080 0.441720
rs0275 8.243520 0.197780 0.000000
rs0276 8.461080 0.138450 0.283500
rs0277 8.131440 0.178010 0.000000
rs0280 8.889620 0.032960 0.507650
rs0282 8.685240 0.085710 0.000000
rs0283 8.236930 0.171410 0.046150
rs0284 8.250110 0.164820 0.000000
rs0288 8.935770 0.032960 0.243940
rs0289 8.461080 0.131860 0.000000
rs0290 8.236930 0.224150 0.164820
rs0297 8.171000 0.145040 0.000000
rs0303 8.236930 0.197780 0.487870
rs0306 8.757760 0.098890 0.000000
rs0308 8.935770 0.013180 0.204380
rs0313 8.935770 0.013180 0.000000
rs0314 8.672050 0.098900 0.388980
rs0316 8.790720 0.092300 0.000000
rs0318 7.960030 0.197780 0.454910
rs0320 8.757760 0.098890 0.000000
rs0323 8.428120 0.079110 0.474690
rs0325 7.458970 0.474680 0.000000
rs0328 8.454490 0.059330 0.296680
rs0330 8.461080 0.217570 0.000000
rs0331 8.461080 0.112080 0.421950
rs0334 8.606120 0.085710 0.000000
rs0336 8.579750 0.105490 0.303270
rs0337 8.599530 0.085710 0.000000
rs0339 8.935770 0.046150 0.243940
rs0340 8.599530 0.098890 0.000000
rs0341 8.236930 0.158220 0.270300
rs0343 8.395150 0.151640 0.000000
rs0344 8.243520 0.184600 0.540620
rs0345 7.683130 0.474680 0.000000
rs0349 7.887500 0.283500 0.250530
rs0350 8.606120 0.098900 0.000000
rs0354 8.236930 0.184590 0.349420
rs0358 8.744570 0.059340 0.000000
rs0363 8.236930 0.184590 0.276900
rs0364 7.735870 0.441720 0.000000
rs0365 8.236930 0.145040 0.375790
rs0367 8.157810 0.145040 0.000000
rs0371 8.784130 0.105490 0.487880
rs0372 8.236930 0.197780 0.000000
rs0373 8.533600 0.105490 0.481280
rs0374 8.236930 0.204370 0.000000
rs0376 8.606120 0.158230 0.487870
rs0377 8.711610 0.059340 0.000000
rs0380 8.461080 0.131860 0.369200
rs0384 8.322630 0.178010 0.000000
rs0386 8.368780 0.131860 0.507650
rs0389 8.236930 0.145040 0.000000
rs0391 8.744570 0.052750 0.395570
rs0392 8.269890 0.112080 0.000000
rs0393 8.236930 0.151630 0.593350
rs0394 7.979800 0.191200 0.000000
rs0401 8.764350 0.112080 0.388980
rs0408 8.454490 0.112080 0.000000
rs0409 8.744570 0.072520 0.586770
rs0410 8.098480 0.217560 0.000000
rs0411 8.236930 0.125260 0.375790
rs0416 7.834760 0.369200 0.000000
rs0417 7.458970 0.448310 0.474680
rs0418 8.151220 0.151630 0.000000
rs0419 8.658870 0.118670 0.487880
rs0420 8.744570 0.079120 0.000000
rs0421 7.729280 0.369200 0.290080
rs0422 8.012770 0.204380 0.000000
rs0423 8.236930 0.237340 0.375790
rs0424 8.250110 0.171410 0.000000
rs0425 8.586350 0.085700 0.501060
rs0427 8.236930 0.138440 0.000000
rs0428 8.461080 0.164820 0.151630
rs0429 8.105070 0.178000 0.000000
rs0430 7.762240 0.435130 0.468100
rs0432 7.966620 0.158230 0.000000
rs0433 8.757760 0.065930 0.342820
rs0435 8.236930 0.303270 0.000000
rs0437 8.362190 0.098890 0.349420
rs0442 8.236930 0.158220 0.000000
rs0444 8.236930 0.125260 0.481280
rs0449 8.751170 0.079110 0.000000
rs0452 8.757760 0.079110 0.481280
rs0453 9.028070 0.000000 0.000000
rs0454 8.243520 0.276900 0.243930
rs0456 8.454490 0.105480 0.000000
rs0458 8.902800 0.006590 0.461500
rs0460 8.236930 0.105480 0.000000
rs0463 8.566570 0.105480 0.336240
rs0467 8.236930 0.178000 0.000000
rs0468 8.698420 0.079120 0.402160
rs0469 8.065510 0.184600 0.000000
rs0470 7.762240 0.540610 0.586770
rs0472 7.650160 0.428540 0.000000
rs0473 8.118250 0.171420 0.810920
rs0476 8.764350 0.131860 0.000000
rs0477 8.289670 0.112080 -0.125260
rs0480 8.236930 0.276890 0.000000
rs0485 8.098480 0.171410 0.402160
rs0492 7.458970 0.679060 0.000000
rs0493 8.342410 0.171410 0.178000
rs0494 8.685240 0.125260 0.000000
rs0495 8.236930 0.112070 0.415350
rs0496 8.724800 0.072520 0.000000
rs0505 8.935770 0.039550 0.336240
rs0508 8.236930 0.158220 0.000000
rs0512 8.718200 0.072520 0.520840
rs0516 8.381970 0.125260 0.000000
rs0517 9.034660 -0.019780 0.342830
rs0519 8.606120 0.105490 0.000000
rs0520 8.236930 0.184590 0.408760
rs0521 8.487450 0.158230 0.000000
rs0522 8.678650 0.098890 0.191190
rs0524 8.461080 0.204380 0.000000
rs0526 8.401750 0.112070 0.356020
rs0528 8.935770 0.072520 0.000000
rs0529 8.388560 0.105490 0.375790
rs0531 9.061030 -0.032960 0.000000
rs0532 8.606120 0.098900 0.428530
rs0534 8.461080 0.164820 0.000000
rs0536 8.250110 0.178010 0.566990
rs0538 8.592940 0.079110 0.000000
rs0541 8.935770 0.032960 0.375790
rs0542 8.461080 0.323050 0.000000
rs0543 8.454490 0.151630 0.527430
rs0545 7.458970 0.619730 0.000000
rs0546 8.197370 0.151630 0.435130
rs0548 8.263300 0.224150 0.000000
rs0549 8.408340 0.098890 0.573580
rs0553 8.236930 0.184590 0.000000
rs0554 8.935770 0.046150 0.395570
rs0555 8.711610 0.072520 0.000000
rs0556 7.933650 0.204380 -0.098890
rs0559 8.408340 0.118670 0.000000
rs0560 8.757760 0.072520 0.270300
rs0562 8.606120 0.079120 0.000000
rs0564 8.203960 0.138450 0.243930
rs0566 8.283070 0.197790 0.000000
rs0568 8.236930 0.210970 0.362600
rs0571 7.814980 0.395570 0.000000
rs0572 8.790720 0.118670 0.243930
rs0573 8.210550 0.112080 0.000000
rs0574 8.935770 0.013180 0.421940
rs0578 8.757760 0.118670 0.000000
rs0579 8.935770 0.000000 0.487880
rs0585 8.236930 0.204370 0.000000
rs0586 8.164400 0.145050 0.250530
rs0588 8.606120 0.145050 0.000000
rs0591 8.935770 0.039550 0.395570
rs0598 8.757760 0.098890 0.000000
rs0599 8.711610 0.118670 0.197790
rs0602 8.731390 0.052740 0.000000
rs0609 8.494050 0.138450 0.329650
rs0615 8.764350 0.098890 0.000000
rs0616 8.606120 0.171420 0.171420
rs0617 9.061030 -0.039560 0.000000
rs0618 8.236930 0.243930 0.349420
rs0620 8.461080 0.125270 0.000000
rs0623 8.065510 0.230750 0.250520
rs0626 7.458970 0.520830 0.000000
rs0627 8.757760 0.092300 0.375790
rs0630 8.388560 0.217560 0.000000
rs0637 8.757760 0.098890 0.487870
rs0638 8.915990 0.000000 0.000000
rs0640 8.461080 0.178010 0.402160
rs0641 8.599530 0.131860 0.000000
rs0644 8.236930 0.217560 0.448310
rs0645 8.665460 0.112080 0.000000
rs0656 8.467670 0.112080 0.388980
rs0660 8.935770 0.059330 0.000000
rs0667 8.724800 0.079110 0.349420
rs0670 8.942360 0.046150 0.000000
rs0671 8.236930 0.151630 0.296680
rs0677 8.513820 0.217570 0.000000
rs0679 8.764350 0.105490 0.145040
rs0691 8.935770 0.026370 0.000000
rs0696 8.922580 0.013190 0.309860
rs0703 8.935770 0.019770 0.000000
rs0708 8.922580 0.019780 0.263720
rs0710 8.461080 0.197790 0.000000
rs0713 7.458970 0.580170 0.290090
rs0720 8.289670 0.164820 0.000000
rs0722 8.236930 0.224150 0.356020
rs0724 8.935770 0.006590 0.000000
rs0726 8.236930 0.151630 0.448320
rs0727 8.599530 0.125270 0.000000
rs0731 8.553380 0.131860 0.421950
rs0733 8.817090 0.092300 0.000000
rs0734 8.625900 0.105490 0.276900
rs0738 8.691830 0.065930 0.000000
rs0740 8.243520 0.303270 0.191200
rs0741 8.915990 0.013180 0.000000
rs0743 8.065510 0.237340 0.494470
rs0744 8.612720 0.105480 0.000000
rs0746 8.441300 0.138450 0.428540
rs0747 8.764350 0.118670 0.000000
rs0751 9.028070 -0.013190 0.428540
rs0752 8.461080 0.224160 0.000000
rs0754 8.757760 0.079110 0.336240
rs0756 8.236930 0.125260 0.000000
rs0758 8.764350 0.112080 0.402160
rs0763 8.698420 0.079120 0.000000
rs0766 8.461080 0.158230 0.461500
rs0767 8.236930 0.237340 0.000000
rs0768 8.592940 0.079110 0.382390
rs0769 8.236930 0.237340 0.000000
rs0774 8.236930 0.118670 0.382380
rs0775 7.755650 0.402160 0.000000
rs0777 7.999580 0.191200 0.388980
rs0778 8.236930 0.138440 0.000000
rs0779 8.770950 0.112070 0.270310
rs0781 8.830280 0.072520 0.000000
rs0782 8.072100 0.171420 0.303280
rs0786 8.236930 0.145040 0.000000
rs0788 8.263300 0.191190 0.336230
rs0790 8.236930 0.125260 0.000000
rs0793 8.461080 0.145040 0.342830
rs0794 8.737980 0.079110 0.000000
rs0797 8.803910 0.092300 0.421940
rs0799 7.795200 0.402170 0.000000
rs0800 8.401750 0.112070 0.316460
rs0802 8.236930 0.210970 0.000000
rs0804 8.144630 0.125260 0.336240
rs0805 7.531490 0.481280 0.000000
rs0806 8.751170 0.059330 -0.085710
rs0809 8.935770 0.039550 0.000000
rs0810 8.236930 0.204370 0.283490
rs0811 8.757760 0.072520 0.000000
rs0812 8.935770 0.046150 0.375800
rs0815 8.190780 0.131850 0.000000
rs0818 8.236930 0.105480 0.382380
rs0823 8.935770 0.059330 0.000000
rs0828 8.461080 0.164820 0.474690
rs0831 8.935770 0.032960 0.000000
rs0832 8.276480 0.191190 0.316450
rs0833 8.757760 0.105480 0.000000
rs0834 8.461080 0.138450 0.296670
rs0836 8.757760 0.112080 0.000000
rs0838 8.764350 0.118670 0.065930
rs0839 8.935770 0.065920 0.000000
rs0840 8.381970 0.125260 0.593360
rs0842 7.999580 0.197790 0.000000
rs0843 8.619310 0.145040 0.171420
rs0845 8.764350 0.098890 0.000000
rs0846 8.751170 0.065920 0.250530
rs0847 8.810500 0.085710 0.000000
rs0850 8.935770 0.046150 0.402160
rs0853 8.757760 0.059330 0.000000
rs0854 8.236930 0.171410 0.323050
rs0855 8.935770 0.026370 0.000000
rs0856 9.054440 -0.026370 0.362600
rs0860 8.935770 0.013180 0.000000
rs0865 8.935770 0.039550 0.349430
rs0866 8.553380 0.151640 0.000000
rs0868 8.744570 0.059340 0.336230
rs0869 8.401750 0.112070 0.000000
rs0871 8.533600 0.164820 -0.092300
rs0872 8.223740 0.131860 0.000000
rs0880 8.559970 0.112080 0.257120
rs0887 8.559970 0.118680 0.000000
rs0891 8.896210 0.006590 0.224160
rs0892 8.915990 -0.006600 0.000000
rs0893 8.203960 0.118670 0.250530
rs0897 8.461080 0.125270 0.000000
rs0899 7.709500 0.481280 0.276900
rs0900 8.236930 0.151630 0.000000
rs0901 8.236930 0.270300 0.501060
rs0906 8.210550 0.112080 0.000000
rs0907 8.461080 0.164820 0.527430
rs0909 8.236930 0.125260 0.000000
rs0916 8.296260 0.171410 0.290080
rs0919 8.236930 0.125260 0.000000
rs0920 8.236930 0.243930 0.243940
rs0921 8.830280 0.085710 0.000000
rs0922 8.461080 0.191190 0.283490
rs0923 8.236930 0.145040 0.000000
rs0927 8.461080 0.210970 0.342830
rs0930 8.058920 0.164820 0.000000
rs0932 8.058920 0.210970 0.494460
rs0933 8.058920 0.191190 0.000000
rs0934 8.461080 0.164820 0.217570
rs0935 8.461080 0.171420 0.000000
rs0944 8.243520 0.250530 0.454910
rs0945 8.461080 0.184600 0.000000
rs0946 8.401750 0.158220 0.276900
rs0948 8.599530 0.131860 0.000000
rs0950 8.408340 0.131860 0.191190
rs0953 8.922580 0.019780 0.000000
rs0957 8.058920 0.184600 0.257120
rs0958 8.902800 0.019780 0.000000
rs0959 7.755650 0.474680 0.336230
rs0960 7.584230 0.593360 0.000000
rs0962 8.731390 0.072520 0.184600
rs0967 8.527010 0.125260 0.000000
rs0968 8.236930 0.112070 0.435130
rs0970 8.803910 0.085710 0.000000
rs0976 7.814980 0.362610 0.158230
rs0977 7.458970 0.487870 0.000000
rs0979 8.236930 0.356010 0.263710
rs0980 8.757760 0.112080 0.000000
rs0981 8.203960 0.118670 0.362610
rs0982 7.458970 0.659280 0.000000
rs0983 8.236930 0.171410 0.296670
rs0984 8.467670 0.145050 0.000000
rs0985 8.309450 0.191190 0.501060
rs0986 8.065510 0.276900 0.000000
rs0989 8.645680 0.105490 0.270310
rs0991 8.902800 0.019780 0.000000
rs0995 8.757760 0.072520 0.382380
rs0996 8.236930 0.138440 0.000000
rs0997 8.645680 0.085710 0.257120
rs0999 8.236930 0.290080 0.000000
rs1001 8.454490 0.125260 0.388980
rs1002 8.757760 0.098890 0.000000
rs1003 8.236930 0.184590 0.395580
rs1010 8.935770 0.065920 0.000000
rs1014 8.019360 0.178010 0.375800
rs1016 8.935770 0.065920 0.000000
rs1017 8.078700 0.197780 0.296670
rs1020 8.058920 0.224150 0.000000
rs1021 8.236930 0.118670 0.474680
rs1028 8.487450 0.138450 0.000000
rs1029 8.243520 0.224150 0.487880
rs1030 7.762240 0.435130 0.000000
rs1031 8.454490 0.125260 0.224160
rs1032 8.236930 0.151630 0.000000
rs1034 8.236930 0.224150 0.336240
rs1035 8.243520 0.151630 0.000000
rs1038 7.755650 0.402160 0.356010
rs1040 8.157810 0.184600 0.000000
rs1041 7.458970 0.494460 0.369200
rs1043 8.012770 0.184600 0.000000
rs1045 8.283070 0.210980 0.382390
rs1047 8.111660 0.178010 0.000000
rs1048 8.935770 0.006590 0.250530
rs1049 8.533600 0.158230 0.000000
rs1050 8.006180 0.224150 0.514250
rs1052 8.461080 0.191190 0.000000
rs1053 8.243520 0.138450 0.303270
rs1054 8.236930 0.118670 0.000000
rs1055 8.236930 0.125260 0.230750
rs1057 8.935770 0.079110 0.000000
rs1058 8.566570 0.191190 0.257120
rs1059 8.494050 0.178000 0.000000
rs1060 7.927060 0.191190 0.349420
rs1062 8.935770 0.013180 0.000000
rs1065 8.454490 0.112080 0.375800
rs1068 8.731390 0.085700 0.000000
rs1070 8.454490 0.118670 0.349420
rs1072 8.461080 0.092300 0.000000
rs1073 7.458970 0.593360 0.158230
rs1074 8.236930 0.184590 0.000000
rs1076 8.711610 0.085710 0.283490
rs1077 8.058920 0.224150 0.000000
rs1078 8.236930 0.270300 0.224160
rs1079 8.803910 0.098890 0.000000
rs1080 8.711610 0.092300 0.257120
rs1081 8.421520 0.092300 0.000000
rs1082 8.803910 0.092300 0.164820
rs1083 8.698420 0.105490 0.000000
rs1084 8.461080 0.131860 0.421950
rs1087 8.658870 0.079110 0.000000
rs1091 8.757760 0.112080 0.230750
rs1098 8.236930 0.178000 0.000000
rs1100 8.718200 0.079120 0.388980
rs1102 9.061030 -0.019780 0.000000
rs1103 8.283070 0.125270 0.428540
rs1104 8.236930 0.210970 0.000000
rs1105 7.762240 0.369200 0.428540
rs1108 8.078700 0.270300 0.000000
rs1109 8.935770 0.013180 0.382380
rs1110 8.744570 0.065930 0.000000
rs1113 7.821580 0.454900 0.257120
rs1114 8.935770 -0.006600 0.000000
rs1117 8.236930 0.191190 0.336240
rs1118 8.705020 0.085700 0.000000
rs1119 8.236930 0.369190 0.263710
rs1120 9.014880 0.000000 0.000000
rs1121 8.935770 0.065920 0.270300
rs1122 8.935770 0.006590 0.000000
rs1124 8.441300 0.105490 0.329650
rs1125 8.474270 0.164820 0.000000
rs1126 8.236930 0.178000 0.388980
rs1128 8.243520 0.145040 0.000000
rs1131 8.935770 0.072520 0.362610
rs1132 7.861130 0.356020 0.000000
rs1135 8.236930 0.217560 0.520840
rs1137 8.606120 0.098900 0.000000
rs1142 8.236930 0.296670 0.243940
rs1143 7.821580 0.402160 0.000000
rs1145 8.467670 0.158230 0.276900
rs1146 8.935770 0.019770 0.000000
rs1147 8.236930 0.210970 0.329640
rs1149 8.236930 0.210970 0.000000
rs1151 8.461080 0.243940 0.428530
rs1154 8.606120 0.118680 0.000000
rs1156 8.236930 0.184590 0.151640
rs1157 8.236930 0.184590 0.000000
rs1159 8.236930 0.138440 0.283500
rs1163 8.461080 0.158230 0.000000
rs1164 7.458970 0.613130 0.356010
rs1165 8.065510 0.197790 0.000000
rs1166 7.458970 0.593360 0.362610
rs1169 8.625900 0.092300 0.000000
rs1170 8.461080 0.197790 0.540620
rs1171 8.757760 0.065930 0.000000
rs1172 7.808390 0.329640 0.283490
rs1174 8.461080 0.184600 0.000000
rs1176 7.458970 0.547210 0.263710
rs1178 8.619310 0.112080 0.000000
rs1179 8.461080 0.151640 0.448320
rs1182 8.606120 0.112080 0.000000
rs1183 8.757760 0.085710 0.184600
rs1184 8.236930 0.210970 0.000000
rs1185 8.764350 0.118670 0.290090
rs1187 8.454490 0.105480 0.000000
rs1188 8.078700 0.178000 0.408750
rs1191 8.691830 0.092300 0.000000
rs1192 7.762240 0.507650 0.217570
rs1193 7.788610 0.309870 0.000000
rs1195 8.078700 0.158230 0.237340
rs1198 8.454490 0.118670 0.000000
rs1200 8.078700 0.191190 0.204380
rs1202 8.236930 0.125260 0.000000
rs1205 8.757760 0.092300 0.204380
rs1206 8.935770 0.013180 0.000000
rs1207 8.757760 0.085710 0.290080
rs1208 8.236930 0.263710 0.000000
rs1209 8.461080 0.145040 0.230750
rs1210 8.764350 0.118670 0.000000
rs1211 8.764350 0.118670 0.395580
rs1212 8.461080 0.092300 0.000000
rs1213 8.935770 0.013180 0.362600
rs1217 8.935770 0.032960 0.000000
rs1220 8.764350 0.125270 0.290090
rs1229 8.935770 0.065920 0.000000
rs1236 8.157810 0.151640 0.356010
rs1238 8.665460 0.105490 0.000000
rs1245 8.236930 0.164820 0.448310
rs1248 8.836870 0.059340 0.000000
rs1257 8.138030 0.158230 0.303270
rs1258 8.744570 0.065930 0.000000
rs1259 8.316040 0.118670 0.197790
rs1260 8.236930 0.151630 0.000000
rs1261 8.349000 0.151640 0.388980
rs1262 8.236930 0.224150 0.000000
rs1263 7.458970 0.632910 0.309860
rs1264 8.203960 0.118670 0.000000
rs1265 8.757760 0.065930 0.342830
rs1266 8.540200 0.118670 0.000000
rs1267 9.054440 -0.026370 0.408750
rs1269 7.458970 1.120780 0.000000
rs1270 8.454490 0.125260 0.375800
rs1276 8.236930 0.125260 0.000000
rs1278 8.830280 0.065930 0.454910
rs1280 8.039140 0.171410 0.000000
rs1281 8.236930 0.105480 0.573580
rs1283 7.458970 0.646100 0.000000
rs1284 8.085290 0.158230 0.257120
rs1285 8.236930 0.178000 0.000000
rs1286 8.757760 0.072520 0.349420
rs1289 8.190780 0.125260 0.000000
rs1290 8.197370 0.118670 0.303270
rs1291 8.335820 0.158230 0.000000
rs1292 8.236930 0.250520 0.382380
rs1293 8.606120 0.118680 0.000000
rs1294 8.672050 0.092300 0.224150
rs1295 7.755650 0.468090 0.000000
rs1296 7.801800 0.316450 0.336240
rs1297 8.236930 0.105480 0.000000
rs1298 7.768830 0.421950 0.178010
rs1299 8.058920 0.217560 0.000000
rs1301 8.935770 0.013180 0.395570
rs1302 7.689720 0.540610 0.000000
rs1303 8.757760 0.072520 -0.072520
rs1304 8.177590 0.125260 0.000000
rs1310 8.461080 0.138450 0.619730
rs1337 8.757760 0.085710 0.000000
rs1359 8.236930 0.131850 0.646100
rs1368 8.757760 0.026370 0.000000
rs1437 8.935770 0.019770 0.408750
rs1518 8.935770 0.006590 0.000000
