rf0002 -0.289200 0.126480 0.000000
rf0003 0.301030 -0.042160 0.632390
rf0010 -0.626480 0.126480 0.000000
rf0011 -0.331360 0.084320 0.126480
rf0013 0.301030 inf 0.000000
rf0015 0.301030 inf 0.379440
rf0016 -0.078410 0.252960 0.000000
rf0022 -0.162720 0.168630 0.084320
rf0024 -0.289200 0.210790 0.000000
rf0029 -0.500000 0.126480 0.084320
rf0030 -0.331360 0.210800 0.000000
rf0031 0.301030 inf 0.590230
rf0040 0.301030 -0.042160 0.000000
rf0048 -0.626480 0.168640 0.084320
rf0053 -0.668640 0.168640 0.000000
rf0060 -0.584320 0.126480 0.084320
rf0062 -0.289200 0.252950 0.000000
rf0064 -0.752960 0.168640 0.084320
rf0065 -0.626480 0.126480 0.000000
rf0072 -0.795120 0.168640 0.084320
rf0073 -0.584320 0.337280 0.000000
rf0092 0.301030 inf 0.463750
rf0125 -0.289200 0.548070 0.000000
rf0127 -0.247040 0.210790 0.084320
rf0129 -0.457840 0.210800 0.000000
rf0132 -0.289200 0.168640 0.042160
rf0134 -0.457840 0.337280 0.000000
rf0138 0.301030 inf 0.210800
rf0164 0.301030 -0.042160 0.000000
rf0166 0.301030 inf 0.168640
rf0169 -0.626480 0.126480 0.000000
rf0176 -0.457840 0.632390 0.042160
rf0180 -0.500000 0.210800 0.000000
rf0190 -0.331360 0.168640 0.084320
rf0201 -0.668640 0.168640 0.000000
rf0204 -0.626480 0.168640 0.084320
rf0205 0.301030 inf 0.000000
rf0223 -0.289200 0.505910 0.084320
rf0234 -0.289200 0.463750 0.000000
rf0237 0.301030 inf 0.590230
rf0241 -0.795120 0.252960 0.000000
rf0248 0.090230 0.168640 0.084320
rf0249 0.301030 inf 0.000000
rf0250 -0.668640 0.210800 0.084320
rf0251 -0.457840 0.210800 0.000000
rf0258 -0.331360 0.252950 0.084320
rf0263 -0.542160 0.168640 0.000000
rf0267 -0.500000 0.210800 0.084320
rf0271 0.216710 0.042160 0.000000
rf0283 0.301030 inf 0.590230
rf0284 -0.668640 0.126480 0.000000
rf0287 -0.120560 0.252950 0.084320
rf0292 0.301030 -0.042160 0.000000
rf0295 -0.036250 0.210800 0.084310
rf0298 -0.500000 0.168640 0.000000
rf0306 -0.668640 0.126480 0.126480
rf0309 -0.120560 0.252950 0.000000
rf0315 0.301030 inf 0.168640
rf0319 0.216710 0.042160 0.000000
rf0324 0.090230 0.168640 0.084320
rf0338 -0.626480 0.168640 0.000000
rf0339 0.301030 inf 0.632390
rf0343 -0.289200 0.505910 0.000000
rf0348 0.301030 inf 0.379440
rf0351 -0.542160 0.126480 0.000000
rf0354 -0.500000 0.590230 0.042160
rf0358 -0.668640 0.210800 0.000000
rf0363 -0.668640 0.168640 0.084320
rf0364 -0.457840 0.379430 0.000000
rf0366 -0.584320 0.126480 0.084320
rf0372 0.301030 inf 0.000000
rf0375 0.132390 0.126480 0.126480
rf0377 0.048070 0.168640 0.000000
rf0383 0.301030 -0.042160 0.590230
rf0385 -0.457840 0.168640 0.000000
rf0386 -0.331360 0.463750 0.084320
rf0388 0.301030 inf 0.000000
rf0396 0.301030 -0.042160 0.590230
rf0397 0.301030 inf 0.000000
rf0399 -0.331360 0.084320 0.126480
rf0400 0.301030 inf 0.000000
rf0403 -0.584320 0.210800 0.042160
rf0415 -0.331360 0.210800 0.000000
rf0419 -0.710800 0.168640 0.084320
rf0428 -0.584320 0.126480 0.000000
rf0439 -0.879440 0.126480 0.084310
rf0444 0.048070 0.210800 0.000000
rf0474 -0.668640 0.168640 0.084320
rf0477 -0.584320 0.168640 0.000000
rf0488 -0.457840 0.210800 0.084320
rf0496 -0.710800 0.168640 0.000000
rf0499 -0.626480 0.126480 0.042160
rf0500 -0.331360 0.505910 0.000000
rf0503 -0.457840 0.168640 0.042160
rf0513 -0.289200 0.463750 0.000000
rf0630 -0.837280 0.168640 0.084310
rf0795 -0.584320 0.126480 0.000000
rs0001 -0.626480 0.168640 0.084320
rs0003 -0.542160 0.168640 0.000000
rs0010 -0.500000 0.168640 0.084320
rs0012 -0.584320 0.168640 0.000000
rs0013 -0.542160 0.126480 0.084320
rs0022 -0.204880 0.421590 0.000000
rs0029 -0.078410 0.210800 0.084310
rs0030 -0.500000 0.210800 0.000000
rs0046 0.301030 inf 0.590230
rs0051 -0.289200 0.337270 0.000000
rs0052 -0.457840 0.210800 0.084320
rs0053 0.258870 inf 0.000000
rs0054 -0.626480 0.126480 0.084320
rs0062 -0.626480 0.126480 0.000000
rs0087 -0.542160 0.590230 0.084320
rs0088 -0.626480 0.126480 0.000000
rs0089 -0.289200 0.505910 0.042160
rs0090 -0.710800 0.168640 0.000000
rs0092 -0.584320 0.126480 0.084320
rs0093 0.301030 -0.042160 0.000000
rs0094 -0.500000 0.210800 0.084320
rs0095 -0.837280 0.126480 0.000000
rs0096 0.301030 -0.042160 0.632390
rs0097 -0.668640 0.168640 0.000000
rs0098 -0.331360 0.252950 0.084320
rs0104 -0.331360 0.548070 0.000000
rs0107 -0.247040 0.421590 0.042160
rs0109 0.090230 0.168640 0.000000
rs0113 0.301030 inf 0.548070
rs0122 -0.626480 0.126480 0.000000
rs0124 -0.710800 0.168640 0.084320
rs0127 -0.542160 0.210800 0.000000
rs0133 0.301030 -0.042160 0.590230
rs0134 0.301030 inf 0.000000
rs0136 0.301030 -0.042160 0.548070
rs0138 -0.626480 0.126480 0.000000
rs0140 -0.752960 0.168640 0.084320
rs0141 -0.542160 0.126480 0.000000
rs0143 0.301030 inf 0.590230
rs0145 -0.457840 0.674550 0.000000
rs0146 -0.626480 0.168640 0.042160
rs0147 -0.331360 0.084320 0.000000
rs0150 -0.626480 0.168640 0.084320
rs0156 -0.584320 0.210800 0.000000
rs0159 0.301030 inf 0.421590
rs0163 -0.289200 0.421590 0.000000
rs0167 -0.626480 0.126480 0.084320
rs0168 -0.668640 0.126480 0.000000
rs0172 -0.331360 0.084320 0.168640
rs0175 -0.331360 0.168640 0.000000
rs0181 0.301030 -0.042160 0.421590
rs0183 0.301030 inf 0.000000
rs0196 0.005910 0.210800 0.084320
rs0201 0.301030 inf 0.000000
rs0203 0.301030 inf 0.590230
rs0206 0.301030 inf 0.000000
rs0218 -0.584320 0.168640 0.084320
rs0221 -0.289200 0.379430 0.000000
rs0225 -0.331360 0.421590 0.126480
rs0226 -0.584320 0.168640 0.000000
rs0231 -0.500000 0.168640 0.084320
rs0237 0.301030 inf 0.000000
rs0240 0.301030 inf 0.252960
rs0242 -0.457840 0.210800 0.000000
rs0243 0.301030 inf 0.674550
rs0244 0.301030 inf 0.000000
rs0247 -0.752960 0.168640 0.084320
rs0256 -0.584320 0.168640 0.000000
rs0259 -0.289200 0.379430 0.084320
rs0261 -0.204880 0.463750 0.000000
rs0262 -0.584320 0.126480 0.084320
rs0264 -0.752960 0.168640 0.000000
rs0266 -0.204880 0.421590 0.042160
rs0267 0.301030 -0.042160 0.000000
rs0268 0.301030 -0.042160 0.590230
rs0273 -0.542160 0.126480 0.000000
rs0275 -0.542160 0.126480 0.084320
rs0276 -0.542160 0.168640 0.000000
rs0282 -0.289200 0.463750 0.042160
rs0306 -0.331360 0.421590 0.000000
rs0315 -0.289200 0.126480 0.084320
rs0316 -0.289200 0.548070 0.000000
rs0318 -0.795120 0.168640 0.084320
rs0320 0.301030 -0.042160 0.000000
rs0323 -0.331360 0.084320 0.168640
rs0334 -0.457840 0.252960 0.000000
rs0337 -0.457840 0.252960 0.042160
rs0339 0.301030 inf 0.000000
rs0341 -0.584320 0.126480 0.084320
rs0344 -0.584320 0.126480 0.000000
rs0345 -0.795120 0.168640 0.042160
rs0349 -0.752960 0.168640 0.000000
rs0350 -0.500000 0.632390 0.042160
rs0351 0.090230 0.168640 0.000000
rs0354 -0.626480 0.168640 0.084320
rs0358 -0.331360 0.337270 0.000000
rs0373 -0.500000 0.295120 0.042160
rs0386 -0.626480 0.168640 0.000000
rs0391 -0.331360 0.252950 0.126480
rs0392 -0.668640 0.337280 0.000000
rs0393 -0.500000 0.168640 0.084320
rs0406 -0.289200 0.126480 0.000000
rs0416 -0.752960 0.168640 0.042160
rs0419 -0.500000 0.337280 0.000000
rs0421 -0.710800 0.168640 0.084320
rs0424 -0.584320 0.168640 0.000000
rs0425 -0.457840 0.252960 0.042160
rs0429 -0.626480 0.126480 0.000000
rs0430 -0.710800 0.168640 0.084320
rs0432 -0.795120 0.168640 0.000000
rs0437 -0.626480 0.337280 0.042160
rs0440 -0.036250 0.210800 0.000000
rs0444 -0.584320 0.126480 0.084320
rs0452 -0.331360 0.548070 0.000000
rs0460 -0.626480 0.126480 0.126480
rs0463 -0.710800 0.463760 0.000000
rs0468 -0.500000 0.210800 0.084320
rs0472 -0.752960 0.168640 0.000000
rs0473 -0.710800 0.168640 0.084320
rs0477 -0.668640 0.337280 0.000000
rs0485 -0.626480 0.126480 0.084320
rs0493 -0.626480 0.126480 0.000000
rs0495 -0.626480 0.126480 0.084320
rs0503 -0.162720 0.379430 0.000000
rs0505 0.301030 inf 0.463750
rs0508 -0.626480 0.126480 0.000000
rs0516 -0.584320 0.126480 0.084320
rs0517 0.301030 inf 0.000000
rs0519 -0.542160 0.252960 0.084320
rs0520 -0.500000 0.126480 0.000000
rs0528 0.301030 inf 0.505910
rs0532 -0.457840 0.252960 0.000000
rs0536 -0.626480 0.168640 0.042160
rs0538 -0.331360 0.168640 0.000000
rs0541 0.301030 inf 0.505910
rs0549 -0.500000 0.168640 0.000000
rs0554 0.301030 inf 0.337280
rs0555 -0.289200 0.295110 0.000000
rs0556 -0.837280 0.168640 0.084310
rs0560 -0.289200 0.421590 0.000000
rs0571 -0.752960 0.126480 0.084320
rs0573 -0.584320 0.126480 0.000000
rs0574 0.301030 inf 0.590230
rs0582 -0.204880 0.337270 0.000000
rs0586 -0.668640 0.126480 0.084320
rs0591 0.301030 -0.042160 0.000000
rs0612 0.301030 -0.042160 0.379440
rs0650 0.301030 inf 0.000000
rs0656 -0.289200 0.126480 0.084320
rs0660 0.301030 inf 0.000000
rs0672 0.301030 -0.042160 0.421590
rs0679 -0.500000 0.337280 0.000000
rs0724 0.301030 -0.042160 0.632390
rs0731 -0.500000 0.210800 0.000000
rs0741 0.301030 inf 0.548070
rs0745 -0.247040 0.421590 0.000000
rs0751 0.301030 inf 0.590230
rs0763 -0.457840 0.210800 0.000000
rs0768 -0.457840 0.210800 0.042160
rs0775 -0.626480 0.126480 0.000000
rs0779 0.301030 inf 0.590230
rs0781 0.301030 -0.042160 0.000000
rs0788 -0.584320 0.126480 0.084320
rs0797 0.301030 inf 0.000000
rs0798 -0.247040 0.421590 0.042160
rs0804 -0.668640 0.210800 0.000000
rs0805 -0.837280 0.168640 0.084310
rs0806 -0.289200 0.337270 0.000000
rs0808 0.258870 inf 0.168640
rs0809 0.301030 inf 0.000000
rs0812 0.301030 inf 0.590230
rs0815 -0.626480 0.126480 0.000000
rs0823 0.301030 inf 0.463750
rs0833 0.301030 -0.042160 0.000000
rs0839 0.301030 -0.042160 0.632390
rs0842 -0.668640 0.126480 0.000000
rs0847 0.301030 -0.042160 0.716710
rs0868 -0.331360 0.252950 0.000000
rs0869 -0.584320 0.210800 0.042160
rs0871 -0.626480 0.210800 0.000000
rs0896 0.216710 0.042160 0.210800
rs0906 -0.626480 0.168640 0.000000
rs0909 -0.500000 0.168640 0.084320
rs0916 -0.500000 0.126480 0.000000
rs0932 -0.626480 0.126480 0.084320
rs0933 -0.668640 0.126480 0.000000
rs0944 -0.542160 0.126480 0.084320
rs0950 -0.626480 0.168640 0.000000
rs0957 -0.752960 0.210800 0.084320
rs0958 -0.331360 0.421590 0.000000
rs0959 -0.795120 0.168640 0.084320
rs0960 -0.752960 0.126480 0.000000
rs0967 -0.457840 0.210800 0.084320
rs0970 -0.331360 0.337270 0.000000
rs0974 0.301030 inf 0.505910
rs0978 -0.331360 0.168640 0.000000
rs0981 -0.584320 0.126480 0.084320
rs0983 -0.584320 0.126480 0.000000
rs0984 -0.500000 0.210800 0.042160
rs0985 -0.584320 0.126480 0.000000
rs0991 -0.289200 0.548070 0.042160
rs0995 -0.289200 0.421590 0.000000
rs0997 -0.289200 0.168640 0.084320
rs1004 0.301030 inf 0.000000
rs1014 -0.752960 0.210800 0.084320
rs1016 0.301030 inf 0.000000
rs1021 -0.542160 0.126480 0.084320
rs1023 0.301030 -0.042160 0.000000
rs1025 0.301030 -0.042160 0.421590
rs1029 -0.500000 0.126480 0.000000
rs1030 -0.668640 0.168640 0.084320
rs1035 -0.626480 0.210800 0.000000
rs1036 -0.247040 0.210790 0.042160
rs1038 -0.626480 0.168640 0.000000
rs1046 0.132390 0.126480 0.168640
rs1047 -0.542160 0.168640 0.000000
rs1050 -0.668640 0.126480 0.084320
rs1052 -0.500000 0.168640 0.000000
rs1055 -0.584320 0.126480 0.084320
rs1060 -0.752960 0.210800 0.000000
rs1062 0.301030 inf 0.590230
rs1072 -0.457840 0.168640 0.000000
rs1074 -0.584320 0.126480 0.084320
rs1075 0.301030 inf 0.000000
rs1081 -0.457840 0.210800 0.042160
rs1082 0.301030 -0.042160 0.000000
rs1084 -0.500000 0.210800 0.042160
rs1091 0.301030 inf 0.000000
rs1098 -0.542160 0.126480 0.084320
rs1100 -0.457840 0.463750 0.000000
rs1102 0.301030 inf 0.295120
rs1103 -0.710800 0.295120 0.000000
rs1105 -0.584320 0.126480 0.084320
rs1106 0.301030 inf 0.000000
rs1109 0.301030 inf 0.590230
rs1110 -0.331360 0.126480 0.000000
rs1111 0.132390 0.126480 0.126480
rs1112 0.301030 -0.042160 0.000000
rs1116 0.132390 0.126480 0.126480
rs1117 -0.584320 0.126480 0.000000
rs1118 -0.289200 0.463750 0.042160
rs1121 0.301030 inf 0.000000
rs1126 -0.584320 0.126480 0.084320
rs1129 0.048070 0.168640 0.000000
rs1131 0.301030 inf 0.337280
rs1137 -0.457840 0.210800 0.000000
rs1143 -0.668640 0.168640 0.084320
rs1150 -0.162720 0.210790 0.000000
rs1152 0.301030 inf 0.463750
rs1154 -0.457840 0.252960 0.000000
rs1159 -0.584320 0.126480 0.084320
rs1163 -0.626480 0.168640 0.000000
rs1168 0.301030 inf 0.421590
rs1169 -0.331360 0.252950 0.000000
rs1178 -0.331360 0.210800 0.126480
rs1179 -0.542160 0.168640 0.000000
rs1182 -0.331360 0.126480 0.126480
rs1185 -0.457840 0.505910 0.000000
rs1188 -0.668640 0.168640 0.084320
rs1191 -0.289200 0.421590 0.000000
rs1195 -0.289200 0.126480 0.126480
rs1197 0.301030 -0.042160 0.000000
rs1198 -0.626480 0.168640 0.084320
rs1200 -0.626480 0.126480 0.000000
rs1209 -0.584320 0.168640 0.084320
rs1212 -0.457840 0.168640 0.000000
rs1214 0.301030 -0.042160 0.295120
rs1220 -0.331360 0.548070 0.000000
rs1248 -0.289200 0.505910 0.042160
rs1258 -0.331360 0.168640 0.000000
rs1259 -0.626480 0.295120 0.042160
rs1264 -0.668640 0.168640 0.000000
rs1266 -0.584320 0.295120 0.084320
rs1267 0.301030 inf 0.000000
rs1270 -0.626480 0.168640 0.042160
rs1276 -0.584320 0.126480 0.000000
rs1284 -0.668640 0.168640 0.126480
rs1290 -0.710800 0.168640 0.000000
rs1291 -0.542160 0.126480 0.084320
rs1293 -0.457840 0.252960 0.000000
rs1296 -0.795120 0.168640 0.084320
rs1297 -0.668640 0.126480 0.000000
rs1337 -0.289200 0.379430 0.084320
rs1359 -0.626480 0.168640 0.000000
rs1437 0.301030 inf 0.463750
