rf0002 0.078950 0.131580 0.000000
rf0003 0.000000 0.105260 inf
rf0010 0.078950 0.236840 0.000000
rf0011 0.000000 0.105260 inf
rf0013 0.289470 0.157900 0.000000
rf0015 0.000000 0.078950 inf
rf0016 0.184210 0.105260 0.000000
rf0022 0.184210 0.131580 0.052630
rf0024 0.000000 0.078950 0.000000
rf0029 0.026320 0.157890 inf
rf0030 0.000000 0.078950 0.000000
rf0031 0.000000 0.078950 inf
rf0040 0.000000 0.078950 0.000000
rf0048 0.052630 0.263160 0.026310
rf0053 0.052630 0.210530 0.000000
rf0060 0.026320 0.210520 0.000000
rf0062 0.000000 0.105260 0.000000
rf0064 0.078950 0.263160 0.026320
rf0065 0.078950 0.342100 0.000000
rf0072 0.052630 0.210530 0.026310
rf0073 0.026320 0.131570 0.000000
rf0092 0.000000 0.052630 inf
rf0125 0.000000 0.078950 0.000000
rf0127 0.210530 0.157890 0.052640
rf0129 0.000000 0.105260 0.000000
rf0132 0.026320 0.078940 inf
rf0134 0.000000 0.078950 0.000000
rf0138 0.421050 0.210530 0.052630
rf0164 0.000000 0.078950 0.000000
rf0166 0.368420 0.184210 0.052630
rf0169 0.052630 0.289480 0.000000
rf0176 0.000000 0.105260 inf
rf0180 0.000000 0.105260 0.000000
rf0190 0.157890 0.210530 0.052630
rf0201 0.000000 0.184210 0.000000
rf0204 0.026320 0.184210 inf
rf0205 0.000000 0.105260 0.000000
rf0223 0.000000 0.078950 inf
rf0234 0.000000 0.078950 0.000000
rf0237 0.000000 0.105260 inf
rf0241 0.026320 0.157890 0.000000
rf0248 0.500000 0.236840 0.078950
rf0249 0.000000 0.052630 0.000000
rf0250 0.052630 0.105260 inf
rf0251 0.000000 0.078950 0.000000
rf0258 0.000000 0.078950 inf
rf0263 0.000000 0.105260 0.000000
rf0267 0.000000 0.105260 inf
rf0271 0.447370 0.263160 0.000000
rf0283 0.000000 0.078950 inf
rf0284 0.052630 0.210530 0.000000
rf0287 0.105260 0.105270 0.052630
rf0292 0.000000 0.078950 0.000000
rf0295 0.236840 0.131580 0.078950
rf0298 0.000000 0.157890 0.000000
rf0306 0.105260 0.289480 0.052630
rf0309 0.078950 0.105260 0.000000
rf0315 0.605260 0.236850 0.105260
rf0319 0.447370 0.236840 0.000000
rf0324 0.368420 0.157900 0.052630
rf0338 0.184210 0.342110 0.000000
rf0339 0.000000 0.105260 inf
rf0343 0.000000 0.105260 0.000000
rf0348 0.000000 0.052630 inf
rf0351 0.026320 0.157890 0.000000
rf0354 0.000000 0.105260 inf
rf0358 0.052630 0.131580 0.000000
rf0363 0.052630 0.131580 0.026310
rf0364 0.000000 0.105260 0.000000
rf0366 0.052630 0.157900 0.026310
rf0372 0.263160 0.131580 0.000000
rf0375 0.342110 0.157890 0.078950
rf0377 0.368420 0.236840 0.000000
rf0383 0.000000 0.131580 inf
rf0385 0.000000 0.131580 0.000000
rf0386 0.000000 0.078950 inf
rf0388 0.000000 0.078950 0.000000
rf0396 0.000000 0.078950 inf
rf0397 0.000000 0.105260 0.000000
rf0399 0.026320 0.105260 inf
rf0400 0.000000 0.052630 0.000000
rf0403 0.000000 0.131580 inf
rf0415 0.000000 0.105260 0.000000
rf0419 0.052630 0.210530 0.026310
rf0428 0.000000 0.210530 0.000000
rf0439 0.105260 0.394740 0.052630
rf0444 0.289470 0.157900 0.000000
rf0474 0.052630 0.236840 0.026310
rf0477 0.078950 0.263160 0.000000
rf0488 0.000000 0.105260 inf
rf0496 0.078950 0.394730 0.000000
rf0499 0.052630 0.184210 0.026310
rf0500 0.000000 0.078950 0.000000
rf0503 0.078950 0.157890 0.026320
rf0513 0.000000 0.078950 0.000000
rf0630 0.078950 0.184210 0.052630
rf0795 0.000000 0.131580 0.000000
rs0001 0.000000 0.157890 inf
rs0003 0.000000 0.131580 0.000000
rs0010 0.078950 0.236840 0.026320
rs0012 0.000000 0.131580 0.000000
rs0013 0.000000 0.131580 inf
rs0022 0.078950 0.105260 0.000000
rs0029 0.210530 0.131580 0.078950
rs0030 0.000000 0.105260 0.000000
rs0046 0.000000 0.078950 inf
rs0051 0.000000 0.078950 0.000000
rs0052 0.000000 0.078950 inf
rs0053 0.394740 0.184210 0.000000
rs0054 0.052630 0.184210 0.026310
rs0062 0.052630 0.184210 0.000000
rs0087 0.000000 0.105260 inf
rs0088 0.026320 0.184210 0.000000
rs0089 0.000000 0.078950 inf
rs0090 0.078950 0.289470 0.000000
rs0092 0.000000 0.157890 inf
rs0093 0.000000 0.078950 0.000000
rs0094 0.000000 0.105260 inf
rs0095 0.157890 0.473690 0.000000
rs0096 0.000000 0.078950 inf
rs0097 0.052630 0.157900 0.000000
rs0098 0.000000 0.078950 inf
rs0104 0.000000 0.078950 0.000000
rs0107 0.026320 0.105260 inf
rs0109 0.368420 0.210530 0.000000
rs0113 0.000000 0.078950 inf
rs0122 0.026320 0.210520 0.000000
rs0124 0.184210 0.473680 0.052630
rs0127 0.000000 0.105260 0.000000
rs0133 0.000000 0.105260 inf
rs0134 0.000000 0.078950 0.000000
rs0136 0.000000 0.105260 inf
rs0138 0.052630 0.315790 0.000000
rs0140 0.078950 0.289470 0.026320
rs0141 0.026320 0.210520 0.000000
rs0143 0.000000 0.078950 inf
rs0145 0.000000 0.105260 0.000000
rs0146 0.000000 0.157890 inf
rs0147 0.000000 0.105260 0.000000
rs0150 0.105260 0.421060 0.026310
rs0156 0.000000 0.105260 0.000000
rs0159 0.000000 0.078950 inf
rs0163 0.000000 0.105260 0.000000
rs0167 0.026320 0.184210 0.000000
rs0168 0.052630 0.210530 0.000000
rs0172 0.000000 0.131580 inf
rs0175 0.000000 0.105260 0.000000
rs0181 0.210530 0.078940 0.078950
rs0183 0.000000 0.078950 0.000000
rs0196 0.289470 0.210530 0.078940
rs0201 0.000000 0.052630 0.000000
rs0203 0.000000 0.052630 inf
rs0206 0.000000 0.078950 0.000000
rs0218 0.026320 0.210520 0.000000
rs0221 0.000000 0.078950 0.000000
rs0225 0.000000 0.078950 inf
rs0226 0.000000 0.157890 0.000000
rs0231 0.000000 0.131580 inf
rs0237 0.000000 0.078950 0.000000
rs0240 0.000000 0.052630 inf
rs0242 0.000000 0.105260 0.000000
rs0243 0.000000 0.105260 inf
rs0244 0.578950 0.263160 0.000000
rs0247 0.078950 0.236840 0.052630
rs0256 0.000000 0.157890 0.000000
rs0259 0.000000 0.105260 inf
rs0261 0.052630 0.105260 0.000000
rs0262 0.052630 0.184210 0.026310
rs0264 0.105260 0.289480 0.000000
rs0266 0.052630 0.105260 0.026310
rs0267 0.000000 0.078950 0.000000
rs0268 0.000000 0.078950 inf
rs0273 0.026320 0.157890 0.000000
rs0275 0.026320 0.157890 inf
rs0276 0.000000 0.131580 0.000000
rs0282 0.000000 0.105260 inf
rs0306 0.000000 0.078950 0.000000
rs0315 0.052630 0.105260 0.026310
rs0316 0.000000 0.078950 0.000000
rs0318 0.052630 0.263160 0.026310
rs0320 0.000000 0.105260 0.000000
rs0323 0.026320 0.105260 inf
rs0334 0.000000 0.105260 0.000000
rs0337 0.000000 0.105260 inf
rs0339 0.000000 0.078950 0.000000
rs0341 0.052630 0.210530 0.026310
rs0344 0.026320 0.184210 0.000000
rs0345 0.131580 0.447370 0.052630
rs0349 0.078950 0.342100 0.000000
rs0350 0.000000 0.131580 inf
rs0351 0.263160 0.184210 0.000000
rs0354 0.000000 0.210530 inf
rs0358 0.000000 0.078950 0.000000
rs0373 0.000000 0.131580 inf
rs0386 0.000000 0.157890 0.000000
rs0391 0.000000 0.105260 inf
rs0392 0.026320 0.105260 0.000000
rs0393 0.052630 0.131580 0.026310
rs0406 0.105260 0.105270 0.000000
rs0416 0.105260 0.368420 0.052630
rs0419 0.000000 0.105260 0.000000
rs0421 0.131580 0.447370 0.052630
rs0424 0.026320 0.157890 0.000000
rs0425 0.000000 0.105260 inf
rs0429 0.078950 0.263160 0.000000
rs0430 0.131580 0.421050 0.052630
rs0432 0.026320 0.078940 0.000000
rs0437 0.000000 0.131580 inf
rs0440 0.210530 0.131580 0.000000
rs0444 0.052630 0.184210 0.026310
rs0452 0.000000 0.105260 0.000000
rs0460 0.052630 0.236840 0.026310
rs0463 0.000000 0.105260 0.000000
rs0468 0.000000 0.105260 inf
rs0472 0.131580 0.394740 0.000000
rs0473 0.052630 0.263160 0.026310
rs0477 0.000000 0.105260 0.000000
rs0485 0.078950 0.210520 0.052630
rs0493 0.000000 0.157890 0.000000
rs0495 0.078950 0.263160 0.052630
rs0503 0.052630 0.078950 0.000000
rs0505 0.000000 0.131580 inf
rs0508 0.052630 0.263160 0.000000
rs0516 0.000000 0.157890 inf
rs0517 0.000000 0.078950 0.000000
rs0519 0.000000 0.105260 inf
rs0520 0.052630 0.157900 0.000000
rs0528 0.000000 0.078950 inf
rs0532 0.000000 0.105260 0.000000
rs0536 0.026320 0.157890 inf
rs0538 0.000000 0.105260 0.000000
rs0541 0.000000 0.078950 inf
rs0549 0.000000 0.131580 0.000000
rs0554 0.000000 0.078950 inf
rs0555 0.000000 0.078950 0.000000
rs0556 0.026320 0.210520 0.000000
rs0560 0.000000 0.078950 0.000000
rs0571 0.105260 0.342110 0.052630
rs0573 0.052630 0.289480 0.000000
rs0574 0.000000 0.105260 inf
rs0582 0.000000 0.131580 0.000000
rs0586 0.052630 0.210530 0.026310
rs0591 0.000000 0.078950 0.000000
rs0612 0.157890 0.078950 0.052630
rs0650 0.078950 0.078940 0.000000
rs0656 0.026320 0.105260 inf
rs0660 0.000000 0.078950 0.000000
rs0672 0.184210 0.078950 0.078950
rs0679 0.000000 0.105260 0.000000
rs0724 0.000000 0.078950 inf
rs0731 0.000000 0.105260 0.000000
rs0741 0.000000 0.105260 inf
rs0745 0.000000 0.131580 0.000000
rs0751 0.000000 0.078950 inf
rs0763 0.000000 0.078950 0.000000
rs0768 0.000000 0.105260 inf
rs0775 0.131580 0.368420 0.000000
rs0779 0.000000 0.105260 inf
rs0781 0.000000 0.078950 0.000000
rs0788 0.026320 0.157890 inf
rs0797 0.000000 0.105260 0.000000
rs0798 0.026320 0.105260 inf
rs0804 0.052630 0.131580 0.000000
rs0805 0.105260 0.315790 0.052630
rs0806 0.000000 0.078950 0.000000
rs0808 0.552630 0.236840 0.078950
rs0809 0.000000 0.078950 0.000000
rs0812 0.000000 0.078950 inf
rs0815 0.052630 0.263160 0.000000
rs0823 0.000000 0.078950 inf
rs0833 0.000000 0.105260 0.000000
rs0839 0.000000 0.078950 inf
rs0842 0.078950 0.342100 0.000000
rs0847 0.000000 0.105260 inf
rs0868 0.000000 0.078950 0.000000
rs0869 0.000000 0.157890 inf
rs0871 0.000000 0.131580 0.000000
rs0896 0.315790 0.157890 0.052630
rs0906 0.052630 0.184210 0.000000
rs0909 0.052630 0.157900 0.026310
rs0916 0.026320 0.131570 0.000000
rs0932 0.078950 0.421050 0.026320
rs0933 0.078950 0.315790 0.000000
rs0944 0.000000 0.157890 inf
rs0950 0.000000 0.157890 0.000000
rs0957 0.052630 0.263160 0.026310
rs0958 0.000000 0.078950 0.000000
rs0959 0.105260 0.368420 0.052630
rs0960 0.157890 0.473690 0.000000
rs0967 0.000000 0.105260 inf
rs0970 0.000000 0.078950 0.000000
rs0974 0.000000 0.078950 inf
rs0978 0.052630 0.131580 0.000000
rs0981 0.052630 0.210530 0.026310
rs0983 0.026320 0.157890 0.000000
rs0984 0.000000 0.105260 inf
rs0985 0.000000 0.184210 0.000000
rs0991 0.000000 0.078950 inf
rs0995 0.000000 0.078950 0.000000
rs0997 0.000000 0.078950 inf
rs1004 0.184210 0.105260 0.000000
rs1014 0.052630 0.263160 0.026310
rs1016 0.000000 0.078950 0.000000
rs1021 0.052630 0.210530 0.026310
rs1023 0.026320 0.105260 0.000000
rs1025 0.105260 0.105270 0.052630
rs1029 0.026320 0.131570 0.000000
rs1030 0.131580 0.421050 0.052630
rs1035 0.026320 0.157890 0.000000
rs1036 0.105260 0.131580 0.026310
rs1038 0.131580 0.289470 0.000000
rs1046 0.526320 0.263150 0.131580
rs1047 0.078950 0.236840 0.000000
rs1050 0.105260 0.289480 0.052630
rs1052 0.000000 0.105260 0.000000
rs1055 0.052630 0.210530 0.026310
rs1060 0.078950 0.210520 0.000000
rs1062 0.000000 0.078950 inf
rs1072 0.000000 0.131580 0.000000
rs1074 0.026320 0.184210 inf
rs1075 0.000000 0.078950 0.000000
rs1081 0.026320 0.131570 inf
rs1082 0.000000 0.078950 0.000000
rs1084 0.000000 0.105260 inf
rs1091 0.000000 0.105260 0.000000
rs1098 0.052630 0.157900 0.026310
rs1100 0.000000 0.105260 0.000000
rs1102 0.000000 0.052630 inf
rs1103 0.000000 0.105260 0.000000
rs1105 0.131580 0.315790 0.052630
rs1106 0.710530 0.184210 0.000000
rs1109 0.000000 0.078950 inf
rs1110 0.000000 0.078950 0.000000
rs1111 0.315790 0.157890 0.052630
rs1112 0.131580 0.105260 0.000000
rs1116 0.315790 0.131580 0.078950
rs1117 0.026320 0.210520 0.000000
rs1118 0.000000 0.105260 inf
rs1121 0.000000 0.078950 0.000000
rs1126 0.026320 0.210520 0.000000
rs1129 0.368420 0.210530 0.000000
rs1131 0.000000 0.052630 inf
rs1137 0.000000 0.105260 0.000000
rs1143 0.105260 0.342110 0.026310
rs1150 0.263160 0.184210 0.000000
rs1152 0.000000 0.105260 inf
rs1154 0.000000 0.105260 0.000000
rs1159 0.052630 0.210530 0.026310
rs1163 0.000000 0.131580 0.000000
rs1168 0.000000 0.105260 inf
rs1169 0.000000 0.078950 0.000000
rs1178 0.000000 0.105260 inf
rs1179 0.000000 0.131580 0.000000
rs1182 0.000000 0.105260 inf
rs1185 0.000000 0.105260 0.000000
rs1188 0.052630 0.263160 0.026310
rs1191 0.000000 0.105260 0.000000
rs1195 0.105260 0.157900 0.052630
rs1197 0.000000 0.105260 0.000000
rs1198 0.000000 0.131580 inf
rs1200 0.078950 0.263160 0.000000
rs1209 0.000000 0.131580 inf
rs1212 0.000000 0.131580 0.000000
rs1214 0.447370 0.184210 0.078950
rs1220 0.000000 0.105260 0.000000
rs1248 0.000000 0.105260 inf
rs1258 0.000000 0.078950 0.000000
rs1259 0.000000 0.157890 inf
rs1264 0.052630 0.184210 0.000000
rs1266 0.000000 0.131580 inf
rs1267 0.000000 0.078950 0.000000
rs1270 0.000000 0.131580 inf
rs1276 0.052630 0.157900 0.000000
rs1284 0.052630 0.184210 0.026310
rs1290 0.052630 0.157900 0.000000
rs1291 0.000000 0.157890 inf
rs1293 0.000000 0.078950 0.000000
rs1296 0.078950 0.315790 0.026320
rs1297 0.026320 0.210520 0.000000
rs1337 0.000000 0.105260 inf
rs1359 0.026320 0.157890 0.000000
rs1437 0.000000 0.078950 inf
