rf0002 7.135440 0.151230 0.000000
rf0003 7.459510 0.129630 0.309670
rf0007 7.056220 0.302470 0.000000
rf0010 7.293870 0.136830 0.064810
rf0011 6.998600 0.194450 0.000000
rf0013 7.502720 0.036010 0.057610
rf0015 7.257860 0.158440 0.000000
rf0016 7.128230 0.151240 0.057610
rf0022 7.164240 0.079220 0.000000
rf0024 6.977000 0.201650 -0.014400
rf0029 7.243460 0.151230 0.000000
rf0030 6.977000 0.331280 -0.036010
rf0031 7.358690 0.129630 0.000000
rf0032 7.135440 0.266460 0.072020
rf0033 7.171440 0.172840 0.000000
rf0040 7.373090 0.158440 0.208850
rf0042 7.337080 0.295270 0.000000
rf0043 7.661160 0.201640 0.396090
rf0048 7.185850 0.158430 0.000000
rf0049 7.207450 0.194450 0.057610
rf0053 7.308280 0.136830 0.000000
rf0055 7.049020 0.424890 0.000000
rf0058 7.041810 0.252060 0.000000
rf0060 7.085020 0.151240 0.036000
rf0061 7.077820 0.266460 0.000000
rf0062 7.013010 0.180040 0.007200
rf0064 7.344280 0.136830 0.000000
rf0065 7.142640 0.129630 0.050410
rf0071 7.416300 0.266460 0.000000
rf0072 7.733170 0.194450 0.079220
rf0073 7.445110 0.223250 0.000000
rf0074 6.984200 0.367290 -0.036010
rf0084 6.998600 0.309680 0.000000
rf0092 7.394690 0.201650 0.172830
rf0099 7.085020 0.172840 0.000000
rf0102 7.077820 0.259260 0.036010
rf0109 6.998600 0.302470 0.000000
rf0113 7.178650 0.216040 0.100830
rf0117 7.092230 0.172840 0.000000
rf0118 7.085020 0.201650 0.036000
rf0122 7.243460 0.172840 0.000000
rf0125 6.977000 0.439300 -0.072020
rf0126 7.653950 0.201650 0.000000
rf0127 7.301070 0.050420 0.050410
rf0128 7.034610 0.208850 0.000000
rf0129 6.977000 0.216050 -0.021600
rf0132 7.056220 0.129630 0.000000
rf0133 7.279470 0.273660 0.180040
rf0134 6.977000 0.432100 0.000000
rf0138 7.099430 0.064810 0.043210
rf0148 7.337080 0.367290 0.000000
rf0150 7.293870 0.309670 0.172840
rf0156 7.538730 0.122430 0.000000
rf0158 7.077820 0.331280 0.036010
rf0164 7.243460 0.201650 0.000000
rf0166 7.092230 0.093620 0.057620
rf0167 7.315480 0.230450 0.000000
rf0169 7.164240 0.158440 0.050410
rf0171 8.150870 0.129630 0.000000
rf0173 7.207450 0.525720 0.100820
rf0175 6.977000 0.216050 0.000000
rf0176 6.977000 0.612140 -0.050410
rf0180 6.984200 0.288070 0.000000
rf0190 7.113830 0.086420 0.050410
rf0192 7.113830 0.151240 0.000000
rf0193 6.977000 0.424900 -0.050410
rf0201 7.322680 0.216050 0.000000
rf0204 7.365890 0.194440 0.057610
rf0205 7.229060 0.259260 0.000000
rf0206 7.358690 0.194440 0.230460
rf0221 7.085020 0.273670 0.000000
rf0223 6.977000 0.302470 -0.043210
rf0227 6.998600 0.216050 0.000000
rf0234 6.977000 0.331280 -0.036010
rf0237 7.229060 0.216050 0.000000
rf0238 7.027410 0.180040 0.021600
rf0241 7.898810 0.259260 0.000000
rf0242 7.185850 0.381680 0.100830
rf0244 7.005810 0.482510 0.000000
rf0248 7.315480 0.043210 0.043210
rf0249 7.257860 0.158440 0.000000
rf0250 7.610740 0.201650 0.086420
rf0251 6.977000 0.237650 0.000000
rf0253 7.085020 0.280870 0.043210
rf0256 6.977000 0.482510 0.000000
rf0258 6.977000 0.309670 -0.028810
rf0259 7.013010 0.201640 0.000000
rf0263 7.092230 0.259260 0.036010
rf0264 6.977000 0.518520 0.000000
rf0267 7.005810 0.230450 0.000000
rf0268 7.013010 0.201640 0.000000
rf0271 6.977000 0.316870 -0.036010
rf0277 7.070620 0.252060 0.000000
rf0283 7.214650 0.144040 0.151230
rf0284 7.337080 0.172840 0.000000
rf0286 7.027410 0.453700 -0.021610
rf0287 7.041810 0.223260 0.000000
rf0292 6.977000 0.417690 -0.079220
rf0294 7.142640 0.302470 0.000000
rf0295 7.106630 0.180040 0.072020
rf0298 7.020210 0.172840 0.000000
rf0299 7.128230 0.187250 0.050410
rf0300 7.041810 0.158440 0.000000
rf0303 7.077820 0.208850 0.036010
rf0305 7.085020 0.194450 0.000000
rf0306 7.149840 0.136830 0.050410
rf0309 7.020210 0.115230 0.000000
rf0314 7.157040 0.230450 0.057610
rf0315 6.977000 0.172840 0.000000
rf0316 7.027410 0.489710 -0.028810
rf0318 7.632350 0.259260 0.000000
rf0319 6.977000 0.295270 -0.036010
rf0324 7.301070 0.036010 0.000000
rf0325 7.293870 0.151240 0.165640
rf0327 7.106630 0.640950 0.000000
rf0329 7.466710 0.172840 0.244850
rf0331 7.250660 0.172840 0.000000
rf0333 6.977000 0.482510 -0.057610
rf0335 7.178650 0.158430 0.000000
rf0338 7.416300 0.151230 0.064810
rf0339 7.473910 0.129630 0.000000
rf0342 6.977000 0.151230 -0.014400
rf0343 6.998600 0.302470 0.000000
rf0346 7.783580 0.388890 0.540120
rf0348 7.265070 0.165630 0.000000
rf0351 7.185850 0.165640 0.057620
rf0354 6.977000 0.583330 0.000000
rf0358 7.495520 0.172840 0.079220
rf0363 7.574740 0.172840 0.000000
rf0364 6.977000 0.439300 -0.028810
rf0366 7.257860 0.122430 0.000000
rf0372 7.459510 0.064810 0.043210
rf0374 6.977000 0.151230 0.000000
rf0375 7.164240 0.158440 0.086420
rf0376 7.265070 0.108020 0.000000
rf0377 7.027410 0.043210 0.028810
rf0378 6.977000 0.446500 0.000000
rf0381 7.214650 0.266460 0.057610
rf0383 6.977000 0.381690 0.000000
rf0385 7.034610 0.165640 0.021600
rf0386 6.977000 0.439300 0.000000
rf0387 6.984200 0.475310 -0.043210
rf0388 7.286670 0.187240 0.000000
rf0391 7.056220 0.208850 0.028810
rf0394 7.286670 0.223250 0.000000
rf0395 7.884410 0.129630 0.338480
rf0396 7.157040 0.158440 0.000000
rf0397 7.121030 0.122430 0.086420
rf0398 6.977000 0.648150 0.000000
rf0399 7.041810 0.136840 0.028800
rf0400 7.797990 0.115220 0.000000
rf0401 7.373090 0.180040 0.057610
rf0403 7.221860 0.266460 0.000000
rf0405 7.056220 0.410490 0.007200
rf0415 6.977000 0.244860 0.000000
rf0419 7.567530 0.180050 0.079210
rf0425 6.991400 0.388890 0.000000
rf0427 6.977000 0.309670 -0.028810
rf0428 7.265070 0.201640 0.000000
rf0430 7.394690 0.316880 0.064810
rf0432 6.998600 0.158440 0.000000
rf0433 6.977000 0.230450 -0.014400
rf0434 7.329880 0.244860 0.000000
rf0435 7.149840 0.360080 0.064820
rf0439 7.365890 0.151230 0.000000
rf0441 7.329880 0.151230 0.064810
rf0444 7.092230 0.280860 0.000000
rf0446 7.265070 0.540120 0.136840
rf0447 6.984200 0.396090 0.000000
rf0448 6.977000 0.172840 -0.014400
rf0455 7.567530 0.136840 0.000000
rf0460 6.977000 0.403290 -0.072020
rf0463 6.977000 0.648150 0.000000
rf0466 7.034610 0.302470 0.007200
rf0473 6.977000 0.360080 0.000000
rf0474 7.416300 0.158440 0.057610
rf0476 7.092230 0.172840 0.000000
rf0477 7.250660 0.115230 0.079220
rf0480 6.984200 0.223250 0.000000
rf0482 7.185850 0.223250 0.072020
rf0485 7.517120 0.223250 0.000000
rf0488 7.013010 0.309670 0.000000
rf0496 7.387490 0.187250 0.000000
rf0499 7.142640 0.136830 0.050410
rf0500 6.977000 0.554530 0.000000
rf0503 7.157040 0.108030 0.050410
rf0506 7.085020 0.151240 0.000000
rf0507 7.013010 0.316870 0.000000
rf0510 7.560330 0.324080 0.000000
rf0513 6.977000 0.410490 -0.064810
rf0630 7.466710 0.165640 0.000000
rf0684 6.977000 0.547320 -0.093620
rf0693 7.409100 0.201640 0.000000
rf0713 7.049020 0.165630 0.028810
rf0730 6.977000 0.309670 0.000000
rf0795 7.157040 0.259260 0.050410
rs0001 7.344280 0.216050 0.000000
rs0002 7.013010 0.216050 0.007200
rs0003 7.193050 0.244850 0.000000
rs0010 7.135440 0.129630 0.050420
rs0011 7.149840 0.201650 0.000000
rs0012 7.157040 0.280860 0.050410
rs0013 7.041810 0.194450 0.000000
rs0014 7.027410 0.338480 -0.007200
rs0018 7.020210 0.439300 0.000000
rs0019 7.538730 0.115220 0.309670
rs0020 7.164240 0.216050 0.000000
rs0022 7.286670 0.093620 0.093620
rs0029 7.185850 0.151230 0.000000
rs0030 7.113830 0.266460 0.043210
rs0032 7.293870 0.237660 0.000000
rs0041 7.430700 0.460910 0.064810
rs0042 7.063420 0.662550 0.000000
rs0044 7.509920 0.093620 0.108020
rs0045 7.020210 0.302470 0.000000
rs0046 7.207450 0.165640 0.151230
rs0048 6.977000 0.619340 0.000000
rs0049 7.229060 1.001030 0.036010
rs0050 6.977000 0.496910 0.000000
rs0051 6.977000 0.280860 -0.028810
rs0052 6.977000 0.410490 0.000000
rs0053 7.113830 0.115230 0.072020
rs0054 7.135440 0.144030 0.000000
rs0062 7.265070 0.129620 0.064820
rs0063 7.070620 0.172840 0.000000
rs0064 6.977000 0.547320 -0.079220
rs0068 7.034610 0.194450 0.000000
rs0070 7.142640 0.136830 0.050410
rs0077 7.589140 0.201650 0.000000
rs0080 7.365890 0.280860 0.208850
rs0082 7.250660 0.266460 0.000000
rs0083 7.301070 0.288070 0.108020
rs0084 6.991400 0.230460 0.000000
rs0085 7.027410 0.223250 0.014400
rs0087 7.027410 0.662550 0.000000
rs0088 7.207450 0.172840 0.057610
rs0089 6.977000 0.331280 0.000000
rs0090 7.344280 0.129630 0.050410
rs0092 7.113830 0.194450 0.000000
rs0093 7.293870 0.187240 0.194440
rs0094 7.013010 0.230450 0.000000
rs0095 7.358690 0.129630 0.057620
rs0096 7.257860 0.165640 0.000000
rs0097 7.387490 0.165640 0.057610
rs0098 6.977000 0.244860 0.000000
rs0104 7.459510 0.108020 0.360080
rs0105 7.085020 0.129630 0.000000
rs0107 7.113830 0.158440 0.072020
rs0109 7.373090 0.129630 0.000000
rs0111 7.279470 0.151230 0.079220
rs0113 7.272270 0.144030 0.000000
rs0118 7.020210 0.194440 0.014400
rs0120 7.005810 0.295260 0.000000
rs0121 6.977000 0.453700 -0.072020
rs0122 7.272270 0.187240 0.000000
rs0124 7.257860 0.093630 0.086420
rs0127 7.135440 0.273660 0.000000
rs0128 6.977000 0.561730 -0.093620
rs0129 7.653950 0.151240 0.000000
rs0130 7.178650 0.216040 0.064820
rs0132 7.142640 0.172840 0.000000
rs0133 6.977000 0.273660 -0.036010
rs0134 6.977000 0.302470 0.000000
rs0135 7.013010 0.302470 -0.007200
rs0136 6.977000 0.172840 0.000000
rs0138 7.257860 0.158440 0.064810
rs0140 7.589140 0.158440 0.000000
rs0141 7.063420 0.144030 0.036010
rs0143 7.257860 0.151240 0.000000
rs0145 7.653950 0.079220 0.547320
rs0146 7.322680 0.237650 0.000000
rs0147 7.034610 0.172840 0.021600
rs0148 7.574740 0.194440 0.000000
rs0149 6.977000 0.230450 -0.021600
rs0150 7.092230 0.122420 0.000000
rs0155 7.185850 0.374480 0.086420
rs0156 7.049020 0.324070 0.000000
rs0159 7.128230 0.144040 0.093620
rs0163 6.977000 0.360080 0.000000
rs0166 6.977000 0.525720 -0.043210
rs0167 7.272270 0.158430 0.000000
rs0168 7.394690 0.180050 0.064810
rs0172 6.977000 0.172840 0.000000
rs0174 7.157040 0.158440 0.050410
rs0175 7.121030 0.223250 0.000000
rs0179 7.063420 0.316870 0.028810
rs0180 7.049020 0.216050 0.000000
rs0181 7.373090 0.057610 0.050410
rs0182 6.977000 0.604940 0.000000
rs0183 7.221860 0.136830 0.165640
rs0184 7.135440 0.244850 0.000000
rs0188 7.733170 0.129630 0.324070
rs0190 7.164240 0.259260 0.000000
rs0191 7.481110 0.280870 0.252050
rs0193 6.977000 0.410490 0.000000
rs0194 7.553130 0.180040 0.129630
rs0196 7.005810 0.208840 0.000000
rs0201 7.409100 0.230450 0.158440
rs0202 7.178650 0.187240 0.000000
rs0203 7.329880 0.151230 0.165640
rs0206 7.265070 0.144030 0.000000
rs0209 7.365890 0.151230 0.252060
rs0210 7.200250 0.252060 0.000000
rs0211 7.437900 0.280870 0.194440
rs0212 7.085020 0.208850 0.000000
rs0214 7.099430 0.280860 0.050410
rs0218 7.092230 0.158430 0.000000
rs0221 6.977000 0.374490 -0.043210
rs0222 7.495520 0.172840 0.000000
rs0225 6.977000 0.396090 -0.036010
rs0226 7.257860 0.201650 0.000000
rs0227 7.279470 0.273660 0.187240
rs0231 7.121030 0.201650 0.000000
rs0237 7.063420 0.172840 0.043210
rs0239 7.373090 0.122430 0.000000
rs0240 7.581940 0.180040 0.316870
rs0242 6.977000 0.230450 0.000000
rs0243 7.524320 0.100830 0.367280
rs0244 6.977000 0.180040 0.000000
rs0247 7.459510 0.180040 0.057610
rs0250 6.977000 0.468110 0.000000
rs0253 6.977000 0.360080 -0.050410
rs0255 7.243460 0.252060 0.000000
rs0256 7.265070 0.223250 0.057620
rs0257 7.070620 0.165640 0.000000
rs0259 7.164240 0.151240 0.108020
rs0260 7.401900 0.396090 0.000000
rs0261 7.250660 0.093620 0.093620
rs0262 7.286670 0.144030 0.000000
rs0263 6.977000 0.590530 -0.086420
rs0264 7.394690 0.136840 0.000000
rs0266 7.142640 0.108020 0.079220
rs0267 6.977000 0.324070 0.000000
rs0268 6.977000 0.324070 -0.050410
rs0269 7.193050 0.208850 0.000000
rs0270 6.977000 0.828190 -0.115230
rs0273 7.070620 0.144030 0.000000
rs0274 7.099430 0.237650 0.043210
rs0275 7.157040 0.158440 0.000000
rs0276 7.077820 0.223250 0.036010
rs0280 6.977000 0.640950 0.000000
rs0282 7.185850 0.158430 0.136830
rs0283 7.077820 0.158440 0.000000
rs0289 6.998600 0.201650 0.000000
rs0290 7.243460 0.244860 0.000000
rs0297 7.265070 0.165630 0.079220
rs0303 7.149840 0.172840 0.000000
rs0306 6.977000 0.432100 -0.043210
rs0308 6.977000 0.604940 0.000000
rs0310 7.142640 0.295260 0.079220
rs0313 7.545930 0.136830 0.000000
rs0314 7.020210 0.417690 0.000000
rs0315 7.164240 0.129630 0.000000
rs0316 6.977000 0.338480 -0.050410
rs0318 7.603540 0.187250 0.000000
rs0320 7.229060 0.136830 0.180040
rs0323 7.027410 0.151240 0.000000
rs0328 6.984200 0.208850 -0.014400
rs0331 6.998600 0.208850 0.000000
rs0334 6.998600 0.259260 -0.007210
rs0336 7.085020 0.374490 0.000000
rs0337 7.041810 0.273670 0.014400
rs0339 7.394690 0.172840 0.000000
rs0341 7.185850 0.158430 0.057620
rs0343 7.322680 0.424900 0.000000
rs0344 7.301070 0.208850 0.057610
rs0345 7.279470 0.129630 0.000000
rs0349 7.409100 0.165640 0.057610
rs0350 7.711570 0.072010 0.000000
rs0351 7.106630 0.216050 0.064820
rs0354 7.365890 0.244850 0.000000
rs0356 7.121030 0.280870 0.072010
rs0358 6.977000 0.266460 0.000000
rs0362 7.214650 0.223250 0.136830
rs0363 7.301070 0.244860 0.000000
rs0365 7.113830 0.165640 0.050410
rs0371 6.977000 0.432100 0.000000
rs0372 7.315480 0.237650 0.057620
rs0373 7.221860 0.280860 0.000000
rs0374 7.070620 0.151240 0.043210
rs0376 7.013010 0.432100 0.000000
rs0377 6.977000 0.237650 -0.014400
rs0378 7.646750 0.136830 0.000000
rs0382 7.531530 0.158430 0.295270
rs0384 7.135440 0.187240 0.000000
rs0386 7.344280 0.302470 0.050410
rs0389 7.365890 0.259260 0.000000
rs0390 7.293870 0.374490 0.108020
rs0391 6.977000 0.216050 0.000000
rs0392 7.661160 0.259260 0.093630
rs0393 7.070620 0.129630 0.000000
rs0396 7.387490 0.115230 0.100820
rs0405 7.409100 0.223250 0.000000
rs0406 7.128230 0.079220 0.050410
rs0409 6.977000 0.324070 0.000000
rs0410 7.257860 0.194450 0.100820
rs0416 7.272270 0.122420 0.000000
rs0418 7.265070 0.216040 0.129630
rs0419 7.049020 0.489710 0.000000
rs0420 6.977000 0.482510 -0.064810
rs0421 7.351490 0.136830 0.000000
rs0423 7.092230 0.244850 0.050420
rs0424 7.322680 0.201640 0.000000
rs0425 6.977000 0.244860 -0.021600
rs0427 7.178650 0.180040 0.000000
rs0429 7.243460 0.122430 0.079220
rs0430 7.193050 0.136830 0.000000
rs0432 8.230090 0.259260 0.108030
rs0433 6.998600 0.540130 0.000000
rs0435 7.027410 0.223250 0.014400
rs0437 7.481110 0.288070 0.000000
rs0440 7.171440 0.115230 0.050410
rs0444 7.200250 0.144030 0.000000
rs0449 6.977000 0.324070 -0.036010
rs0451 7.265070 0.158430 0.000000
rs0452 6.998600 0.504120 -0.050420
rs0453 7.790790 0.136830 0.000000
rs0454 6.977000 0.187240 -0.014400
rs0456 7.049020 0.230450 0.000000
rs0460 7.257860 0.144040 0.072010
rs0463 8.201280 0.064810 0.000000
rs0466 7.524320 0.237660 0.360080
rs0467 7.070620 0.158440 0.000000
rs0468 7.027410 0.417700 0.000000
rs0469 7.373090 0.273660 0.000000
rs0470 7.077820 0.129630 0.036010
rs0472 7.329880 0.115230 0.000000
rs0473 7.373090 0.187240 0.057610
rs0476 6.977000 0.633740 0.000000
rs0477 7.704370 0.338470 0.093630
rs0480 6.977000 0.180040 0.000000
rs0485 7.286670 0.129630 0.064810
rs0493 7.229060 0.201640 0.000000
rs0495 7.113830 0.144030 0.043210
rs0496 6.977000 0.273660 0.000000
rs0498 7.099430 0.316870 0.050410
rs0503 7.106630 0.144030 0.000000
rs0505 7.207450 0.223250 0.136830
rs0508 7.099430 0.151230 0.000000
rs0516 7.286670 0.244860 0.057610
rs0517 7.401900 0.180040 0.000000
rs0519 7.049020 0.331270 0.014410
rs0520 7.128230 0.144040 0.000000
rs0521 7.049020 0.259260 0.021610
rs0522 6.977000 0.266460 0.000000
rs0524 7.020210 0.288070 0.007200
rs0528 7.221860 0.158430 0.000000
rs0531 7.682760 0.194450 0.288070
rs0532 7.056220 0.324070 0.000000
rs0534 7.121030 0.273660 0.043210
rs0536 7.279470 0.180040 0.000000
rs0537 7.351490 0.093620 0.086420
rs0538 6.977000 0.237650 0.000000
rs0541 7.617950 0.122420 0.230460
rs0543 7.221860 0.295260 0.000000
rs0545 7.322680 0.144030 0.057610
rs0548 7.315480 0.280860 0.000000
rs0549 7.099430 0.165640 0.043210
rs0553 7.142640 0.187240 0.000000
rs0554 7.229060 0.208840 0.136830
rs0555 6.977000 0.266460 0.000000
rs0556 7.978030 0.259260 0.093620
rs0560 6.977000 0.244860 0.000000
rs0561 6.977000 0.432100 -0.057610
rs0562 6.977000 0.259260 0.000000
rs0564 7.164240 0.230450 0.072010
rs0568 7.027410 0.165640 0.000000
rs0570 7.373090 0.223250 0.187240
rs0571 7.272270 0.129630 0.000000
rs0572 6.977000 0.676950 -0.079220
rs0573 7.207450 0.158440 0.000000
rs0574 7.661160 0.122420 0.237660
rs0578 6.977000 0.597740 0.000000
rs0582 6.977000 0.223250 -0.021600
rs0585 7.121030 0.237660 0.000000
rs0586 7.308280 0.151230 0.057620
rs0587 7.243460 0.172840 0.000000
rs0588 7.020210 0.554530 0.000000
rs0591 7.121030 0.194450 0.000000
rs0598 6.977000 0.748970 -0.108020
rs0603 7.149840 0.309670 0.000000
rs0609 7.034610 0.230460 0.014400
rs0610 7.164240 0.345680 0.000000
rs0612 7.063420 0.064810 0.036010
rs0615 6.977000 0.439300 0.000000
rs0626 7.034610 0.158440 0.028800
rs0636 7.358690 0.172840 0.000000
rs0640 7.128230 0.424900 0.036000
rs0644 7.164240 0.259260 0.000000
rs0650 7.373090 0.108020 0.115230
rs0656 7.113830 0.151240 0.000000
rs0660 7.243460 0.180040 0.144030
rs0669 7.005810 0.360080 0.000000
rs0672 7.308280 0.108020 0.086420
rs0679 6.977000 0.504110 0.000000
rs0688 7.819590 0.151240 0.288060
rs0708 7.581940 0.252060 0.000000
rs0719 8.021240 0.324070 0.309670
rs0724 7.214650 0.144040 0.000000
rs0731 7.049020 0.280860 0.021610
rs0741 6.977000 0.374490 0.000000
rs0743 7.178650 0.144030 0.057620
rs0744 7.164240 0.316870 0.000000
rs0745 7.135440 0.165630 0.079220
rs0751 7.315480 0.180040 0.000000
rs0752 7.106630 0.439300 0.043210
rs0754 6.977000 0.496910 0.000000
rs0757 7.099430 0.244850 0.057620
rs0763 6.977000 0.302470 0.000000
rs0767 6.977000 0.237650 -0.021600
rs0768 6.977000 0.223250 0.000000
rs0774 7.099430 0.151230 0.043210
rs0775 7.113830 0.115230 0.000000
rs0777 7.524320 0.180050 0.079210
rs0779 7.229060 0.194440 0.000000
rs0781 7.229060 0.144030 0.165640
rs0784 7.063420 0.288070 0.000000
rs0786 7.121030 0.216050 0.057610
rs0788 7.214650 0.172840 0.000000
rs0793 7.085020 0.244860 0.043210
rs0797 7.322680 0.122430 0.000000
rs0798 7.149840 0.108020 0.079220
rs0802 7.077820 0.172840 0.000000
rs0804 7.596340 0.194450 0.079220
rs0805 7.653950 0.172840 0.000000
rs0806 6.977000 0.252060 -0.021600
rs0808 7.113830 0.043210 0.000000
rs0809 7.401900 0.194440 0.208850
rs0810 7.135440 0.201640 0.000000
rs0811 6.977000 0.230450 -0.021600
rs0812 7.610740 0.129630 0.000000
rs0815 7.157040 0.136830 0.050410
rs0823 7.365890 0.151230 0.000000
rs0831 7.459510 0.208850 0.252060
rs0833 7.711570 0.086420 0.000000
rs0834 6.977000 0.223250 -0.021600
rs0839 7.178650 0.187240 0.000000
rs0842 7.329880 0.129630 0.057610
rs0843 6.977000 0.417690 0.000000
rs0845 6.977000 0.468110 -0.050410
rs0846 6.977000 0.446500 0.000000
rs0847 6.977000 0.518520 -0.072020
rs0850 7.229060 0.288060 0.000000
rs0853 6.977000 0.468110 -0.028810
rs0866 6.977000 0.244860 0.000000
rs0868 6.977000 0.252060 -0.021600
rs0869 7.301070 0.252060 0.000000
rs0871 7.106630 0.381690 0.036010
rs0872 7.092230 0.208840 0.000000
rs0873 7.293870 0.302470 0.158430
rs0875 7.142640 0.158430 0.000000
rs0879 7.092230 0.223250 0.057620
rs0880 6.977000 0.266460 0.000000
rs0882 7.538730 0.338480 0.331280
rs0891 7.545930 0.100820 0.000000
rs0896 7.329880 0.079220 0.129630
rs0897 7.049020 0.201640 0.000000
rs0901 7.085020 0.158440 0.043210
rs0906 7.308280 0.144030 0.000000
rs0907 6.984200 0.259260 -0.014400
rs0909 7.005810 0.136830 0.000000
rs0910 7.257860 0.115230 0.172840
rs0916 7.142640 0.165640 0.000000
rs0919 7.243460 0.201650 0.086420
rs0921 6.977000 0.691360 0.000000
rs0922 7.056220 0.316870 0.021610
rs0923 7.063420 0.144030 0.000000
rs0932 7.207450 0.158440 0.057610
rs0933 7.178650 0.136830 0.000000
rs0935 7.121030 0.252060 0.050410
rs0944 7.092230 0.165630 0.000000
rs0945 7.020210 0.374480 -0.007200
rs0946 7.178650 0.374480 0.000000
rs0950 7.308280 0.316870 0.050420
rs0953 7.257860 0.187250 0.000000
rs0954 7.401900 0.180040 0.172840
rs0957 7.466710 0.194450 0.000000
rs0958 6.977000 0.439300 -0.057610
rs0959 7.164240 0.129630 0.000000
rs0960 7.207450 0.144040 0.050410
rs0967 6.991400 0.223250 0.000000
rs0970 6.977000 0.352880 -0.036010
rs0974 7.200250 0.187240 0.000000
rs0978 7.257860 0.086420 0.093620
rs0979 7.056220 0.208850 0.000000
rs0980 7.963620 0.108030 0.720160
rs0981 7.265070 0.129620 0.000000
rs0982 7.279470 0.129630 0.064820
rs0983 7.351490 0.208840 0.000000
rs0984 7.113830 0.223250 0.050410
rs0985 7.221860 0.208840 0.000000
rs0988 7.221860 0.338470 0.136840
rs0989 6.977000 0.424900 0.000000
rs0991 6.977000 0.352880 -0.057610
rs0995 6.977000 0.288070 0.000000
rs0997 6.977000 0.237650 -0.028810
rs1000 7.092230 0.280860 0.000000
rs1002 6.977000 0.626540 -0.036010
rs1003 7.308280 0.338470 0.000000
rs1004 7.257860 0.086420 0.122420
rs1005 7.185850 0.316870 0.000000
rs1010 8.064450 0.144030 0.280870
rs1014 7.531530 0.172840 0.000000
rs1016 7.322680 0.165640 0.165640
rs1017 7.351490 0.187240 0.000000
rs1020 7.250660 0.201650 0.108020
rs1021 7.106630 0.129630 0.000000
rs1023 7.286670 0.100820 0.129630
rs1025 7.142640 0.086420 0.000000
rs1029 7.056220 0.144030 0.036010
rs1030 7.164240 0.122430 0.000000
rs1031 7.121030 0.316870 0.050410
rs1032 7.279470 0.216050 0.000000
rs1034 7.214650 0.201650 0.064810
rs1035 7.437900 0.237660 0.000000
rs1036 7.293870 0.079220 0.079220
rs1038 7.077820 0.079220 0.000000
rs1040 7.092230 0.151230 0.050420
rs1043 7.589140 0.208850 0.000000
rs1045 7.041810 0.244860 0.021600
rs1046 6.977000 0.273660 0.000000
rs1047 7.077820 0.115230 0.043210
rs1048 6.977000 0.568930 0.000000
rs1050 7.164240 0.122430 0.050410
rs1052 7.013010 0.223250 0.000000
rs1054 7.286670 0.158440 0.072020
rs1055 7.149840 0.151230 0.000000
rs1057 7.661160 0.172840 0.266470
rs1059 6.977000 0.273660 0.000000
rs1060 7.646750 0.180040 0.072010
rs1062 7.380290 0.136830 0.000000
rs1065 7.041810 0.187250 0.021600
rs1066 7.740370 0.424900 0.000000
rs1068 6.977000 0.583330 -0.043210
rs1072 7.020210 0.180040 0.000000
rs1073 6.977000 0.172840 -0.014400
rs1074 7.265070 0.180040 0.000000
rs1075 7.329880 0.115230 0.180040
rs1076 6.977000 0.417690 0.000000
rs1079 6.977000 0.604940 -0.108020
rs1080 6.977000 0.367280 0.000000
rs1081 7.128230 0.180050 0.050410
rs1082 7.301070 0.122430 0.000000
rs1084 6.998600 0.187250 0.000000
rs1086 6.984200 0.338480 0.000000
rs1087 6.977000 0.223250 -0.014400
rs1091 7.646750 0.086420 0.000000
rs1092 7.315480 0.273660 0.194450
rs1093 7.315480 0.252050 0.000000
rs1098 7.171440 0.158440 0.057610
rs1100 7.013010 0.439300 0.000000
rs1102 7.279470 0.194440 0.129630
rs1103 7.646750 0.338480 0.000000
rs1104 6.977000 0.180040 -0.014400
rs1105 7.128230 0.108030 0.000000
rs1106 6.977000 0.108020 -0.007200
rs1108 7.128230 0.144040 0.000000
rs1109 7.358690 0.187240 0.223250
rs1110 6.977000 0.288070 0.000000
rs1111 7.286670 0.028810 0.028810
rs1112 7.337080 0.093620 0.000000
rs1114 6.977000 0.640950 -0.122430
rs1116 7.106630 0.086420 0.000000
rs1117 7.135440 0.158430 0.050420
rs1118 7.027410 0.259260 0.000000
rs1121 7.315480 0.144030 0.165640
rs1122 7.337080 0.223250 0.000000
rs1123 7.229060 0.194440 0.144040
rs1124 7.049020 0.288060 0.000000
rs1126 7.193050 0.165640 0.057610
rs1129 7.308280 0.086410 0.000000
rs1131 7.279470 0.165640 0.151240
rs1132 7.308280 0.187240 0.000000
rs1134 7.437900 0.208850 0.244850
rs1137 7.041810 0.302470 0.000000
rs1142 7.077820 0.208850 0.036010
rs1143 7.135440 0.122420 0.000000
rs1145 7.200250 0.302470 0.093620
rs1147 7.142640 0.216050 0.000000
rs1149 7.243460 0.194440 0.072020
rs1150 7.272270 0.043210 0.000000
rs1151 6.977000 0.446500 -0.028810
rs1152 7.121030 0.151240 0.000000
rs1154 7.013010 0.309670 -0.007200
rs1159 7.178650 0.151230 0.000000
rs1162 7.106630 0.244860 0.064820
rs1163 7.250660 0.396090 0.000000
rs1165 7.286670 0.180040 0.108020
rs1168 7.178650 0.108020 0.000000
rs1169 6.977000 0.244860 -0.021600
rs1170 7.005810 0.237650 0.000000
rs1178 6.984200 0.302470 -0.021610
rs1179 7.142640 0.252050 0.000000
rs1182 6.977000 0.201650 -0.014400
rs1183 6.977000 0.439300 0.000000
rs1184 7.221860 0.180040 0.064820
rs1185 6.977000 0.568930 0.000000
rs1188 7.373090 0.165640 0.057610
rs1190 7.409100 0.122430 0.000000
rs1191 6.977000 0.374490 -0.050410
rs1195 7.005810 0.129630 0.000000
rs1197 7.056220 0.151230 0.043210
rs1198 7.257860 0.309670 0.000000
rs1200 7.257860 0.122430 0.079210
rs1202 7.027410 0.180040 0.000000
rs1205 6.977000 0.453700 -0.072020
rs1209 7.236260 0.338480 0.000000
rs1211 7.229060 0.446500 0.122430
rs1212 6.984200 0.172840 0.000000
rs1213 7.567530 0.129630 0.388880
rs1214 7.423500 0.028810 0.000000
rs1217 7.761980 0.158440 0.381690
rs1220 6.977000 0.446500 0.000000
rs1229 7.531530 0.187240 0.280870
rs1245 7.041810 0.151240 0.000000
rs1248 6.977000 0.259260 -0.028810
rs1254 7.135440 0.223250 0.000000
rs1258 6.977000 0.338480 -0.028810
rs1259 7.466710 0.252060 0.000000
rs1260 7.193050 0.165640 0.057610
rs1261 7.394690 0.345680 0.000000
rs1262 7.135440 0.165630 0.050420
rs1263 7.092230 0.201640 0.000000
rs1264 7.308280 0.151230 0.057620
rs1265 7.027410 0.576130 0.000000
rs1266 7.272270 0.532920 0.028810
rs1267 7.286670 0.230450 0.000000
rs1269 6.998600 0.144040 0.000000
rs1270 7.272270 0.331270 0.000000
rs1276 7.265070 0.136830 0.072020
rs1278 6.977000 0.424900 0.000000
rs1282 7.128230 0.208850 0.079210
rs1283 7.142640 0.158430 0.000000
rs1284 7.488320 0.165630 0.079220
rs1285 7.286670 0.345680 0.000000
rs1286 6.984200 0.518520 -0.043210
rs1290 7.394690 0.194450 0.000000
rs1291 7.157040 0.172840 0.057610
rs1292 6.977000 0.230450 0.000000
rs1293 6.977000 0.288070 -0.028810
rs1294 6.977000 0.237650 0.000000
rs1296 7.459510 0.165640 0.057610
rs1297 7.315480 0.172840 0.000000
rs1300 7.063420 0.417690 0.014400
rs1301 7.509920 0.151240 0.000000
rs1302 7.171440 0.151240 0.057610
rs1303 6.991400 0.360090 0.000000
rs1304 7.502720 0.223250 0.079220
rs1337 6.977000 0.230450 0.000000
rs1359 7.322680 0.165640 0.057610
rs1364 7.416300 0.237650 0.000000
rs1368 7.337080 0.576130 0.057610
rs1437 7.257860 0.144040 0.000000
rs1518 7.797990 0.129630 0.439300
