rf0001 8.274430 0.065390 0.000000
rf0002 8.437910 0.098080 0.065390
rf0003 8.535990 0.163480 0.000000
rf0006 8.372520 0.163470 0.065390
rf0007 8.634080 0.065390 0.000000
rf0008 8.928330 inf 0.098080
rf0010 8.274430 0.065390 0.000000
rf0011 8.437910 0.130780 0.065390
rf0013 8.339820 0.130780 0.000000
rf0014 8.274430 0.196170 0.130780
rf0015 8.764860 0.065390 0.000000
rf0016 8.666770 0.032700 0.098080
rf0017 8.274430 0.098090 0.000000
rf0019 8.274430 0.196170 0.065390
rf0020 8.503300 0.130780 0.000000
rf0022 8.405210 0.065390 0.065390
rf0023 8.274430 0.130780 0.000000
rf0024 8.535990 0.130780 0.098080
rf0025 8.601380 0.065390 0.000000
rf0028 8.307130 0.196170 0.032690
rf0029 8.274430 0.130780 0.000000
rf0030 8.470600 0.130780 0.196170
rf0031 8.732160 0.032700 0.000000
rf0032 8.503300 0.130780 0.065390
rf0033 8.274430 0.163480 0.000000
rf0034 8.274430 0.098090 0.032690
rf0040 8.732160 0.032700 0.000000
rf0042 8.274430 0.098090 0.098080
rf0043 8.732160 0.065390 0.000000
rf0045 8.274430 0.065390 0.098090
rf0048 8.274430 0.098090 0.000000
rf0049 8.274430 0.130780 0.032690
rf0051 8.241740 0.098080 0.000000
rf0053 8.274430 0.032700 0.032690
rf0055 8.830250 0.065390 0.000000
rf0057 8.634080 0.065390 0.098080
rf0058 8.405210 0.163480 0.000000
rf0059 8.372520 0.130780 0.098080
rf0060 8.274430 0.098090 0.000000
rf0061 8.470600 0.163480 0.065390
rf0062 8.503300 0.098080 0.000000
rf0064 8.241740 0.065390 0.032690
rf0065 8.274430 0.065390 0.000000
rf0068 8.241740 0.163470 0.065390
rf0071 8.732160 0.065390 0.000000
rf0072 7.947480 0.098090 0.228860
rf0073 8.110960 0.130780 0.000000
rf0074 8.634080 0.098080 0.098090
rf0075 8.274430 0.163480 0.000000
rf0076 8.274430 0.163480 0.065390
rf0077 8.274430 0.098090 0.000000
rf0079 8.339820 0.196170 0.065390
rf0083 8.274430 0.196170 0.000000
rf0084 8.372520 0.196170 0.228860
rf0092 8.797550 0.065390 0.000000
rf0098 8.568690 0.130780 0.098080
rf0099 8.274430 0.130780 0.000000
rf0102 8.274430 0.228870 0.196170
rf0104 8.241740 0.098080 0.000000
rf0106 8.470600 0.130780 0.098080
rf0107 8.274430 0.065390 0.000000
rf0108 8.274430 0.032700 0.065390
rf0109 8.405210 0.163480 0.000000
rf0110 8.241740 0.130780 0.065390
rf0111 8.405210 0.163480 0.000000
rf0113 8.666770 0.032700 0.098090
rf0115 8.666770 0.032700 0.000000
rf0117 8.372520 0.163470 0.065390
rf0118 8.274430 0.163480 0.000000
rf0119 8.274430 0.163480 0.228870
rf0120 8.241740 0.130780 0.000000
rf0122 8.274430 0.130780 0.098090
rf0125 8.568690 0.130780 0.000000
rf0126 8.830250 0.032690 0.065390
rf0127 8.012870 0.196170 0.000000
rf0128 8.437910 0.163470 0.065390
rf0129 8.405210 0.130780 0.000000
rf0130 7.947480 0.130780 0.032690
rf0132 8.470600 0.098090 0.000000
rf0133 8.634080 0.065390 0.098080
rf0134 8.437910 0.163470 0.000000
rf0138 8.470600 0.098090 0.065390
rf0139 8.928330 inf 0.000000
rf0141 8.274430 0.163480 0.065390
rf0143 8.339820 0.130780 0.000000
rf0145 8.568690 0.098080 0.065390
rf0147 8.666770 0.098090 0.000000
rf0148 8.928330 inf 0.065390
rf0149 8.666770 0.032700 0.000000
rf0150 8.699470 0.065390 0.163470
rf0154 8.274430 0.098090 0.000000
rf0155 8.568690 0.130780 0.359640
rf0156 8.503300 0.228860 0.000000
rf0157 7.980180 0.228860 0.196170
rf0158 8.634080 0.065390 0.000000
rf0160 8.503300 0.163470 0.130780
rf0164 8.732160 0.032700 0.000000
rf0165 8.437910 0.359640 0.228860
rf0166 8.601380 0.065390 0.000000
rf0167 8.764860 0.065390 0.032690
rf0169 8.274430 0.130780 0.000000
rf0170 8.634080 0.065390 0.032690
rf0171 8.895640 0.032690 0.000000
rf0172 8.503300 0.196170 0.065390
rf0173 8.764860 0.032690 0.000000
rf0174 8.666770 0.065390 0.032690
rf0175 8.339820 0.196170 0.000000
rf0176 8.405210 0.196170 0.065390
rf0177 8.405210 0.130780 0.000000
rf0179 8.274430 0.065390 0.163470
rf0180 8.372520 0.130780 0.000000
rf0181 8.339820 0.163480 0.130780
rf0190 8.405210 0.065390 0.000000
rf0191 8.601380 0.130780 0.032690
rf0192 8.307130 0.163470 0.000000
rf0193 8.666770 0.098090 0.065390
rf0195 8.470600 0.196170 0.000000
rf0197 8.274430 0.098090 0.065390
rf0199 8.307130 0.228860 0.000000
rf0201 8.274430 0.065390 0.098080
rf0204 8.274430 0.065390 0.000000
rf0205 8.535990 0.196170 0.065390
rf0206 8.634080 0.065390 0.000000
rf0207 8.274430 0.163480 0.065390
rf0209 8.862940 0.065390 0.000000
rf0210 8.307130 0.163470 0.065390
rf0216 8.503300 0.261560 0.000000
rf0217 8.764860 0.032690 0.098090
rf0218 8.634080 0.065390 0.000000
rf0221 8.797550 0.098090 0.098080
rf0223 8.568690 0.163470 0.000000
rf0226 8.372520 0.196170 0.065390
rf0227 8.372520 0.163470 0.000000
rf0229 8.437910 0.261560 0.098080
rf0230 8.601380 0.098090 0.000000
rf0233 8.928330 0.000000 0.065390
rf0234 8.535990 0.163480 0.000000
rf0236 8.274430 0.130780 0.065390
rf0237 8.568690 0.130780 0.000000
rf0238 8.274430 0.163480 0.065390
rf0241 7.947480 0.130780 0.000000
rf0242 8.535990 0.065390 0.130780
rf0244 8.699470 0.163470 0.000000
rf0245 8.666770 0.098090 0.065390
rf0246 7.947480 0.196170 0.000000
rf0247 8.274430 0.065390 0.130780
rf0248 8.241740 0.065390 0.000000
rf0249 8.797550 0.032700 0.228870
rf0250 7.947480 0.130780 0.000000
rf0251 8.372520 0.130780 0.228860
rf0252 8.274430 0.163480 0.000000
rf0253 8.666770 0.065390 0.065390
rf0256 8.568690 0.130780 0.000000
rf0257 8.274430 0.098090 0.065390
rf0258 8.437910 0.130780 0.000000
rf0259 8.405210 0.163480 0.392340
rf0261 8.470600 0.098090 0.000000
rf0262 8.241740 0.130780 0.065390
rf0263 8.307130 0.130780 0.000000
rf0264 8.470600 0.163480 0.032700
rf0265 8.274430 0.032700 0.000000
rf0266 7.947480 0.163480 0.098090
rf0267 8.339820 0.130780 0.000000
rf0268 8.307130 0.196170 0.098080
rf0269 8.307130 0.196170 0.000000
rf0271 8.470600 0.130780 0.196170
rf0272 7.980180 0.228860 0.000000
rf0273 8.241740 0.163470 0.098080
rf0277 8.666770 0.032700 0.000000
rf0280 8.274430 0.032700 0.065390
rf0283 8.699470 0.065390 0.000000
rf0284 8.274430 0.032700 0.098090
rf0286 8.699470 0.130780 0.000000
rf0287 8.568690 0.065390 0.098080
rf0292 8.535990 0.163480 0.000000
rf0294 8.732160 0.065390 0.228860
rf0295 8.634080 0.032690 0.000000
rf0296 8.372520 0.196170 0.098080
rf0297 8.274430 0.130780 0.000000
rf0298 8.339820 0.130780 0.196170
rf0299 8.274430 0.196170 0.000000
rf0300 8.339820 0.098090 0.098080
rf0301 8.470600 0.163480 0.000000
rf0302 8.666770 0.098090 0.130780
rf0303 8.307130 0.163470 0.000000
rf0305 8.339820 0.196170 0.098090
rf0306 8.274430 0.065390 0.000000
rf0307 7.947480 0.228870 0.196170
rf0309 8.568690 0.065390 0.000000
rf0310 8.209040 0.098090 0.065390
rf0314 8.274430 0.196170 0.000000
rf0315 8.470600 0.065390 0.098090
rf0316 8.503300 0.130780 0.000000
rf0318 7.980180 0.261560 0.294250
rf0319 8.372520 0.065390 0.000000
rf0320 8.274430 0.032700 0.065390
rf0322 8.372520 0.196170 0.000000
rf0323 8.405210 0.163480 0.130780
rf0324 8.307130 0.098080 0.000000
rf0325 8.503300 0.065390 0.326950
rf0326 8.274430 0.163480 0.000000
rf0328 8.503300 0.130780 0.032690
rf0329 8.666770 0.065390 0.000000
rf0331 8.405210 0.130780 0.130780
rf0332 7.980180 0.228860 0.000000
rf0333 8.503300 0.163470 0.261560
rf0335 8.274430 0.098090 0.000000
rf0338 7.947480 0.098090 0.098090
rf0339 8.503300 0.163470 0.000000
rf0340 8.274430 0.065390 0.326950
rf0341 8.699470 0.098080 0.000000
rf0342 8.437910 0.130780 0.130780
rf0343 8.535990 0.098090 0.000000
rf0348 8.830250 0.032690 0.065390
rf0351 8.274430 0.098090 0.000000
rf0354 8.372520 0.196170 0.065390
rf0358 7.947480 0.163480 0.000000
rf0360 8.339820 0.196170 0.065390
rf0362 8.732160 0.032700 0.000000
rf0363 7.947480 0.098090 0.065390
rf0364 8.405210 0.163480 0.000000
rf0365 8.339820 0.065390 0.065390
rf0366 8.274430 0.065390 0.000000
rf0367 8.274430 0.065390 0.098080
rf0368 8.274430 0.065390 0.000000
rf0370 8.307130 0.130780 0.065390
rf0372 8.470600 0.098090 0.000000
rf0374 8.307130 0.196170 0.130780
rf0375 8.437910 0.098080 0.000000
rf0376 8.437910 0.098080 0.065390
rf0377 8.274430 0.032700 0.000000
rf0378 8.535990 0.130780 0.163470
rf0381 8.307130 0.163470 0.000000
rf0383 8.503300 0.228860 0.065390
rf0385 8.372520 0.098080 0.000000
rf0386 8.470600 0.163480 0.032690
rf0387 8.503300 0.130780 0.000000
rf0388 8.764860 0.065390 0.065390
rf0389 8.634080 0.032690 0.000000
rf0391 8.307130 0.196170 0.098080
rf0392 8.241740 0.065390 0.000000
rf0393 7.947480 0.261560 0.065390
rf0394 8.928330 inf 0.000000
rf0395 8.764860 0.065390 0.098080
rf0396 8.634080 0.065390 0.000000
rf0397 8.634080 0.065390 0.130780
rf0398 8.535990 0.163480 0.000000
rf0399 8.372520 0.098080 0.032690
rf0400 8.895640 0.032690 0.000000
rf0401 8.241740 0.098080 0.261560
rf0403 8.307130 0.098080 0.000000
rf0405 8.666770 0.130780 0.032700
rf0411 8.666770 0.065390 0.000000
rf0412 8.339820 0.163480 0.065390
rf0413 8.339820 0.163480 0.000000
rf0415 8.437910 0.130780 0.392340
rf0417 8.732160 0.065390 0.000000
rf0418 8.601380 0.098090 0.163480
rf0419 7.947480 0.130780 0.000000
rf0425 8.437910 0.163470 0.130780
rf0426 8.176350 0.130780 0.000000
rf0427 8.470600 0.163480 0.098090
rf0428 8.274430 0.098090 0.000000
rf0430 8.274430 0.130780 0.065390
rf0431 8.241740 0.098080 0.000000
rf0432 8.339820 0.196170 0.065390
rf0433 8.405210 0.228870 0.000000
rf0434 8.274430 0.098090 0.065390
rf0435 8.503300 0.065390 0.000000
rf0436 8.274430 0.163480 0.196170
rf0439 8.241740 0.065390 0.000000
rf0441 8.241740 0.065390 0.196170
rf0443 8.274430 0.196170 0.000000
rf0444 8.372520 0.098080 0.098080
rf0447 8.405210 0.098090 0.000000
rf0448 8.405210 0.130780 0.065390
rf0450 8.634080 0.098080 0.000000
rf0452 8.895640 0.000000 0.098090
rf0453 8.405210 0.163480 0.000000
rf0454 8.372520 0.163470 0.032690
rf0455 8.797550 0.032700 0.000000
rf0456 8.437910 0.163470 0.294250
rf0459 7.947480 0.098090 0.000000
rf0460 8.601380 0.098090 0.098080
rf0461 8.274430 0.065390 0.000000
rf0462 8.274430 0.098090 0.130780
rf0463 8.634080 0.130780 0.000000
rf0464 7.947480 0.163480 0.163470
rf0465 8.274430 0.163480 0.000000
rf0466 8.372520 0.163470 0.228860
rf0467 8.470600 0.163480 0.000000
rf0468 8.666770 0.032700 0.065390
rf0471 8.339820 0.196170 0.000000
rf0473 8.503300 0.163470 0.261560
rf0474 7.947480 0.130780 0.000000
rf0476 8.307130 0.163470 0.163470
rf0477 8.274430 0.065390 0.000000
rf0478 8.830250 0.065390 0.261560
rf0479 8.274430 0.065390 0.000000
rf0480 8.339820 0.196170 0.065390
rf0482 8.437910 0.130780 0.000000
rf0485 7.947480 0.261560 0.032690
rf0487 8.274430 0.130780 0.000000
rf0488 8.372520 0.130780 0.098080
rf0490 8.928330 0.000000 0.000000
rf0493 8.568690 0.065390 0.098090
rf0496 8.274430 0.065390 0.000000
rf0497 8.241740 0.196170 0.065390
rf0498 8.241740 0.098080 0.000000
rf0499 8.274430 0.065390 0.065390
rf0500 8.437910 0.196170 0.000000
rf0503 8.307130 0.065390 0.098080
rf0504 8.797550 0.098090 0.000000
rf0505 8.274430 0.163480 0.098080
rf0506 8.601380 0.065390 0.000000
rf0507 8.372520 0.196170 0.098090
rf0510 8.601380 0.130780 0.000000
rf0511 8.372520 0.196170 0.065390
rf0513 8.535990 0.163480 0.000000
rf0518 8.274430 0.130780 0.065390
rf0524 8.274430 0.196170 0.000000
rf0545 8.274430 0.228870 0.065390
rf0583 8.241740 0.163470 0.000000
rf0591 8.437910 0.196170 0.228860
rf0607 8.274430 0.163480 0.000000
rf0622 8.241740 0.130780 0.065390
rf0630 7.947480 0.098090 0.000000
rf0632 8.209040 0.163480 0.065390
rf0642 7.947480 0.098090 0.000000
rf0644 8.110960 0.228860 0.065390
rf0663 8.241740 0.065390 0.000000
rf0684 8.535990 0.196170 0.098080
rf0693 8.241740 0.098080 0.000000
rf0695 8.274430 0.163480 0.196170
rf0701 8.274430 0.196170 0.000000
rf0707 8.372520 0.130780 0.065390
rf0713 8.274430 0.163480 0.000000
rf0716 8.634080 0.065390 0.065390
rf0730 8.470600 0.163480 0.000000
rf0739 8.339820 0.196170 0.065390
rf0745 7.947480 0.261560 0.000000
rf0783 8.274430 0.130780 0.196170
rf0795 8.274430 0.130780 0.000000
rs0001 8.274430 0.065390 0.065390
rs0002 8.372520 0.130780 0.000000
rs0003 8.307130 0.098080 0.163480
rs0010 8.307130 0.130780 0.000000
rs0011 8.307130 0.163470 0.065390
rs0012 8.307130 0.130780 0.000000
rs0013 8.307130 0.130780 0.098080
rs0014 8.176350 0.098080 0.000000
rs0017 8.666770 0.098090 0.294250
rs0019 8.699470 0.098080 0.000000
rs0020 8.274430 0.163480 0.065390
rs0022 8.535990 0.065390 0.000000
rs0023 8.372520 0.294250 0.098090
rs0025 8.503300 0.130780 0.000000
rs0027 8.372520 0.196170 0.065390
rs0029 8.666770 0.032700 0.000000
rs0030 8.339820 0.130780 0.065390
rs0031 8.601380 0.130780 0.000000
rs0035 7.947480 0.163480 0.032690
rs0038 8.634080 0.130780 0.000000
rs0039 8.274430 0.065390 0.065390
rs0041 8.372520 0.163470 0.000000
rs0042 8.372520 0.228860 0.196170
rs0044 8.470600 0.163480 0.000000
rs0045 8.437910 0.163470 0.130780
rs0046 8.699470 0.032690 0.000000
rs0047 8.241740 0.163470 0.065390
rs0048 8.470600 0.196170 0.000000
rs0050 8.568690 0.130780 0.065390
rs0051 8.535990 0.130780 0.000000
rs0052 8.405210 0.163480 0.065390
rs0053 8.470600 0.098090 0.000000
rs0054 8.274430 0.065390 0.392340
rs0062 8.274430 0.032700 0.000000
rs0063 8.535990 0.098090 0.065390
rs0064 8.568690 0.130780 0.000000
rs0065 8.372520 0.196170 0.228860
rs0068 8.339820 0.196170 0.000000
rs0070 8.274430 0.130780 0.065390
rs0077 8.830250 0.065390 0.000000
rs0078 8.634080 0.032690 0.098080
rs0080 8.666770 0.032700 0.000000
rs0081 8.274430 0.065390 0.098090
rs0082 8.274430 0.196170 0.000000
rs0083 8.274430 0.130780 0.196170
rs0084 8.405210 0.163480 0.000000
rs0085 8.405210 0.163480 0.098090
rs0087 8.339820 0.196170 0.000000
rs0088 8.274430 0.065390 0.065390
rs0089 8.634080 0.098080 0.000000
rs0090 8.274430 0.032700 0.065390
rs0092 8.274430 0.098090 0.000000
rs0093 8.732160 0.032700 0.065390
rs0094 8.339820 0.098090 0.000000
rs0095 8.241740 0.065390 0.163480
rs0096 8.535990 0.163480 0.000000
rs0097 8.274430 0.032700 0.098090
rs0098 8.470600 0.130780 0.000000
rs0099 8.274430 0.228870 0.065390
rs0103 8.634080 0.163470 0.000000
rs0104 8.503300 0.163470 0.098090
rs0105 8.307130 0.196170 0.000000
rs0106 8.274430 0.163480 0.065390
rs0107 8.503300 0.098080 0.000000
rs0109 8.143650 0.130780 0.098080
rs0111 8.274430 0.130780 0.000000
rs0113 8.732160 0.032700 0.196170
rs0118 8.372520 0.163470 0.000000
rs0120 8.437910 0.130780 0.098090
rs0121 8.503300 0.196170 0.000000
rs0122 8.274430 0.065390 0.098080
rs0123 8.666770 0.065390 0.000000
rs0124 8.274430 0.065390 0.359640
rs0126 8.470600 0.163480 0.000000
rs0127 8.307130 0.130780 0.065390
rs0128 8.601380 0.130780 0.000000
rs0129 8.862940 0.065390 0.065390
rs0130 8.307130 0.196170 0.000000
rs0132 8.241740 0.130780 0.163480
rs0133 8.634080 0.065390 0.000000
rs0134 8.634080 0.065390 0.065390
rs0135 8.503300 0.163470 0.000000
rs0136 8.634080 0.032690 0.098080
rs0137 8.372520 0.098080 0.000000
rs0138 8.274430 0.098090 0.163480
rs0140 7.947480 0.065390 0.000000
rs0141 8.274430 0.130780 0.032690
rs0143 8.699470 0.065390 0.000000
rs0145 8.437910 0.196170 0.065390
rs0146 8.274430 0.065390 0.000000
rs0147 8.405210 0.098090 0.228860
rs0148 8.732160 0.065390 0.000000
rs0149 8.372520 0.163470 0.065390
rs0150 8.274430 0.098090 0.000000
rs0153 8.666770 0.098090 0.261560
rs0154 8.274430 0.130780 0.000000
rs0155 8.634080 0.065390 0.294250
rs0156 8.307130 0.130780 0.000000
rs0157 8.601380 0.065390 0.065390
rs0158 8.274430 0.196170 0.000000
rs0159 8.666770 0.098090 0.065390
rs0162 8.503300 0.065390 0.000000
rs0163 8.470600 0.130780 0.065390
rs0165 8.307130 0.130780 0.000000
rs0166 8.535990 0.098090 0.065390
rs0167 8.274430 0.065390 0.000000
rs0168 8.241740 0.065390 0.065390
rs0169 7.947480 0.032700 0.000000
rs0170 8.274430 0.098090 0.065390
rs0171 8.307130 0.130780 0.000000
rs0172 8.405210 0.163480 0.098080
rs0174 8.274430 0.130780 0.000000
rs0175 8.405210 0.098090 0.065390
rs0178 7.947480 0.196170 0.000000
rs0179 8.437910 0.163470 0.098090
rs0180 8.437910 0.163470 0.000000
rs0181 8.470600 0.032700 0.065390
rs0182 8.568690 0.130780 0.000000
rs0183 8.634080 0.098080 0.163470
rs0184 8.274430 0.228870 0.000000
rs0185 8.601380 0.130780 0.130780
rs0188 8.732160 0.065390 0.000000
rs0189 8.666770 0.065390 0.065390
rs0190 8.666770 0.032700 0.000000
rs0191 8.503300 0.130780 0.098090
rs0192 8.535990 0.098090 0.000000
rs0193 8.437910 0.196170 0.065390
rs0194 8.634080 0.032690 0.000000
rs0195 8.535990 0.196170 0.065390
rs0196 8.634080 0.065390 0.000000
rs0200 8.339820 0.065390 0.098090
rs0201 8.830250 0.065390 0.000000
rs0202 8.634080 0.032690 0.261560
rs0203 8.797550 0.032700 0.000000
rs0206 8.732160 0.032700 0.098090
rs0208 8.895640 0.032690 0.000000
rs0209 8.568690 0.098080 0.065390
rs0210 8.307130 0.163470 0.000000
rs0211 8.797550 0.065390 0.065390
rs0212 8.307130 0.163470 0.000000
rs0214 8.634080 0.065390 0.228860
rs0215 8.274430 0.098090 0.000000
rs0218 8.274430 0.130780 0.130780
rs0220 7.947480 0.196170 0.000000
rs0221 8.503300 0.163470 0.261560
rs0222 8.666770 0.065390 0.000000
rs0224 8.535990 0.130780 0.130780
rs0225 8.437910 0.163470 0.000000
rs0226 8.274430 0.098090 0.065390
rs0227 8.568690 0.163470 0.000000
rs0228 8.274430 0.130780 0.098080
rs0231 8.307130 0.130780 0.000000
rs0236 8.274430 0.130780 0.065390
rs0237 8.699470 0.065390 0.000000
rs0239 8.274430 0.098090 0.098090
rs0240 8.895640 0.032690 0.000000
rs0241 8.307130 0.098080 0.130780
rs0242 8.372520 0.130780 0.000000
rs0243 8.503300 0.163470 0.065390
rs0244 8.241740 0.065390 0.000000
rs0246 7.980180 0.196170 0.163470
rs0247 7.947480 0.098090 0.000000
rs0250 8.535990 0.163480 0.065390
rs0251 8.307130 0.228860 0.000000
rs0253 8.666770 0.098090 0.065390
rs0254 8.666770 0.065390 0.000000
rs0255 8.274430 0.130780 0.065390
rs0256 8.274430 0.065390 0.000000
rs0257 8.307130 0.163470 0.065390
rs0259 8.470600 0.098090 0.000000
rs0260 8.764860 0.065390 0.228860
rs0261 8.535990 0.065390 0.000000
rs0262 8.274430 0.065390 0.130780
rs0263 8.634080 0.098080 0.000000
rs0264 7.947480 0.098090 0.294250
rs0266 8.568690 0.065390 0.000000
rs0267 8.568690 0.098080 0.098090
rs0268 8.568690 0.098080 0.000000
rs0269 8.274430 0.130780 0.130780
rs0270 8.568690 0.228860 0.000000
rs0273 8.307130 0.098080 0.098080
rs0274 8.437910 0.163470 0.000000
rs0275 8.274430 0.130780 0.065390
rs0276 8.307130 0.130780 0.000000
rs0277 8.274430 0.163480 0.065390
rs0280 8.601380 0.163480 0.000000
rs0282 8.535990 0.098090 0.065390
rs0283 8.405210 0.130780 0.000000
rs0284 8.339820 0.130780 0.065390
rs0288 8.797550 0.065390 0.000000
rs0289 8.405210 0.163480 0.065390
rs0290 8.274430 0.163480 0.000000
rs0297 8.274430 0.130780 0.098080
rs0299 8.732160 0.098090 0.000000
rs0303 8.241740 0.163470 0.065390
rs0306 8.470600 0.130780 0.000000
rs0308 8.470600 0.261560 0.098080
rs0310 8.666770 0.098090 0.000000
rs0313 8.535990 0.228870 0.163480
rs0314 8.372520 0.196170 0.000000
rs0315 8.503300 0.098080 0.098090
rs0316 8.568690 0.098080 0.000000
rs0317 7.947480 0.326950 0.032690
rs0318 7.947480 0.098090 0.000000
rs0320 8.568690 0.098080 0.065390
rs0323 8.372520 0.098080 0.000000
rs0325 8.470600 0.130780 0.098080
rs0328 8.405210 0.163480 0.000000
rs0329 8.568690 0.065390 0.065390
rs0330 8.274430 0.228870 0.000000
rs0331 8.405210 0.130780 0.130780
rs0334 8.372520 0.130780 0.000000
rs0336 8.372520 0.163470 0.425040
rs0337 8.372520 0.130780 0.000000
rs0339 8.764860 0.032690 0.065390
rs0340 8.437910 0.130780 0.000000
rs0341 8.274430 0.065390 0.098090
rs0343 8.274430 0.163480 0.000000
rs0344 8.274430 0.065390 0.294250
rs0345 8.274430 0.032700 0.000000
rs0347 8.764860 0.065390 0.098090
rs0349 7.947480 0.130780 0.000000
rs0350 8.372520 0.130780 0.326950
rs0351 8.666770 0.130780 0.000000
rs0354 8.274430 0.065390 0.098080
rs0356 8.764860 0.098080 0.000000
rs0358 8.470600 0.130780 0.065390
rs0362 8.928330 inf 0.000000
rs0363 8.274430 0.163480 0.065390
rs0364 8.274430 0.065390 0.000000
rs0365 8.274430 0.163480 0.130780
rs0367 8.339820 0.130780 0.000000
rs0371 8.634080 0.098080 0.261560
rs0372 8.274430 0.098090 0.000000
rs0373 8.339820 0.130780 0.032690
rs0374 8.274430 0.130780 0.000000
rs0376 8.437910 0.196170 0.065390
rs0377 8.339820 0.196170 0.000000
rs0378 8.666770 0.098090 0.098080
rs0380 8.274430 0.130780 0.000000
rs0382 8.666770 0.098090 0.098080
rs0384 8.307130 0.130780 0.000000
rs0385 8.535990 0.130780 0.065390
rs0386 8.274430 0.098090 0.000000
rs0389 8.274430 0.098090 0.098090
rs0390 8.535990 0.065390 0.000000
rs0391 8.437910 0.163470 0.294250
rs0392 7.980180 0.196170 0.000000
rs0393 8.307130 0.098080 0.065390
rs0394 7.947480 0.098090 0.000000
rs0396 8.601380 0.065390 0.032690
rs0401 8.601380 0.130780 0.000000
rs0402 7.947480 0.032700 0.228870
rs0405 8.666770 0.032700 0.000000
rs0406 8.405210 0.065390 0.065390
rs0408 8.274430 0.098090 0.000000
rs0409 8.470600 0.163480 0.065390
rs0410 8.274430 0.130780 0.000000
rs0411 8.274430 0.065390 0.098090
rs0416 8.274430 0.032700 0.000000
rs0417 7.947480 0.098090 0.196170
rs0418 8.307130 0.130780 0.000000
rs0419 8.372520 0.130780 0.032690
rs0420 8.535990 0.098090 0.000000
rs0421 8.274430 0.065390 0.065390
rs0422 8.274430 0.032700 0.000000
rs0423 8.274430 0.196170 0.261560
rs0424 8.274430 0.065390 0.000000
rs0425 8.372520 0.130780 0.098090
rs0427 8.307130 0.163470 0.000000
rs0428 8.405210 0.163480 0.065390
rs0429 8.274430 0.098090 0.000000
rs0430 8.274430 0.065390 0.130780
rs0432 7.947480 0.065390 0.000000
rs0433 8.405210 0.228870 0.163480
rs0435 8.307130 0.196170 0.000000
rs0437 8.143650 0.130780 0.065390
rs0440 8.503300 0.032690 0.000000
rs0442 8.274430 0.098090 0.065390
rs0444 8.274430 0.065390 0.000000
rs0449 8.601380 0.098090 0.065390
rs0451 8.503300 0.065390 0.000000
rs0452 8.437910 0.163470 0.130780
rs0453 8.862940 0.032700 0.000000
rs0454 8.470600 0.163480 0.032690
rs0456 8.372520 0.163470 0.000000
rs0458 8.437910 0.261560 0.065390
rs0460 8.274430 0.065390 0.000000
rs0461 8.666770 0.130780 0.065390
rs0463 8.274430 0.130780 0.000000
rs0466 8.634080 0.032690 0.130780
rs0467 8.274430 0.196170 0.000000
rs0468 8.372520 0.130780 0.065390
rs0469 7.980180 0.261560 0.000000
rs0470 8.241740 0.130780 0.098080
rs0472 8.274430 0.032700 0.000000
rs0473 8.241740 0.065390 0.065390
rs0476 8.568690 0.163470 0.000000
rs0477 8.012870 0.228870 0.065390
rs0480 8.372520 0.163470 0.000000
rs0485 8.274430 0.032700 0.032690
rs0491 8.666770 0.065390 0.000000
rs0492 8.274430 0.163480 0.065390
rs0493 8.274430 0.065390 0.000000
rs0494 8.568690 0.163470 0.065390
rs0495 8.274430 0.130780 0.000000
rs0496 8.503300 0.163470 0.032690
rs0498 8.895640 0.032690 0.000000
rs0502 8.699470 0.098080 0.065390
rs0503 8.601380 0.065390 0.000000
rs0505 8.764860 0.032690 0.326950
rs0508 8.274430 0.098090 0.000000
rs0512 8.601380 0.130780 0.130780
rs0516 8.274430 0.098090 0.000000
rs0517 8.797550 0.065390 0.326950
rs0519 8.339820 0.130780 0.000000
rs0520 8.274430 0.098090 0.065390
rs0521 8.372520 0.130780 0.000000
rs0522 8.470600 0.163480 0.098090
rs0524 8.307130 0.196170 0.000000
rs0526 8.307130 0.130780 0.098080
rs0528 8.797550 0.032700 0.000000
rs0529 8.307130 0.098080 0.098090
rs0531 8.862940 0.032700 0.000000
rs0532 8.372520 0.130780 0.032690
rs0534 8.339820 0.163480 0.000000
rs0536 8.274430 0.065390 0.065390
rs0537 8.666770 0.032700 0.000000
rs0538 8.405210 0.130780 0.065390
rs0541 8.732160 0.032700 0.000000
rs0542 8.241740 0.294250 0.065390
rs0543 8.274430 0.163480 0.000000
rs0545 8.274430 0.065390 0.098090
rs0546 8.503300 0.130780 0.000000
rs0548 8.274430 0.098090 0.098080
rs0549 8.307130 0.098080 0.000000
rs0553 8.307130 0.163470 0.098080
rs0554 8.732160 0.065390 0.000000
rs0555 8.503300 0.130780 0.228860
rs0556 7.947480 0.163480 0.000000
rs0559 8.274430 0.098090 0.065390
rs0560 8.535990 0.098090 0.000000
rs0561 8.699470 0.130780 0.032690
rs0562 8.274430 0.228870 0.000000
rs0564 8.372520 0.163470 0.065390
rs0566 8.274430 0.098090 0.000000
rs0567 8.634080 0.032690 0.065390
rs0568 8.307130 0.163470 0.000000
rs0570 8.568690 0.065390 0.065390
rs0571 8.241740 0.098080 0.000000
rs0572 8.601380 0.196170 0.032700
rs0573 8.274430 0.130780 0.000000
rs0574 8.699470 0.065390 0.065390
rs0578 8.601380 0.130780 0.000000
rs0579 8.568690 0.163470 0.065390
rs0582 8.634080 0.032690 0.000000
rs0585 8.372520 0.163470 0.065390
rs0586 8.274430 0.032700 0.000000
rs0587 8.601380 0.065390 0.196170
rs0588 8.339820 0.261560 0.000000
rs0591 8.732160 0.032700 0.098080
rs0595 8.110960 0.130780 0.000000
rs0598 8.535990 0.130780 0.196170
rs0599 8.634080 0.098080 0.000000
rs0600 8.666770 0.098090 0.032690
rs0602 8.372520 0.196170 0.000000
rs0603 8.601380 0.032700 0.065390
rs0609 8.437910 0.130780 0.000000
rs0610 8.634080 0.065390 0.065390
rs0612 8.634080 0.032690 0.000000
rs0615 8.437910 0.196170 0.098090
rs0616 8.634080 0.098080 0.000000
rs0617 8.961030 inf 0.163480
rs0618 8.339820 0.196170 0.000000
rs0620 8.372520 0.163470 0.065390
rs0623 8.274430 0.130780 0.000000
rs0626 8.437910 0.130780 0.032690
rs0627 8.535990 0.130780 0.000000
rs0630 8.405210 0.228870 0.228860
rs0636 8.601380 0.065390 0.000000
rs0637 8.503300 0.196170 0.261560
rs0638 8.535990 0.228870 0.000000
rs0640 8.405210 0.163480 0.163480
rs0641 8.535990 0.130780 0.000000
rs0644 8.372520 0.163470 0.065390
rs0645 8.470600 0.196170 0.000000
rs0650 8.535990 0.065390 0.098090
rs0652 7.947480 0.196170 0.000000
rs0656 8.437910 0.098080 0.065390
rs0660 8.764860 0.065390 0.000000
rs0667 8.568690 0.098080 0.130780
rs0669 8.830250 0.065390 0.000000
rs0670 8.830250 0.032690 0.098090
rs0671 8.339820 0.098090 0.000000
rs0672 8.634080 0.065390 0.196170
rs0677 8.437910 0.228860 0.000000
rs0679 8.372520 0.196170 0.098090
rs0688 8.862940 0.032700 0.000000
rs0691 8.797550 0.032700 0.065390
rs0696 8.797550 0.065390 0.000000
rs0703 8.470600 0.326950 0.098090
rs0708 8.634080 0.098080 0.000000
rs0710 8.307130 0.130780 0.098080
rs0713 8.274430 0.098090 0.000000
rs0720 8.535990 0.098090 0.065390
rs0722 8.339820 0.163480 0.000000
rs0724 8.601380 0.130780 0.065390
rs0726 8.274430 0.130780 0.000000
rs0727 8.274430 0.163480 0.065390
rs0731 8.339820 0.130780 0.000000
rs0733 8.601380 0.163480 0.065390
rs0734 8.405210 0.130780 0.000000
rs0738 8.372520 0.163470 0.065390
rs0740 8.274430 0.130780 0.000000
rs0741 8.568690 0.130780 0.098090
rs0743 8.274430 0.098090 0.000000
rs0744 8.535990 0.130780 0.065390
rs0745 8.503300 0.098080 0.000000
rs0746 8.535990 0.163480 0.065390
rs0747 8.634080 0.130780 0.000000
rs0749 8.666770 0.098090 0.065390
rs0750 8.634080 0.098080 0.000000
rs0751 8.797550 0.065390 0.261560
rs0752 8.339820 0.228870 0.000000
rs0754 8.437910 0.228860 0.098090
rs0756 8.307130 0.098080 0.000000
rs0757 8.666770 0.065390 0.032690
rs0758 8.535990 0.130780 0.000000
rs0763 8.437910 0.130780 0.065390
rs0766 8.601380 0.130780 0.000000
rs0767 8.307130 0.228860 0.032690
rs0768 8.372520 0.130780 0.000000
rs0769 8.470600 0.196170 0.065390
rs0774 8.274430 0.196170 0.000000
rs0775 8.274430 0.098090 0.065390
rs0777 7.947480 0.163480 0.000000
rs0778 8.274430 0.098090 0.065390
rs0779 8.601380 0.065390 0.000000
rs0781 8.601380 0.098090 0.065390
rs0782 7.947480 0.130780 0.000000
rs0783 8.961030 inf 0.065390
rs0784 8.634080 0.065390 0.000000
rs0786 8.274430 0.196170 0.163480
rs0788 8.274430 0.065390 0.000000
rs0790 8.274430 0.130780 0.065390
rs0793 8.437910 0.130780 0.000000
rs0794 8.470600 0.163480 0.032690
rs0797 8.568690 0.098080 0.000000
rs0798 8.535990 0.065390 0.294250
rs0799 8.274430 0.130780 0.000000
rs0800 8.470600 0.130780 0.065390
rs0802 8.274430 0.163480 0.000000
rs0804 7.947480 0.130780 0.032700
rs0805 7.947480 0.065390 0.000000
rs0806 8.503300 0.130780 0.098080
rs0808 8.437910 0.065390 0.000000
rs0809 8.732160 0.065390 0.065390
rs0810 8.274430 0.196170 0.000000
rs0811 8.601380 0.065390 0.098080
rs0812 8.764860 0.032690 0.000000
rs0815 8.274430 0.065390 0.098080
rs0818 8.274430 0.098090 0.000000
rs0823 8.764860 0.032690 0.130780
rs0828 8.339820 0.196170 0.000000
rs0829 8.666770 0.163480 0.098090
rs0830 8.601380 0.065390 0.000000
rs0831 8.732160 0.065390 0.032700
rs0832 8.241740 0.098080 0.000000
rs0833 8.470600 0.163480 0.098080
rs0834 8.503300 0.130780 0.000000
rs0836 8.666770 0.065390 0.065390
rs0838 8.601380 0.130780 0.000000
rs0839 8.797550 0.032700 0.228860
rs0840 8.274430 0.098090 0.000000
rs0842 8.274430 0.032700 0.065390
rs0843 8.470600 0.163480 0.000000
rs0845 8.535990 0.163480 0.228860
rs0846 8.437910 0.163470 0.000000
rs0847 8.470600 0.163480 0.065390
rs0850 8.764860 0.065390 0.000000
rs0853 8.405210 0.228870 0.065390
rs0854 8.535990 0.130780 0.000000
rs0855 8.437910 0.326950 0.098090
rs0856 8.895640 0.032690 0.000000
rs0860 8.437910 0.326950 0.065390
rs0865 8.862940 0.032700 0.000000
rs0866 8.601380 0.098090 0.163470
rs0868 8.470600 0.130780 0.000000
rs0869 8.274430 0.098090 0.065390
rs0871 8.307130 0.130780 0.000000
rs0872 8.437910 0.163470 0.098080
rs0873 8.666770 0.065390 0.000000
rs0875 8.535990 0.098090 0.032700
rs0879 8.666770 0.098090 0.000000
rs0880 8.503300 0.130780 0.130780
rs0882 8.634080 0.065390 0.000000
rs0886 8.568690 0.065390 0.163470
rs0887 8.568690 0.098080 0.000000
rs0889 8.666770 0.065390 0.032700
rs0891 8.666770 0.098090 0.000000
rs0892 8.503300 0.130780 0.130780
rs0893 8.274430 0.065390 0.000000
rs0896 8.339820 0.130780 0.130780
rs0897 8.405210 0.098090 0.000000
rs0899 8.405210 0.196170 0.130780
rs0900 8.274430 0.032700 0.000000
rs0901 8.241740 0.130780 0.098090
rs0906 8.274430 0.032700 0.000000
rs0907 8.405210 0.196170 0.098090
rs0909 8.307130 0.130780 0.000000
rs0916 8.307130 0.130780 0.065390
rs0919 8.274430 0.163480 0.000000
rs0920 8.339820 0.196170 0.065390
rs0921 8.601380 0.130780 0.000000
rs0922 8.405210 0.196170 0.392340
rs0923 8.274430 0.130780 0.000000
rs0927 8.470600 0.196170 0.032690
rs0930 8.274430 0.098090 0.000000
rs0932 8.274430 0.098090 0.196170
rs0933 8.274430 0.065390 0.000000
rs0934 8.372520 0.130780 0.065390
rs0935 8.307130 0.163470 0.000000
rs0944 8.274430 0.098090 0.065390
rs0945 8.503300 0.163470 0.000000
rs0946 8.535990 0.130780 0.065390
rs0948 8.535990 0.130780 0.000000
rs0950 8.274430 0.098090 0.130780
rs0951 8.535990 0.098090 0.000000
rs0953 8.666770 0.098090 0.065390
rs0954 8.666770 0.032700 0.000000
rs0957 7.947480 0.163480 0.032690
rs0958 8.470600 0.196170 0.000000
rs0959 8.241740 0.098080 0.163470
rs0960 8.274430 0.065390 0.000000
rs0962 8.372520 0.196170 0.098080
rs0965 8.666770 0.065390 0.000000
rs0966 8.830250 0.032690 0.130780
rs0967 8.339820 0.130780 0.000000
rs0968 8.274430 0.098090 0.065390
rs0970 8.470600 0.196170 0.000000
rs0974 8.634080 0.065390 0.130780
rs0976 8.274430 0.065390 0.000000
rs0977 8.274430 0.163480 0.098080
rs0978 8.339820 0.065390 0.000000
rs0979 8.241740 0.196170 0.065390
rs0980 8.470600 0.163480 0.000000
rs0981 8.274430 0.065390 0.098090
rs0982 8.241740 0.065390 0.000000
rs0983 8.274430 0.065390 0.065390
rs0984 8.339820 0.098090 0.000000
rs0985 8.274430 0.098090 0.065390
rs0986 8.274430 0.196170 0.000000
rs0989 8.470600 0.130780 0.098080
rs0991 8.601380 0.098090 0.000000
rs0995 8.503300 0.130780 0.065390
rs0996 8.274430 0.196170 0.000000
rs0997 8.470600 0.130780 0.065390
rs0999 8.372520 0.196170 0.000000
rs1000 8.634080 0.065390 0.490420
rs1001 8.274430 0.130780 0.000000
rs1002 8.372520 0.261560 0.032690
rs1003 8.437910 0.130780 0.000000
rs1004 8.666770 0.032700 0.065390
rs1005 8.372520 0.098080 0.000000
rs1010 8.830250 0.065390 0.065390
rs1014 7.947480 0.130780 0.000000
rs1016 8.764860 0.065390 0.032690
rs1017 8.274430 0.065390 0.000000
rs1020 8.274430 0.163480 0.065390
rs1021 8.274430 0.130780 0.000000
rs1023 8.601380 0.032700 0.196170
rs1025 8.568690 0.065390 0.000000
rs1028 8.437910 0.130780 0.098090
rs1029 8.307130 0.098080 0.000000
rs1030 8.274430 0.065390 0.065390
rs1031 8.372520 0.196170 0.000000
rs1032 8.274430 0.130780 0.065390
rs1034 8.307130 0.130780 0.000000
rs1035 8.274430 0.065390 0.130780
rs1036 8.405210 0.098090 0.000000
rs1038 8.274430 0.065390 0.130780
rs1040 8.274430 0.163480 0.000000
rs1041 8.274430 0.065390 0.032690
rs1043 7.947480 0.163480 0.000000
rs1045 8.503300 0.130780 0.130780
rs1046 8.241740 0.098080 0.000000
rs1047 8.307130 0.130780 0.196170
rs1048 8.568690 0.163470 0.000000
rs1049 8.634080 0.098080 0.163470
rs1050 8.274430 0.065390 0.000000
rs1052 8.339820 0.130780 0.065390
rs1053 8.241740 0.065390 0.000000
rs1054 8.176350 0.130780 0.098090
rs1055 8.274430 0.098090 0.000000
rs1057 8.797550 0.032700 0.098080
rs1058 8.437910 0.261560 0.000000
rs1059 8.568690 0.098080 0.065390
rs1060 7.947480 0.065390 0.000000
rs1062 8.601380 0.130780 0.098090
rs1065 8.339820 0.130780 0.000000
rs1068 8.470600 0.196170 0.098080
rs1070 8.274430 0.098090 0.000000
rs1072 8.372520 0.098080 0.032700
rs1073 8.339820 0.196170 0.000000
rs1074 8.274430 0.065390 0.065390
rs1075 8.699470 0.065390 0.000000
rs1076 8.601380 0.098090 0.130780
rs1077 8.405210 0.163480 0.000000
rs1078 8.437910 0.196170 0.065390
rs1079 8.568690 0.130780 0.000000
rs1080 8.437910 0.228860 0.261560
rs1081 8.372520 0.098080 0.000000
rs1082 8.601380 0.065390 0.228860
rs1083 8.339820 0.163480 0.000000
rs1084 8.339820 0.130780 0.196170
rs1086 8.666770 0.163480 0.000000
rs1087 8.437910 0.163470 0.098090
rs1088 7.980180 0.163470 0.000000
rs1091 8.503300 0.130780 0.065390
rs1092 8.666770 0.065390 0.000000
rs1093 8.634080 0.065390 0.228860
rs1098 8.274430 0.130780 0.000000
rs1100 8.405210 0.130780 0.065390
rs1102 8.862940 0.032700 0.000000
rs1103 7.980180 0.228860 0.130780
rs1104 8.405210 0.196170 0.000000
rs1105 8.274430 0.065390 0.032690
rs1106 8.307130 0.098080 0.000000
rs1108 8.274430 0.098090 0.032690
rs1109 8.601380 0.130780 0.000000
rs1110 8.437910 0.130780 0.228860
rs1111 8.470600 0.065390 0.000000
rs1112 8.470600 0.065390 0.098090
rs1113 8.209040 0.130780 0.000000
rs1114 8.470600 0.228870 0.098080
rs1116 8.470600 0.065390 0.000000
rs1117 8.274430 0.098090 0.098080
rs1118 8.568690 0.098080 0.000000
rs1119 8.274430 0.196170 0.065390
rs1120 8.797550 0.065390 0.000000
rs1121 8.764860 0.065390 0.032690
rs1122 8.601380 0.130780 0.000000
rs1123 8.634080 0.065390 0.098090
rs1124 8.372520 0.196170 0.000000
rs1125 8.437910 0.163470 0.032690
rs1126 8.274430 0.065390 0.000000
rs1128 8.012870 0.196170 0.032700
rs1129 8.274430 0.065390 0.000000
rs1131 8.764860 0.065390 0.065390
rs1132 8.274430 0.098090 0.000000
rs1134 8.666770 0.032700 0.130780
rs1135 8.274430 0.228870 0.000000
rs1137 8.372520 0.130780 0.163470
rs1142 8.307130 0.163470 0.000000
rs1143 8.274430 0.065390 0.098090
rs1145 8.503300 0.130780 0.000000
rs1146 8.797550 0.065390 0.065390
rs1147 8.274430 0.196170 0.000000
rs1149 8.241740 0.130780 0.065390
rs1150 8.503300 0.065390 0.000000
rs1151 8.405210 0.196170 0.065390
rs1152 8.634080 0.032690 0.000000
rs1154 8.372520 0.130780 0.196170
rs1156 8.274430 0.098090 0.000000
rs1157 8.274430 0.098090 0.228870
rs1159 8.274430 0.098090 0.000000
rs1162 8.895640 0.032690 0.326950
rs1163 8.274430 0.130780 0.000000
rs1164 8.241740 0.065390 0.098080
rs1165 8.339820 0.130780 0.000000
rs1166 8.274430 0.163480 0.065390
rs1168 8.666770 0.032700 0.000000
rs1169 8.437910 0.130780 0.098080
rs1170 8.339820 0.196170 0.000000
rs1171 8.372520 0.163470 0.098080
rs1172 8.274430 0.032700 0.000000
rs1174 8.470600 0.163480 0.065390
rs1176 8.405210 0.130780 0.000000
rs1178 8.405210 0.130780 0.065390
rs1179 8.307130 0.098080 0.000000
rs1182 8.437910 0.163470 0.065390
rs1183 8.535990 0.130780 0.000000
rs1184 8.274430 0.130780 0.065390
rs1185 8.405210 0.196170 0.000000
rs1186 8.601380 0.130780 0.294260
rs1187 8.307130 0.098080 0.000000
rs1188 8.274430 0.032700 0.065390
rs1190 8.339820 0.163480 0.000000
rs1191 8.470600 0.130780 0.065390
rs1192 8.274430 0.098090 0.000000
rs1193 8.405210 0.098090 0.130780
rs1195 8.437910 0.098080 0.000000
rs1197 8.601380 0.065390 0.359640
rs1198 8.274430 0.098090 0.000000
rs1200 8.274430 0.098090 0.065390
rs1202 8.307130 0.196170 0.000000
rs1205 8.568690 0.098080 0.098090
rs1206 8.764860 0.032690 0.000000
rs1207 8.535990 0.098090 0.098090
rs1208 8.274430 0.130780 0.000000
rs1209 8.307130 0.098080 0.065390
rs1210 8.503300 0.196170 0.000000
rs1211 8.601380 0.098090 0.098090
rs1212 8.339820 0.130780 0.000000
rs1213 8.732160 0.065390 0.065390
rs1214 8.209040 0.065390 0.000000
rs1217 8.764860 0.065390 0.065390
rs1220 8.470600 0.163480 0.000000
rs1229 8.797550 0.065390 0.032690
rs1236 8.339820 0.130780 0.000000
rs1238 8.503300 0.130780 0.032700
rs1242 8.666770 0.065390 0.000000
rs1245 8.274430 0.163480 0.032690
rs1248 8.568690 0.098080 0.000000
rs1254 8.503300 0.163470 0.098080
rs1257 8.274430 0.032700 0.000000
rs1258 8.437910 0.163470 0.098080
rs1259 8.078260 0.163480 0.000000
rs1260 8.274430 0.130780 0.065390
rs1261 8.274430 0.098090 0.000000
rs1262 8.274430 0.130780 0.065390
rs1263 8.274430 0.196170 0.000000
rs1264 8.274430 0.032700 0.359640
rs1265 8.372520 0.196170 0.000000
rs1266 8.307130 0.130780 0.065390
rs1267 8.830250 0.065390 0.000000
rs1269 8.143650 0.163480 0.032690
rs1270 8.274430 0.098090 0.000000
rs1276 8.274430 0.065390 0.032690
rs1278 8.503300 0.163470 0.000000
rs1280 8.241740 0.065390 0.130780
rs1281 8.274430 0.098090 0.000000
rs1282 8.634080 0.032690 0.065390
rs1283 8.274430 0.098090 0.000000
rs1284 7.947480 0.130780 0.098080
rs1285 8.307130 0.163470 0.000000
rs1286 8.437910 0.196170 0.098080
rs1289 8.274430 0.098090 0.000000
rs1290 8.241740 0.065390 0.065390
rs1291 8.274430 0.098090 0.000000
rs1292 8.503300 0.196170 0.098080
rs1293 8.405210 0.098090 0.000000
rs1294 8.601380 0.065390 0.065390
rs1295 8.241740 0.130780 0.000000
rs1296 7.947480 0.098090 0.098090
rs1297 8.274430 0.032700 0.000000
rs1298 8.274430 0.130780 0.098090
rs1299 8.274430 0.098090 0.000000
rs1300 8.797550 0.065390 0.196170
rs1301 8.764860 0.065390 0.000000
rs1302 8.274430 0.098090 0.326950
rs1303 8.241740 0.261560 0.000000
rs1304 7.980180 0.228860 0.098090
rs1310 8.339820 0.163480 0.000000
rs1337 8.503300 0.130780 0.065390
rs1359 8.274430 0.032700 0.000000
rs1364 8.666770 0.098090 0.098080
rs1368 8.307130 0.294250 0.000000
rs1437 8.699470 0.065390 0.065390
rs1518 8.699470 0.098080 0.000000
