rf0001 8.184180 0.131860 0.000000
rf0003 8.909390 0.026380 0.072520
rf0006 8.461080 0.006590 0.000000
rf0007 8.461080 0.006590 0.085700
rf0008 9.047840 -0.006590 0.000000
rf0010 8.461080 0.006590 0.006590
rf0011 8.368780 0.270310 0.000000
rf0014 8.236930 0.204370 0.006590
rf0015 8.619310 0.039560 0.000000
rf0017 8.223740 0.092300 0.679060
rf0019 8.144630 0.178000 0.000000
rf0020 8.388560 0.158230 0.006590
rf0023 8.203960 0.125260 0.000000
rf0024 8.606120 0.125270 0.052740
rf0028 8.461080 0.006590 0.000000
rf0029 8.355600 0.098890 0.072530
rf0030 7.478750 0.006590 0.000000
rf0031 8.434710 0.013190 0.210970
rf0032 8.461080 0.006590 0.000000
rf0033 8.177590 0.138450 0.065930
rf0034 8.111660 0.131860 0.000000
rf0040 8.883020 0.039560 0.079120
rf0042 8.131440 0.382380 0.000000
rf0043 9.001690 0.019780 0.026370
rf0045 8.461080 0.006590 0.000000
rf0048 8.461080 0.006590 0.065930
rf0049 8.461080 0.006590 0.000000
rf0051 8.058920 0.164820 0.237340
rf0053 8.184180 0.118670 0.000000
rf0058 8.335820 0.098890 0.006590
rf0059 8.362190 0.006590 0.000000
rf0060 8.230330 0.098890 0.098900
rf0061 8.823690 0.039550 0.000000
rf0062 8.461080 0.006590 0.006590
rf0064 8.078700 0.151630 0.000000
rf0065 8.236930 0.118670 0.006590
rf0068 8.072100 0.771370 0.000000
rf0071 8.606120 0.039560 0.006590
rf0072 8.362190 0.006590 0.000000
rf0073 8.243520 0.112080 0.059340
rf0074 8.606120 0.243940 0.000000
rf0076 8.223740 0.098890 0.059330
rf0077 8.157810 0.006590 0.000000
rf0079 8.461080 0.006590 0.151630
rf0083 8.461080 0.006590 0.000000
rf0084 8.461080 0.006590 0.032960
rf0092 8.606120 0.006600 0.000000
rf0098 8.375370 0.013190 0.092300
rf0099 8.243520 0.092300 0.000000
rf0102 8.184180 0.171420 0.006590
rf0104 8.461080 0.006590 0.000000
rf0106 8.461080 0.006590 0.006590
rf0107 8.190780 0.131850 0.000000
rf0108 8.461080 0.006590 0.006590
rf0109 8.461080 0.006590 0.000000
rf0110 8.362190 0.059330 0.059340
rf0111 8.269890 0.362610 0.000000
rf0117 8.454490 0.046150 0.072520
rf0118 7.458970 0.006590 0.000000
rf0119 8.461080 0.006590 0.072520
rf0120 8.052330 0.138450 0.000000
rf0122 8.171000 0.006590 0.039560
rf0125 8.375370 0.013190 0.000000
rf0126 8.461080 0.006590 0.065930
rf0128 8.461080 0.006590 0.000000
rf0129 8.461080 0.013190 0.415350
rf0132 8.461080 0.006590 0.000000
rf0134 8.843470 0.026370 0.006590
rf0141 8.098480 0.613130 0.000000
rf0143 8.283070 0.092300 0.032970
rf0145 8.414930 0.118670 0.000000
rf0147 8.461080 0.006590 0.072530
rf0150 8.461080 0.006590 0.000000
rf0154 8.276480 0.085710 0.032960
rf0155 8.461080 0.006590 0.000000
rf0156 8.817090 0.085710 0.125260
rf0157 8.058920 0.151630 0.000000
rf0160 8.461080 0.006590 0.006590
rf0164 8.355600 0.270300 0.000000
rf0165 9.014880 -0.013190 0.065930
rf0167 8.362190 0.085710 0.000000
rf0169 8.223740 0.112080 0.065920
rf0170 8.362190 0.013180 0.000000
rf0171 9.061030 inf 0.065930
rf0172 7.940250 0.006590 0.000000
rf0173 8.461080 0.006590 0.006590
rf0175 8.263300 0.079110 0.000000
rf0176 7.472160 0.006590 0.006590
rf0177 8.368780 0.046150 0.000000
rf0179 8.362190 0.026370 0.006590
rf0180 8.289670 0.098890 0.000000
rf0181 8.256700 0.237350 0.006590
rf0191 8.461080 0.006590 0.000000
rf0192 8.362190 0.072520 0.158220
rf0193 8.606120 0.092300 0.000000
rf0195 8.329220 0.118680 0.046150
rf0197 8.362190 0.098890 0.000000
rf0199 8.461080 0.019780 0.065930
rf0201 8.236930 0.085700 0.000000
rf0204 8.263300 0.118670 0.059330
rf0205 8.685240 0.105480 0.000000
rf0206 8.606120 0.098900 0.006590
rf0207 8.236930 0.276890 0.000000
rf0209 8.461080 0.013190 0.006590
rf0210 8.461080 0.006590 0.000000
rf0216 8.461080 0.006590 0.072530
rf0217 8.948950 0.032970 0.000000
rf0218 8.935770 -0.019780 0.006590
rf0223 8.461080 0.006590 0.000000
rf0226 8.461080 0.006590 0.006590
rf0227 8.263300 0.112070 0.000000
rf0229 8.276480 0.138450 0.019780
rf0234 8.935770 -0.006600 0.000000
rf0236 8.296260 0.006590 0.059340
rf0237 8.902800 0.026370 0.000000
rf0238 8.236930 0.105480 0.065930
rf0241 8.065510 0.197790 0.000000
rf0242 8.461080 0.006590 inf
rf0245 9.061030 -0.032960 0.000000
rf0246 8.428120 0.006590 0.006590
rf0247 8.454490 0.026370 0.000000
rf0249 8.401750 0.217560 0.085710
rf0250 8.236930 0.105480 0.000000
rf0251 8.283070 0.118680 0.006600
rf0252 8.217150 0.580170 0.000000
rf0256 8.461080 0.006590 0.032960
rf0257 8.164400 0.158230 0.000000
rf0258 8.764350 0.046150 0.006590
rf0259 8.461080 0.006590 0.000000
rf0262 8.072100 0.125270 0.006590
rf0263 8.362190 0.151630 0.000000
rf0264 7.458970 0.006590 0.006590
rf0265 8.111660 0.151640 0.000000
rf0266 8.019360 0.158230 0.006590
rf0267 8.362190 0.019780 0.000000
rf0268 8.210550 0.118670 0.560400
rf0269 8.461080 0.006590 0.000000
rf0272 8.203960 0.191190 0.039560
rf0273 8.118250 0.632920 0.000000
rf0280 8.138030 0.131860 0.065920
rf0283 8.368780 0.026370 0.000000
rf0284 8.461080 0.006590 0.026370
rf0292 8.461080 0.112080 0.000000
rf0294 7.960030 0.013180 0.006590
rf0296 8.362190 0.441720 0.000000
rf0297 8.184180 0.105490 0.006590
rf0298 8.362190 0.164820 0.000000
rf0299 8.250110 0.118670 0.065930
rf0300 8.375370 0.092300 0.000000
rf0302 8.606120 0.079120 0.006590
rf0303 8.309450 0.112070 0.000000
rf0305 8.362190 0.323050 0.217560
rf0306 8.177590 0.151630 0.000000
rf0314 8.461080 0.006590 0.059340
rf0316 8.784130 0.052740 0.000000
rf0318 8.065510 0.296680 0.006590
rf0320 8.177590 0.158230 0.000000
rf0322 8.461080 0.006590 0.046150
rf0323 8.355600 0.421940 0.000000
rf0326 8.197370 0.468090 0.764770
rf0328 8.718200 0.098890 0.000000
rf0331 8.368780 0.145040 0.039560
rf0332 8.157810 0.138450 0.000000
rf0333 8.461080 0.118670 0.072520
rf0335 8.164400 0.250530 0.000000
rf0338 8.362190 0.026370 0.013190
rf0339 8.362190 0.276900 0.000000
rf0340 8.190780 0.112070 0.032960
rf0341 8.606120 0.112080 0.000000
rf0342 8.414930 0.131860 0.006600
rf0343 8.381970 0.019780 0.000000
rf0348 8.606120 0.039560 0.006590
rf0351 8.263300 0.098890 0.000000
rf0354 8.263300 0.105480 0.065930
rf0358 8.111660 0.138450 0.000000
rf0360 8.269890 0.448310 0.006600
rf0363 8.151220 0.151630 0.000000
rf0364 8.322630 0.428540 0.065930
rf0365 8.408340 0.065930 0.000000
rf0366 8.362190 0.026370 0.105490
rf0367 8.362190 0.085710 0.000000
rf0368 8.236930 0.138440 0.065930
rf0370 8.283070 0.105490 0.000000
rf0374 8.217150 0.118670 0.072520
rf0376 8.454490 0.052740 0.000000
rf0378 7.940250 0.006590 0.006590
rf0381 8.203960 0.534020 0.000000
rf0383 8.461080 0.092300 0.072520
rf0385 8.362190 0.079110 0.000000
rf0386 8.606120 0.072530 0.079110
rf0387 8.329220 0.454910 0.000000
rf0388 8.606120 0.052750 0.059330
rf0391 8.276480 0.112080 0.000000
rf0392 8.105070 0.158230 0.065930
rf0393 8.236930 0.118670 0.000000
rf0395 8.606120 0.052750 0.013180
rf0396 8.836870 0.046150 0.000000
rf0398 8.606120 0.092300 0.065930
rf0399 8.375370 0.125270 0.000000
rf0400 8.948950 0.019780 0.059340
rf0401 8.065510 0.184600 0.000000
rf0403 8.256700 0.098900 0.263720
rf0412 8.269890 0.085710 0.000000
rf0413 8.283070 0.118680 0.151630
rf0415 8.606120 0.125270 0.000000
rf0417 8.962140 0.032960 0.065930
rf0418 8.434710 0.356010 0.000000
rf0419 8.065510 0.138450 0.006590
rf0425 8.461080 0.006590 0.000000
rf0426 7.946840 0.112080 0.006590
rf0427 8.876430 0.046150 0.000000
rf0428 8.362190 0.019780 0.006590
rf0430 7.458970 0.006590 0.000000
rf0431 8.072100 0.131860 0.079110
rf0432 8.289670 0.105480 0.000000
rf0433 8.302850 0.507650 0.428540
rf0434 8.118250 0.164820 0.000000
rf0436 8.461080 0.006590 0.006590
rf0439 8.362190 0.052740 0.000000
rf0441 8.065510 0.131860 0.006590
rf0443 8.236930 0.105480 0.000000
rf0448 8.461080 0.006590 0.065930
rf0450 8.935770 0.013180 0.000000
rf0452 8.625900 0.112080 0.065930
rf0453 8.362190 0.303270 0.000000
rf0454 8.461080 0.006590 0.553800
rf0455 8.461080 0.006590 0.000000
rf0456 8.461080 0.006590 0.006590
rf0459 8.461080 0.006590 0.000000
rf0460 8.461080 0.006590 0.145040
rf0461 8.421520 0.032970 0.000000
rf0462 8.461080 0.006590 0.072530
rf0463 8.381970 0.191190 0.000000
rf0464 8.025950 0.145050 0.013180
rf0465 8.269890 0.250530 0.000000
rf0466 8.309450 0.118670 0.006590
rf0467 8.375370 0.230750 0.000000
rf0471 8.243520 0.138450 0.197790
rf0473 8.362190 0.540610 0.000000
rf0474 8.197370 0.131850 0.408760
rf0476 8.250110 0.112080 0.000000
rf0477 8.309450 0.085700 0.046150
rf0478 8.935770 0.013180 0.000000
rf0479 8.461080 0.006590 0.013190
rf0480 8.335820 0.072520 0.000000
rf0482 8.388560 0.178010 0.079120
rf0485 8.006180 0.098890 0.000000
rf0487 8.236930 0.125260 0.059330
rf0488 8.362190 0.210970 0.000000
rf0496 8.098480 0.151630 0.046150
rf0497 8.124850 0.210970 0.000000
rf0498 8.058920 0.692250 0.006590
rf0499 8.243520 0.131850 0.000000
rf0500 8.335820 0.415350 0.059330
rf0503 8.454490 0.032960 0.000000
rf0505 8.236930 0.151630 0.421940
rf0507 8.329220 0.316460 0.000000
rf0510 8.368780 0.013190 0.006590
rf0511 8.461080 0.006590 0.000000
rf0513 8.461080 0.019780 0.059330
rf0518 8.217150 0.290080 0.000000
rf0524 8.461080 0.013190 0.013190
rf0545 8.236930 0.540610 0.000000
rf0583 8.177590 0.006590 inf
rf0591 8.362190 0.171410 0.000000
rf0607 8.461080 0.006590 0.046150
rf0622 8.105070 0.178000 0.000000
rf0630 7.940250 0.105480 0.052740
rf0632 8.025950 0.125270 0.000000
rf0642 8.058920 0.118670 0.072520
rf0644 8.401750 0.013180 0.000000
rf0663 8.065510 0.171420 0.065920
rf0684 8.606120 0.026380 0.000000
rf0693 8.006180 0.131850 0.006590
rf0695 8.269890 0.098890 0.000000
rf0701 8.138030 0.118670 0.059330
rf0707 8.283070 0.402170 0.000000
rf0713 8.461080 0.006590 0.032960
rf0730 8.375370 0.138450 0.000000
rf0739 8.256700 0.290090 0.059330
rf0745 7.933650 0.105490 0.000000
rf0783 8.223740 0.112080 0.026370
rf0795 8.243520 0.098890 0.000000
rs0001 8.461080 0.006590 0.006590
rs0002 8.362190 0.191190 0.000000
rs0003 8.362190 0.046150 0.039560
rs0010 8.381970 0.098890 0.000000
rs0011 8.236930 0.112070 0.013190
rs0012 7.940250 0.006590 0.000000
rs0013 8.243520 0.112080 0.079120
rs0017 8.421520 0.118680 0.000000
rs0019 8.995100 0.019780 0.052740
rs0020 8.217150 0.145040 0.000000
rs0023 8.461080 0.006590 0.072520
rs0030 8.362190 0.019780 0.000000
rs0035 8.065510 0.204380 0.059330
rs0038 8.461080 0.006590 0.000000
rs0039 8.236930 0.098890 0.032960
rs0041 8.362190 0.072520 0.000000
rs0042 8.210550 0.349420 0.125260
rs0045 8.302850 0.428540 0.000000
rs0046 8.777540 0.052740 0.079120
rs0047 8.236930 0.204370 0.000000
rs0048 8.461080 0.006590 0.098890
rs0050 8.935770 0.032960 0.000000
rs0051 8.658870 0.125260 0.072520
rs0052 7.458970 0.006590 0.000000
rs0054 8.461080 0.006590 0.006590
rs0062 8.362190 0.026370 0.000000
rs0063 8.461080 0.006590 0.197780
rs0064 8.461080 0.006590 0.000000
rs0065 8.342410 0.151640 0.059330
rs0068 8.256700 0.105490 0.000000
rs0070 8.236930 0.158220 0.072520
rs0077 8.461080 0.006590 0.000000
rs0081 8.362190 0.072520 0.006590
rs0082 8.236930 0.290080 0.000000
rs0083 8.210550 0.098900 0.046150
rs0084 8.362190 0.257120 0.000000
rs0085 8.461080 0.065930 0.059340
rs0087 8.184180 0.547210 0.000000
rs0088 8.171000 0.112070 0.217560
rs0089 8.461080 0.006590 0.000000
rs0090 8.190780 0.171410 0.098890
rs0092 8.283070 0.079120 0.000000
rs0093 8.988510 0.019780 0.052740
rs0094 8.461080 0.085710 0.000000
rs0095 8.461080 0.006590 0.039560
rs0096 8.461080 0.032970 0.000000
rs0097 8.144630 0.290080 0.065920
rs0098 8.355600 0.032960 0.000000
rs0099 8.230330 0.481280 0.131860
rs0103 8.098480 0.046150 0.000000
rs0104 8.935770 0.019770 0.026370
rs0105 8.375370 0.105490 0.000000
rs0106 8.118250 0.158230 0.059340
rs0111 8.164400 0.138450 0.000000
rs0113 8.388560 0.019780 0.085700
rs0118 8.309450 0.019770 0.000000
rs0120 8.368780 0.224160 0.039560
rs0121 8.421520 0.006600 0.000000
rs0122 8.184180 0.210970 0.013190
rs0123 8.388560 0.019780 0.000000
rs0124 8.461080 0.013190 0.164820
rs0126 8.368780 0.039560 0.000000
rs0127 8.256700 0.448320 0.059340
rs0128 8.935770 0.006590 0.000000
rs0129 9.041250 0.006590 0.065930
rs0130 8.309450 0.230750 0.000000
rs0132 8.025950 0.092300 0.046150
rs0133 8.375370 0.026380 0.000000
rs0134 8.461080 0.006590 0.059340
rs0135 8.368780 0.303270 0.000000
rs0137 8.461080 0.006590 0.059340
rs0138 8.177590 0.125260 0.000000
rs0140 8.058920 0.145040 0.039560
rs0141 8.454490 0.059330 0.000000
rs0143 8.850060 0.039560 0.032970
rs0145 7.999580 0.019780 0.000000
rs0146 8.184180 0.151640 0.112080
rs0147 8.461080 0.006590 0.000000
rs0148 8.955540 0.026380 0.013190
rs0149 7.458970 0.006590 0.000000
rs0150 8.362190 0.079110 0.065930
rs0153 8.935770 0.046150 0.000000
rs0154 8.131440 0.145040 0.065920
rs0156 7.847950 0.013180 0.000000
rs0158 8.236930 0.105480 0.065930
rs0163 8.362190 0.296680 0.000000
rs0165 8.256700 0.098900 0.072520
rs0166 8.461080 0.006590 0.000000
rs0167 7.458970 0.006590 0.006600
rs0168 8.105070 0.125260 0.000000
rs0170 8.461080 0.006590 0.039560
rs0171 8.243520 0.145040 0.000000
rs0172 8.362190 0.184600 0.019780
rs0174 8.263300 0.118670 0.000000
rs0175 8.461080 0.006590 0.092300
rs0178 8.362190 0.032960 0.000000
rs0179 8.362190 0.151630 0.118670
rs0180 8.461080 0.032970 0.000000
rs0182 8.935770 0.013180 0.032960
rs0183 7.458970 0.006590 0.000000
rs0184 8.236930 0.342820 0.250520
rs0185 8.461080 0.006590 0.000000
rs0188 8.461080 0.006590 0.065930
rs0189 8.757760 0.026370 0.000000
rs0192 8.421520 0.145050 0.039560
rs0193 8.362190 0.230750 0.000000
rs0195 8.606120 0.019780 0.112080
rs0200 8.065510 0.006590 0.000000
rs0201 8.764350 0.059340 0.112070
rs0203 8.461080 0.006590 0.000000
rs0206 8.461080 0.006590 0.204370
rs0209 8.836870 0.039560 0.000000
rs0210 8.236930 0.309860 0.243930
rs0211 8.678650 0.032960 0.000000
rs0212 8.197370 0.145040 0.052740
rs0215 8.355600 0.026370 0.000000
rs0218 8.362190 0.013180 0.065930
rs0220 8.184180 0.164820 0.000000
rs0221 8.764350 0.085710 0.046150
rs0224 8.414930 0.151640 0.000000
rs0225 8.362190 0.230750 0.065920
rs0226 8.316040 0.046150 0.000000
rs0227 8.461080 0.006590 0.065930
rs0228 8.461080 0.019780 0.000000
rs0231 8.263300 0.105480 0.065920
rs0236 8.138030 0.112080 0.000000
rs0237 8.381970 0.019780 0.257120
rs0240 9.041250 0.006590 0.000000
rs0241 8.263300 0.098890 0.105490
rs0242 8.362190 0.032960 0.000000
rs0243 8.606120 0.092300 0.000000
rs0246 8.085290 0.210970 0.000000
rs0247 8.085290 0.151640 0.052740
rs0250 8.711610 0.046150 0.000000
rs0251 8.243520 0.125260 0.006590
rs0255 8.190780 0.145040 0.000000
rs0256 8.461080 0.006590 0.065930
rs0257 8.250110 0.098890 0.000000
rs0259 8.461080 0.006590 0.151630
rs0260 8.362190 0.309860 0.000000
rs0262 8.461080 0.006590 0.039560
rs0263 8.935770 0.046150 0.000000
rs0264 8.157810 0.164820 inf
rs0267 8.461080 0.112080 0.000000
rs0268 8.461080 0.112080 0.052740
rs0269 8.236930 0.112070 0.000000
rs0270 9.008290 0.013180 0.072520
rs0273 8.283070 0.151640 0.000000
rs0274 8.362190 0.032960 0.059330
rs0275 8.322630 0.065930 0.000000
rs0276 8.461080 0.006590 0.052740
rs0277 8.236930 0.098890 0.000000
rs0280 8.975320 0.039560 0.006590
rs0282 8.461080 0.006590 0.000000
rs0283 8.461080 0.006590 0.013190
rs0284 8.362190 0.013180 0.000000
rs0288 8.362190 0.263710 0.065930
rs0289 8.355600 0.362600 0.000000
rs0290 8.230330 0.276900 0.085710
rs0297 8.250110 0.118670 0.000000
rs0303 8.065510 0.105490 0.006590
rs0306 8.375370 0.019780 0.000000
rs0308 8.988510 0.019780 0.184600
rs0313 8.461080 0.006590 0.000000
rs0314 8.362190 0.026370 0.138450
rs0316 8.461080 0.019780 0.000000
rs0318 7.524900 0.013180 0.085710
rs0320 8.790720 0.059340 0.000000
rs0323 8.362190 0.046150 0.006590
rs0325 8.461080 0.006590 0.000000
rs0328 8.342410 0.210970 0.006590
rs0330 8.131440 0.204380 0.000000
rs0331 8.362190 0.263710 0.006590
rs0334 8.461080 0.006590 0.000000
rs0336 8.256700 0.468100 0.006590
rs0337 8.381970 0.184600 0.000000
rs0339 8.461080 0.006590 0.006590
rs0340 8.362190 0.270310 0.000000
rs0341 8.217150 0.112070 0.032960
rs0343 8.144630 0.197780 0.000000
rs0344 8.177590 0.138450 0.006590
rs0345 8.362190 0.019780 0.000000
rs0349 8.461080 0.006590 0.026370
rs0350 8.691830 0.013190 0.000000
rs0354 8.157810 0.237340 0.052740
rs0358 8.461080 0.006590 0.000000
rs0363 8.184180 0.131860 0.065930
rs0364 8.362190 0.019780 0.000000
rs0365 8.256700 0.125270 0.065930
rs0367 8.362190 0.065930 0.000000
rs0371 8.606120 0.052750 0.072520
rs0372 8.085290 0.138450 0.000000
rs0373 8.283070 0.329650 0.072520
rs0374 8.157810 0.138450 0.000000
rs0376 8.461080 0.006590 0.013190
rs0377 8.217150 0.138450 0.000000
rs0380 8.461080 0.006590 0.085710
rs0384 8.256700 0.105490 0.000000
rs0386 8.157810 0.501060 0.065930
rs0389 8.151220 0.105480 0.000000
rs0391 8.731390 0.059330 0.079120
rs0392 8.118250 0.349420 0.000000
rs0393 8.461080 0.006590 0.191200
rs0394 8.098480 0.171410 0.000000
rs0401 8.606120 0.250530 0.006590
rs0408 8.243520 0.217560 0.000000
rs0409 8.606120 0.098900 0.105490
rs0410 8.362190 0.026370 0.000000
rs0411 8.184180 0.112080 0.059340
rs0416 8.362190 0.032960 0.000000
rs0417 8.362190 0.006590 0.085710
rs0418 8.362190 0.052740 0.000000
rs0419 8.217150 0.151630 0.079120
rs0420 8.381970 0.217560 0.000000
rs0421 8.461080 0.006590 0.065930
rs0422 8.105070 0.131860 0.000000
rs0423 8.210550 0.145050 0.052750
rs0424 8.236930 0.092290 0.000000
rs0425 8.349000 0.065930 0.072520
rs0427 8.289670 0.105480 0.000000
rs0428 8.869840 0.019780 0.098890
rs0429 8.243520 0.118670 0.000000
rs0430 8.236930 0.138440 0.052740
rs0432 8.058920 0.112080 0.000000
rs0433 8.276480 0.534020 0.046150
rs0435 8.461080 0.006590 0.000000
rs0437 8.197370 0.237340 0.085710
rs0442 8.236930 0.118670 0.000000
rs0444 8.362190 0.006590 0.052750
rs0449 8.639090 0.125260 0.000000
rs0452 7.940250 0.006590 0.079110
rs0453 8.606120 0.019780 0.000000
rs0454 8.381970 0.283490 0.026370
rs0456 8.362190 0.237340 0.000000
rs0458 8.935770 0.046150 0.006590
rs0460 8.164400 0.125270 0.000000
rs0463 8.461080 0.006590 0.006590
rs0467 8.236930 0.112070 0.000000
rs0468 8.269890 0.382380 0.085710
rs0469 8.362190 0.006590 0.000000
rs0470 8.131440 0.145040 0.013180
rs0472 8.236930 0.098890 0.000000
rs0473 8.164400 0.118670 0.052750
rs0476 8.935770 0.013180 0.000000
rs0477 8.091880 0.171420 0.006590
rs0480 8.362190 0.039560 0.000000
rs0485 8.263300 0.112070 0.085710
rs0492 8.118250 0.145050 0.000000
rs0493 8.461080 0.006590 0.006590
rs0494 8.606120 0.164830 0.000000
rs0495 8.203960 0.105490 0.046150
rs0496 8.368780 0.296680 0.000000
rs0505 8.988510 0.019780 0.046150
rs0508 8.203960 0.118670 0.000000
rs0512 8.606120 0.125270 0.092300
rs0516 8.362190 0.013180 0.000000
rs0517 8.362190 0.283490 0.052740
rs0519 8.283070 0.085710 0.000000
rs0520 8.283070 0.092300 0.046150
rs0521 8.283070 0.125270 0.000000
rs0522 8.606120 0.151640 0.032960
rs0524 8.250110 0.112080 0.000000
rs0526 8.461080 0.006590 0.230750
rs0528 8.909390 0.039560 0.000000
rs0529 8.454490 0.019780 0.052750
rs0531 8.421520 0.013190 0.000000
rs0532 8.461080 0.006590 0.072520
rs0534 8.316040 0.052740 0.000000
rs0536 8.362190 0.046150 0.059330
rs0538 8.408340 0.072520 0.000000
rs0541 8.757760 0.013190 0.059330
rs0542 8.935770 -0.019780 0.000000
rs0543 8.223740 0.158230 0.006590
rs0545 8.408340 0.013180 0.000000
rs0546 8.454490 0.125260 0.032960
rs0548 8.118250 0.540620 0.000000
rs0549 8.461080 0.006590 0.079110
rs0553 8.461080 0.006590 0.000000
rs0554 8.606120 0.026380 0.065920
rs0555 8.599530 0.000000 0.000000
rs0556 8.032550 0.098890 0.098890
rs0559 8.454490 0.039560 0.000000
rs0560 8.606120 0.072530 0.065930
rs0562 8.461080 0.006590 0.000000
rs0564 8.322630 0.210970 0.006590
rs0566 8.164400 0.178010 0.000000
rs0568 8.461080 0.006590 0.079120
rs0571 8.072100 0.138450 0.000000
rs0572 8.381970 0.178000 0.052740
rs0573 8.362190 0.079110 0.000000
rs0574 8.606120 0.000000 0.085710
rs0578 8.606120 0.171420 0.000000
rs0579 8.461080 0.006590 0.065930
rs0585 8.368780 0.184600 0.000000
rs0586 8.461080 0.006590 0.006600
rs0588 8.461080 0.006590 0.000000
rs0591 8.381970 0.019780 0.065930
rs0598 8.606120 0.105490 0.000000
rs0599 8.395150 0.026370 0.019770
rs0602 8.784130 0.085710 0.000000
rs0609 8.461080 0.006590 0.092300
rs0615 8.316040 0.059330 0.000000
rs0616 8.507230 0.323050 0.072520
rs0617 8.606120 0.085710 0.000000
rs0618 8.250110 0.118670 0.006590
rs0620 8.276480 0.085710 0.000000
rs0623 8.236930 0.105480 0.092300
rs0626 8.454490 0.079110 0.000000
rs0627 8.461080 0.006590 0.039560
rs0630 8.461080 0.006590 0.000000
rs0637 8.461080 0.006590 0.006590
rs0638 8.935770 0.039550 0.000000
rs0640 8.461080 0.006590 0.105490
rs0641 8.461080 0.006590 0.000000
rs0644 8.362190 0.072520 0.013190
rs0645 8.461080 0.072520 0.000000
rs0656 8.388560 0.197790 0.046150
rs0660 8.461080 0.006590 0.000000
rs0667 8.388560 0.072520 0.052740
rs0670 9.008290 0.019780 0.000000
rs0671 8.362190 0.085710 0.184600
rs0677 8.935770 -0.013190 0.000000
rs0679 8.461080 0.006590 0.046150
rs0691 8.461080 0.006590 0.000000
rs0696 9.014880 0.006590 0.006590
rs0703 8.461080 0.006590 0.000000
rs0708 8.381970 0.013180 0.164820
rs0710 8.197370 0.138450 0.000000
rs0713 8.236930 0.118670 0.118670
rs0720 8.461080 0.026370 0.000000
rs0722 8.302850 0.230750 inf
rs0724 8.883020 0.046150 0.000000
rs0726 8.236930 0.217560 0.006590
rs0727 8.098480 0.626320 0.000000
rs0731 8.461080 0.006590 0.019780
rs0733 8.408340 0.131860 0.000000
rs0734 8.362190 0.178010 0.006590
rs0738 8.276480 0.402170 0.000000
rs0740 8.335820 0.013180 0.006590
rs0741 8.929170 0.019780 0.000000
rs0743 7.940250 0.006590 0.092300
rs0744 8.606120 0.092300 0.000000
rs0746 8.381970 0.375790 0.072520
rs0747 8.599530 0.006590 0.000000
rs0751 8.995100 0.013190 0.072530
rs0752 8.322630 0.052740 0.000000
rs0754 8.316040 0.580170 0.006590
rs0756 8.329220 0.138450 0.000000
rs0758 8.375370 0.270310 0.079120
rs0763 8.342410 0.421940 0.000000
rs0766 8.401750 0.006590 0.046150
rs0767 7.458970 0.006590 0.000000
rs0768 8.329220 0.065930 0.079110
rs0769 8.368780 0.276900 0.000000
rs0774 8.250110 0.158230 0.059340
rs0775 8.362190 0.079110 0.000000
rs0777 8.065510 0.158230 0.046150
rs0778 8.362190 0.085710 0.000000
rs0779 8.612720 0.230750 0.039550
rs0781 8.388560 0.197790 0.000000
rs0782 8.236930 0.131850 0.052750
rs0786 8.461080 0.006590 0.000000
rs0788 8.309450 0.052740 0.006590
rs0790 8.203960 0.098890 0.000000
rs0793 8.362190 0.356010 0.079120
rs0794 8.935770 0.006590 0.000000
rs0797 8.434710 0.006590 0.065920
rs0799 8.210550 0.131860 0.000000
rs0800 8.368780 0.046150 0.105490
rs0802 8.335820 0.079110 0.000000
rs0804 8.362190 0.006590 0.092300
rs0805 8.461080 0.006590 0.000000
rs0806 8.461080 0.013190 0.006590
rs0809 8.461080 0.125270 0.000000
rs0810 8.184180 0.138450 0.013180
rs0811 8.461080 0.039560 0.000000
rs0812 8.461080 0.013190 0.046150
rs0815 8.289670 0.098890 0.000000
rs0818 8.362190 0.032960 0.072530
rs0823 8.797320 0.052740 0.000000
rs0828 8.276480 0.118670 0.098890
rs0831 7.986400 0.006590 0.000000
rs0832 8.362190 0.006590 0.032970
rs0833 8.863240 0.026380 0.000000
rs0834 8.401750 0.118670 0.131860
rs0836 8.935770 -0.006600 0.000000
rs0838 8.414930 0.131860 0.118670
rs0839 8.362190 0.283490 0.000000
rs0840 8.236930 0.145040 0.072520
rs0842 8.171000 0.098890 0.000000
rs0843 8.461080 0.006590 0.065920
rs0845 8.368780 0.448310 0.000000
rs0846 8.309450 0.421940 0.026370
rs0847 8.461080 0.046150 0.000000
rs0850 8.724800 0.118670 0.026380
rs0853 8.461080 0.006590 0.000000
rs0854 8.428120 0.210970 0.019780
rs0855 9.028070 0.013180 0.000000
rs0856 8.764350 0.112080 0.013180
rs0860 8.335820 0.461500 0.000000
rs0865 7.458970 0.006590 0.059330
rs0866 8.401750 0.316450 0.000000
rs0868 8.461080 0.006590 0.026370
rs0869 8.362190 0.006590 0.000000
rs0871 8.217150 0.098890 0.243930
rs0872 8.395150 0.197790 0.000000
rs0880 8.375370 0.052750 0.059330
rs0887 8.606120 0.158230 0.000000
rs0891 8.606120 0.164830 0.052740
rs0892 8.362190 0.000000 0.000000
rs0893 8.236930 0.151630 0.138450
rs0897 8.335820 0.046150 0.000000
rs0899 8.368780 0.125270 0.092300
rs0900 8.355600 0.019770 0.000000
rs0901 8.039140 0.118670 0.079120
rs0906 8.362190 0.006590 0.000000
rs0907 8.296260 0.125260 0.065920
rs0909 8.428120 0.079110 0.000000
rs0916 8.362190 0.105480 0.032960
rs0919 8.243520 0.197780 0.000000
rs0920 8.461080 0.006590 0.006590
rs0921 8.461080 0.006590 0.000000
rs0922 8.289670 0.138450 0.039560
rs0923 8.461080 0.006590 0.000000
rs0927 8.362190 0.052740 0.006590
rs0930 8.461080 0.006590 0.000000
rs0932 8.250110 0.131860 0.059340
rs0933 8.236930 0.112070 0.000000
rs0934 8.362190 0.085710 0.059340
rs0935 8.243520 0.092300 0.000000
rs0944 7.894100 0.026370 0.059340
rs0945 8.935770 -0.013190 0.000000
rs0946 8.388560 0.309860 0.112080
rs0948 8.368780 0.342830 0.000000
rs0950 8.171000 0.145040 0.013180
rs0953 8.883020 0.032970 0.000000
rs0957 8.362190 0.006590 0.052740
rs0958 8.461080 0.006590 0.000000
rs0959 8.065510 0.125270 0.006590
rs0960 7.458970 0.006590 0.000000
rs0962 8.263300 0.006590 0.125260
rs0967 7.643570 0.013190 0.000000
rs0968 8.118250 0.145050 inf
rs0970 8.329220 0.336240 0.000000
rs0976 8.105070 0.145040 0.125260
rs0977 8.461080 0.006590 0.000000
rs0979 8.091880 0.131860 0.131860
rs0980 8.606120 0.013190 0.000000
rs0981 8.250110 0.131860 0.052740
rs0982 8.065510 0.145040 0.000000
rs0983 8.210550 0.316460 0.019780
rs0984 8.362190 0.019780 0.000000
rs0985 8.203960 0.118670 0.098900
rs0986 8.236930 0.171410 0.000000
rs0989 8.461080 0.006590 0.046150
rs0991 7.927060 0.006590 0.000000
rs0995 8.368780 0.329640 0.065920
rs0996 8.243520 0.257120 0.000000
rs0997 8.737980 0.039560 0.006590
rs0999 8.276480 0.105490 0.000000
rs1001 8.203960 0.408760 inf
rs1002 8.935770 -0.032970 0.000000
rs1003 8.368780 0.329640 0.052740
rs1010 8.935770 0.006590 0.000000
rs1014 8.210550 0.145050 0.006590
rs1016 8.685240 0.039560 0.000000
rs1017 8.118250 0.178010 0.059340
rs1020 8.236930 0.164820 0.000000
rs1021 8.269890 0.098890 0.079120
rs1028 8.362190 0.290080 0.000000
rs1029 8.362190 0.006590 0.065930
rs1030 8.362190 0.059330 0.000000
rs1031 8.263300 0.237340 0.006590
rs1032 8.184180 0.250530 0.000000
rs1034 8.230330 0.112080 0.065930
rs1035 8.171000 0.184600 0.000000
rs1038 8.388560 0.059340 0.085710
rs1040 8.184180 0.118670 0.000000
rs1041 8.236930 0.197780 0.032960
rs1043 8.091880 0.151640 0.000000
rs1045 8.381970 0.263710 0.514250
rs1047 8.362190 0.098890 0.000000
rs1048 8.381970 0.019780 inf
rs1049 8.269890 0.019780 0.000000
rs1050 8.236930 0.138440 0.052750
rs1052 8.296260 0.065930 0.000000
rs1053 8.236930 0.072520 0.006590
rs1054 8.058920 0.072520 0.000000
rs1055 8.461080 0.026370 0.006590
rs1057 7.458970 0.006590 0.000000
rs1058 8.362190 0.039560 0.171410
rs1059 8.461080 0.006590 0.000000
rs1060 8.105070 0.145040 0.026370
rs1062 8.606120 0.052750 0.000000
rs1065 8.302850 0.079120 0.052740
rs1068 8.461080 0.006590 0.000000
rs1070 8.461080 0.006590 0.197780
rs1072 8.329220 0.243940 0.000000
rs1073 8.461080 0.006590 0.006590
rs1074 8.236930 0.092290 0.000000
rs1076 8.461080 0.006590 0.079110
rs1077 8.381970 0.065930 0.000000
rs1078 7.966620 0.006590 0.006590
rs1079 8.375370 0.257130 0.000000
rs1080 8.968730 0.019780 0.006590
rs1081 8.461080 0.019780 0.000000
rs1082 8.606120 0.224160 0.145040
rs1083 8.461080 0.006590 0.000000
rs1084 8.269890 0.085710 0.059340
rs1087 8.606120 0.032970 0.000000
rs1091 8.362190 0.276900 0.224160
rs1098 8.349000 0.046150 0.000000
rs1100 8.362190 0.270310 0.052740
rs1102 8.606120 0.079120 0.000000
rs1103 8.085290 0.151640 0.138450
rs1104 8.368780 0.131860 0.000000
rs1105 8.381970 0.079110 0.131860
rs1108 8.184180 0.105490 0.000000
rs1109 8.606120 0.059340 0.065930
rs1110 8.737980 0.019780 0.000000
rs1113 8.058920 0.112080 0.164820
rs1114 8.316040 0.395570 0.000000
rs1117 8.230330 0.098890 0.019780
rs1118 8.401750 0.032960 0.000000
rs1119 8.157810 0.659280 0.006590
rs1120 8.461080 0.006590 0.000000
rs1121 8.388560 0.210970 0.085710
rs1122 8.606120 0.092300 0.000000
rs1124 8.362190 0.178010 0.006590
rs1125 8.362190 0.098890 0.000000
rs1126 8.250110 0.112080 0.019780
rs1128 8.236930 0.085700 0.000000
rs1131 8.606120 0.019780 0.065930
rs1132 8.138030 0.138450 0.000000
rs1135 8.223740 0.138450 0.059330
rs1137 8.368780 0.006590 0.000000
rs1142 8.230330 0.013190 0.013190
rs1143 8.236930 0.131850 0.000000
rs1145 8.375370 0.072530 0.092300
rs1146 8.606120 0.125270 0.000000
rs1147 8.236930 0.131850 0.065930
rs1149 8.065510 0.131860 0.000000
rs1151 8.362190 0.375790 0.085710
rs1154 8.461080 0.006590 0.000000
rs1156 8.362190 0.052740 0.243930
rs1157 8.105070 0.013180 0.000000
rs1159 8.236930 0.112070 0.052740
rs1163 8.151220 0.540610 0.000000
rs1164 8.058920 0.125260 0.032960
rs1165 8.362190 0.105480 0.000000
rs1166 8.375370 0.046150 0.342830
rs1169 8.461080 0.006590 0.000000
rs1170 8.263300 0.092300 0.079120
rs1171 8.256700 0.112080 0.000000
rs1172 8.362190 0.032960 0.059340
rs1174 8.869840 0.026370 0.000000
rs1176 8.362190 0.006590 0.006590
rs1178 8.461080 0.006590 0.000000
rs1179 8.381970 0.013180 0.065930
rs1182 8.362190 0.250530 0.000000
rs1183 8.461080 0.006590 0.006590
rs1184 8.236930 0.118670 0.000000
rs1185 8.289670 0.402160 0.026370
rs1187 8.302850 0.059340 0.000000
rs1188 8.250110 0.092300 0.006590
rs1191 8.461080 0.006590 0.000000
rs1192 8.157810 0.118670 0.131860
rs1193 8.454490 0.079110 0.000000
rs1195 8.421520 0.039560 0.065930
rs1198 8.203960 0.131860 0.000000
rs1200 8.362190 0.026370 0.006590
rs1202 8.461080 0.006590 0.000000
rs1205 8.375370 0.032970 0.006590
rs1206 8.296260 0.217560 0.000000
rs1207 8.606120 0.039560 0.059340
rs1208 8.124850 0.118670 0.000000
rs1209 8.217150 0.145040 0.118670
rs1210 7.940250 0.006590 0.000000
rs1211 8.461080 0.006590 0.072520
rs1212 8.342410 0.013190 0.000000
rs1213 8.863240 0.065930 0.039560
rs1217 8.724800 0.125260 0.000000
rs1220 8.362190 0.290080 0.085700
rs1229 8.691830 0.092300 0.000000
rs1236 8.368780 0.039560 0.006590
rs1238 8.388560 0.046150 0.000000
rs1245 8.243520 0.164820 0.079120
rs1248 8.368780 0.474690 0.000000
rs1257 8.461080 0.006590 0.151630
rs1258 8.764350 0.059340 0.000000
rs1259 7.814980 0.013190 0.006590
rs1260 8.203960 0.257120 0.000000
rs1261 8.098480 0.402160 0.006590
rs1262 8.461080 0.006590 0.000000
rs1263 8.269890 0.158230 0.098890
rs1264 8.461080 0.006590 0.000000
rs1265 8.863240 0.026380 0.065930
rs1266 8.164400 0.560400 0.000000
rs1267 8.988510 0.019780 0.072530
rs1269 7.999580 0.098900 0.000000
rs1270 8.243520 0.118670 0.079110
rs1276 8.236930 0.112070 0.000000
rs1278 8.461080 0.098890 0.052740
rs1280 8.362190 0.164820 0.000000
rs1281 8.197370 0.270300 0.065930
rs1283 8.362190 0.052740 0.000000
rs1284 8.124850 0.178000 0.052740
rs1285 8.223740 0.210970 0.000000
rs1286 7.458970 0.006590 0.092300
rs1289 8.289670 0.145040 0.000000
rs1290 8.058920 0.125260 0.006590
rs1291 8.230330 0.098890 0.000000
rs1292 8.461080 0.026370 0.098890
rs1293 8.737980 0.026370 0.000000
rs1294 8.461080 0.006590 0.019780
rs1295 8.098480 0.164820 0.000000
rs1296 8.171000 0.105480 0.019780
rs1297 8.098480 0.125260 0.000000
rs1298 8.454490 0.059330 0.131850
rs1299 8.197370 0.309860 0.000000
rs1301 8.461080 0.006590 0.079120
rs1302 8.362190 0.013180 0.000000
rs1303 8.105070 0.843880 0.006590
rs1304 8.098480 0.158220 0.000000
rs1310 8.243520 0.105480 0.072520
rs1337 8.355600 0.006590 0.000000
rs1359 8.250110 0.098890 0.065930
rs1368 8.823690 0.019780 0.000000
rs1437 8.619310 0.085710 0.059340
rs1518 8.606120 0.105490 0.000000
