rf0001 8.274430 0.065390 0.065390
rf0003 8.764860 0.032690 0.261560
rf0006 8.274430 0.032700 0.032690
rf0007 8.274430 0.032700 0.032690
rf0008 8.961030 inf 0.555820
rf0010 8.274430 0.032700 0.032690
rf0011 8.437910 0.130780 0.065390
rf0014 8.274430 0.196170 0.032690
rf0015 8.437910 0.065390 0.065390
rf0017 8.274430 0.098090 0.032690
rf0019 8.274430 0.163480 0.098080
rf0020 8.437910 0.130780 0.065390
rf0023 8.274430 0.130780 0.065390
rf0024 8.503300 0.163470 0.065390
rf0028 8.274430 0.032700 0.032690
rf0029 8.274430 0.098090 0.032690
rf0030 8.339820 0.065390 0.065390
rf0031 8.274430 0.032700 0.032690
rf0032 8.274430 0.032700 0.032690
rf0033 8.274430 0.163480 0.065390
rf0034 8.274430 0.098090 0.065390
rf0040 8.764860 0.065390 0.228870
rf0042 8.274430 0.130780 0.098080
rf0043 8.830250 0.032690 0.163480
rf0045 8.274430 0.032700 0.032690
rf0048 8.274430 0.032700 0.032690
rf0049 8.274430 0.032700 0.032690
rf0051 8.241740 0.130780 0.098090
rf0053 8.274430 0.032700 0.065390
rf0058 8.372520 0.163470 0.065390
rf0059 8.274430 0.032700 0.032690
rf0060 8.274430 0.098090 0.065390
rf0061 8.470600 0.196170 0.098080
rf0062 8.274430 0.032700 0.032690
rf0064 8.241740 0.065390 0.065390
rf0065 8.274430 0.065390 0.065390
rf0068 8.241740 0.196170 0.098090
rf0071 8.601380 0.065390 0.130780
rf0072 8.274430 0.032700 0.032690
rf0073 8.274430 0.032700 0.065390
rf0074 8.601380 0.130780 0.098080
rf0076 8.274430 0.130780 0.032690
rf0077 8.274430 0.032700 0.032690
rf0079 8.274430 0.032700 0.032690
rf0083 8.274430 0.032700 0.032690
rf0084 8.274430 0.032700 0.032690
rf0092 8.535990 0.130780 0.098080
rf0098 8.372520 0.098080 0.032700
rf0099 8.274430 0.098090 0.032690
rf0102 8.274430 0.196170 0.065390
rf0104 8.274430 0.032700 0.032690
rf0106 8.274430 0.032700 0.032690
rf0107 8.274430 0.065390 0.065390
rf0108 8.274430 0.032700 0.032690
rf0109 8.274430 0.032700 0.032690
rf0110 8.274430 0.032700 0.032690
rf0111 8.372520 0.163470 0.065390
rf0117 8.339820 0.098090 0.065390
rf0118 8.274430 0.163480 0.098080
rf0119 8.274430 0.032700 0.032690
rf0120 8.209040 0.130780 0.130780
rf0122 8.274430 0.032700 0.032690
rf0125 8.307130 0.032690 0.032700
rf0126 8.274430 0.032700 0.032690
rf0128 8.274430 0.032700 0.032690
rf0129 8.274430 0.032700 0.032690
rf0132 8.274430 0.032700 0.032690
rf0134 8.405210 0.196170 0.065390
rf0141 8.274430 0.163480 0.098080
rf0143 8.339820 0.130780 0.065390
rf0145 8.470600 0.098090 0.065390
rf0147 8.274430 0.032700 0.032690
rf0150 8.274430 0.032700 0.032690
rf0154 8.274430 0.032700 0.065390
rf0155 8.274430 0.032700 0.032690
rf0156 8.470600 0.228870 0.065390
rf0157 8.241740 0.065390 0.130780
rf0160 8.274430 0.032700 0.032690
rf0164 8.437910 0.130780 0.065390
rf0165 8.862940 0.000000 0.490420
rf0167 8.405210 0.130780 0.065390
rf0169 8.274430 0.130780 0.065390
rf0170 8.372520 0.065390 0.032700
rf0171 8.961030 inf 0.523120
rf0172 8.470600 0.228870 0.065390
rf0173 8.274430 0.032700 0.032690
rf0175 8.307130 0.130780 0.032700
rf0176 8.339820 0.098090 0.065390
rf0177 8.372520 0.065390 0.065390
rf0179 8.274430 0.065390 0.032690
rf0180 8.339820 0.130780 0.032690
rf0181 8.307130 0.163470 0.065390
rf0191 8.274430 0.032700 0.032690
rf0192 8.274430 0.098090 0.032690
rf0193 8.535990 0.098090 0.098080
rf0195 8.405210 0.130780 0.065390
rf0197 8.274430 0.065390 0.032690
rf0199 8.274430 0.032700 0.032690
rf0201 8.274430 0.032700 0.065390
rf0204 8.274430 0.065390 0.065390
rf0205 8.470600 0.163480 0.065390
rf0206 8.568690 0.098080 0.098090
rf0207 8.274430 0.163480 0.032690
rf0209 8.274430 0.032700 0.032690
rf0210 8.274430 0.032700 0.032690
rf0216 8.274430 0.032700 0.032690
rf0217 8.830250 0.032690 0.359650
rf0218 8.535990 0.196170 0.098080
rf0223 8.274430 0.032700 0.032690
rf0226 8.274430 0.032700 0.032690
rf0227 8.372520 0.163470 0.065390
rf0229 8.405210 0.228870 0.065390
rf0234 8.437910 0.163470 0.065390
rf0236 8.274430 0.032700 0.032690
rf0237 8.535990 0.163480 0.098080
rf0238 8.274430 0.163480 0.065390
rf0241 8.209040 0.065390 0.098080
rf0242 8.274430 0.032700 0.032690
rf0245 8.830250 0.065390 0.228870
rf0246 8.241740 0.032690 0.130780
rf0247 8.274430 0.032700 0.032690
rf0249 8.437910 0.032690 0.065390
rf0250 8.241740 0.065390 0.032700
rf0251 8.372520 0.130780 0.065390
rf0252 8.274430 0.196170 0.065390
rf0256 8.274430 0.032700 0.032690
rf0257 8.274430 0.098090 0.065390
rf0258 8.437910 0.163470 0.065390
rf0259 8.274430 0.032700 0.032690
rf0262 8.241740 0.098080 0.098090
rf0263 8.274430 0.065390 0.032690
rf0264 8.274430 0.032700 0.032690
rf0265 8.241740 0.098080 0.065390
rf0266 8.241740 0.032690 0.130780
rf0267 8.307130 0.098080 0.032700
rf0268 8.307130 0.163470 0.065390
rf0269 8.274430 0.032700 0.032690
rf0272 8.274430 0.098090 0.065390
rf0273 8.241740 0.163470 0.065390
rf0280 8.274430 0.032700 0.065390
rf0283 8.339820 0.032700 0.032690
rf0284 8.274430 0.032700 0.032690
rf0292 8.437910 0.130780 0.065390
rf0294 8.503300 0.163470 0.098090
rf0296 8.274430 0.065390 0.130780
rf0297 8.274430 0.098090 0.065390
rf0298 8.307130 0.130780 0.032700
rf0299 8.274430 0.130780 0.032690
rf0300 8.307130 0.098080 0.032700
rf0302 8.568690 0.098080 0.098090
rf0303 8.307130 0.130780 0.065390
rf0305 8.339820 0.196170 0.065390
rf0306 8.274430 0.065390 0.098080
rf0314 8.274430 0.032700 0.032690
rf0316 8.470600 0.130780 0.098080
rf0318 8.241740 0.098080 0.098090
rf0320 8.274430 0.032700 0.065390
rf0322 8.274430 0.032700 0.032690
rf0323 8.405210 0.196170 0.065390
rf0326 8.274430 0.163480 0.065390
rf0328 8.503300 0.163470 0.098090
rf0331 8.372520 0.130780 0.065390
rf0332 8.274430 0.032700 0.065390
rf0333 8.372520 0.098080 0.065390
rf0335 8.274430 0.130780 0.065390
rf0338 8.274430 0.032700 0.065390
rf0339 8.405210 0.098090 0.065390
rf0340 8.274430 0.065390 0.065390
rf0341 8.568690 0.130780 0.098090
rf0342 8.437910 0.130780 0.065390
rf0343 8.307130 0.065390 0.032700
rf0348 8.437910 0.098080 0.065390
rf0351 8.274430 0.065390 0.032690
rf0354 8.339820 0.130780 0.065390
rf0358 8.241740 0.065390 0.065390
rf0360 8.339820 0.163480 0.098080
rf0363 8.241740 0.065390 0.065390
rf0364 8.372520 0.130780 0.065390
rf0365 8.307130 0.065390 0.032700
rf0366 8.274430 0.032700 0.032690
rf0367 8.274430 0.032700 0.032690
rf0368 8.274430 0.065390 0.065390
rf0370 8.307130 0.098080 0.065390
rf0374 8.307130 0.163470 0.065390
rf0376 8.437910 0.098080 0.065390
rf0378 8.470600 0.163480 0.065390
rf0381 8.307130 0.163470 0.065390
rf0383 8.339820 0.098090 0.032690
rf0385 8.339820 0.098090 0.065390
rf0386 8.405210 0.163480 0.065390
rf0387 8.437910 0.163470 0.065390
rf0388 8.437910 0.130780 0.065390
rf0391 8.307130 0.130780 0.065390
rf0392 8.241740 0.065390 0.065390
rf0393 8.274430 0.065390 0.065390
rf0395 8.470600 0.130780 0.098080
rf0396 8.568690 0.098080 0.098090
rf0398 8.470600 0.130780 0.098080
rf0399 8.372520 0.098080 0.065390
rf0400 8.830250 0.032690 0.098090
rf0401 8.241740 0.065390 0.130780
rf0403 8.274430 0.098090 0.032690
rf0412 8.339820 0.098090 0.065390
rf0413 8.339820 0.130780 0.065390
rf0415 8.437910 0.130780 0.065390
rf0417 8.764860 0.065390 0.228870
rf0418 8.601380 0.130780 0.130780
rf0419 8.241740 0.065390 0.065390
rf0425 8.274430 0.032700 0.032690
rf0426 8.143650 0.163480 0.130780
rf0427 8.470600 0.196170 0.098080
rf0428 8.274430 0.032700 0.032690
rf0430 8.274430 0.065390 0.065390
rf0431 8.241740 0.065390 0.065390
rf0432 8.339820 0.163480 0.065390
rf0433 8.372520 0.326950 0.032700
rf0434 8.274430 0.098090 0.098080
rf0436 8.274430 0.032700 0.032690
rf0439 8.274430 0.032700 0.032690
rf0441 8.241740 0.065390 0.098090
rf0443 8.274430 0.130780 0.032690
rf0448 8.274430 0.032700 0.032690
rf0450 8.699470 0.065390 0.196170
rf0452 8.470600 0.163480 0.065390
rf0453 8.372520 0.196170 0.065390
rf0454 8.274430 0.032700 0.032690
rf0455 8.274430 0.032700 0.032690
rf0456 8.274430 0.032700 0.032690
rf0459 8.274430 0.032700 0.032690
rf0460 8.274430 0.032700 0.032690
rf0461 8.274430 0.032700 0.032690
rf0462 8.274430 0.032700 0.032690
rf0463 8.470600 0.065390 0.065390
rf0464 8.241740 0.032690 0.130780
rf0465 8.274430 0.163480 0.032690
rf0466 8.372520 0.130780 0.065390
rf0467 8.437910 0.163470 0.098090
rf0471 8.339820 0.228870 0.065390
rf0473 8.470600 0.163480 0.098080
rf0474 8.241740 0.065390 0.032700
rf0476 8.274430 0.163480 0.032690
rf0477 8.274430 0.065390 0.032690
rf0478 8.830250 0.000000 0.457730
rf0479 8.274430 0.032700 0.032690
rf0480 8.307130 0.130780 0.065390
rf0482 8.437910 0.130780 0.098090
rf0485 8.176350 0.098080 0.130780
rf0487 8.274430 0.130780 0.065390
rf0488 8.339820 0.098090 0.065390
rf0496 8.274430 0.065390 0.098080
rf0497 8.241740 0.130780 0.098090
rf0498 8.209040 0.196170 0.098080
rf0499 8.274430 0.065390 0.065390
rf0500 8.372520 0.163470 0.032700
rf0503 8.307130 0.065390 0.065390
rf0505 8.274430 0.130780 0.032690
rf0507 8.372520 0.163470 0.065390
rf0510 8.339820 0.032700 0.065390
rf0511 8.274430 0.032700 0.032690
rf0513 8.274430 0.065390 0.032690
rf0518 8.274430 0.130780 0.065390
rf0524 8.274430 0.032700 0.032690
rf0545 8.274430 0.196170 0.065390
rf0583 8.274430 0.032700 0.032690
rf0591 8.372520 0.163470 0.065390
rf0607 8.274430 0.032700 0.032690
rf0622 8.241740 0.130780 0.098090
rf0630 8.241740 0.032690 0.163480
rf0632 8.176350 0.163470 0.098090
rf0642 8.241740 0.032690 0.065390
rf0644 8.110960 0.359640 0.098090
rf0663 8.241740 0.065390 0.065390
rf0684 8.405210 0.163480 0.065390
rf0693 8.241740 0.098080 0.098090
rf0695 8.274430 0.130780 0.032690
rf0701 8.274430 0.130780 0.065390
rf0707 8.339820 0.130780 0.032690
rf0713 8.274430 0.032700 0.032690
rf0730 8.372520 0.098080 0.065390
rf0739 8.307130 0.228860 0.065390
rf0745 8.143650 0.098090 0.130780
rf0783 8.274430 0.098090 0.065390
rf0795 8.274430 0.098090 0.065390
rs0001 8.274430 0.032700 0.032690
rs0002 8.339820 0.098090 0.065390
rs0003 8.274430 0.065390 0.032690
rs0010 8.307130 0.130780 0.032700
rs0011 8.307130 0.130780 0.065390
rs0012 8.307130 0.130780 0.065390
rs0013 8.307130 0.098080 0.065390
rs0017 8.470600 0.098090 0.065390
rs0019 8.830250 0.032690 0.228870
rs0020 8.274430 0.196170 0.032690
rs0023 8.274430 0.032700 0.032690
rs0030 8.339820 0.065390 0.065390
rs0035 8.241740 0.065390 0.098090
rs0038 8.274430 0.032700 0.032690
rs0039 8.274430 0.065390 0.065390
rs0041 8.274430 0.032700 0.032690
rs0042 8.339820 0.261560 0.065390
rs0045 8.372520 0.163470 0.065390
rs0046 8.634080 0.065390 0.163480
rs0047 8.274430 0.065390 0.065390
rs0048 8.274430 0.032700 0.032690
rs0050 8.732160 0.032700 0.261560
rs0051 8.503300 0.130780 0.098090
rs0052 8.372520 0.163470 0.065390
rs0054 8.274430 0.032700 0.032690
rs0062 8.274430 0.032700 0.032690
rs0063 8.274430 0.032700 0.032690
rs0064 8.274430 0.032700 0.032690
rs0065 8.372520 0.130780 0.098090
rs0068 8.339820 0.163480 0.098080
rs0070 8.274430 0.130780 0.065390
rs0077 8.274430 0.032700 0.032690
rs0081 8.274430 0.065390 0.032690
rs0082 8.274430 0.130780 0.032690
rs0083 8.274430 0.065390 0.098080
rs0084 8.372520 0.163470 0.065390
rs0085 8.274430 0.065390 0.032690
rs0087 8.339820 0.163480 0.065390
rs0088 8.274430 0.065390 0.065390
rs0089 8.274430 0.032700 0.032690
rs0090 8.274430 0.032700 0.065390
rs0092 8.274430 0.065390 0.032690
rs0093 8.764860 0.032690 0.326950
rs0094 8.307130 0.098080 0.032700
rs0095 8.274430 0.032700 0.032690
rs0096 8.339820 0.065390 0.065390
rs0097 8.241740 0.065390 0.032700
rs0098 8.372520 0.065390 0.065390
rs0099 8.274430 0.163480 0.098080
rs0103 8.797550 0.065390 0.261560
rs0104 8.470600 0.261560 0.065390
rs0105 8.307130 0.163470 0.032700
rs0106 8.241740 0.163470 0.098090
rs0111 8.274430 0.130780 0.065390
rs0113 8.339820 0.065390 0.032690
rs0118 8.372520 0.196170 0.065390
rs0120 8.372520 0.130780 0.032700
rs0121 8.732160 0.065390 0.294250
rs0122 8.274430 0.098090 0.065390
rs0123 8.372520 0.065390 0.032700
rs0124 8.274430 0.098090 0.065390
rs0126 8.372520 0.065390 0.065390
rs0127 8.339820 0.098090 0.065390
rs0128 8.732160 0.065390 0.228860
rs0129 8.862940 0.065390 0.130780
rs0130 8.307130 0.130780 0.065390
rs0132 8.209040 0.130780 0.098080
rs0133 8.405210 0.163480 0.032690
rs0134 8.339820 0.032700 0.065390
rs0135 8.470600 0.163480 0.065390
rs0137 8.274430 0.032700 0.032690
rs0138 8.274430 0.098090 0.065390
rs0140 8.241740 0.032690 0.065390
rs0141 8.274430 0.032700 0.032690
rs0143 8.732160 0.065390 0.196170
rs0145 8.405210 0.098090 0.098080
rs0146 8.274430 0.065390 0.065390
rs0147 8.274430 0.032700 0.032690
rs0148 8.797550 0.032700 0.130780
rs0149 8.339820 0.163480 0.065390
rs0150 8.274430 0.098090 0.032690
rs0153 8.797550 0.065390 0.228860
rs0154 8.274430 0.098090 0.098080
rs0156 8.307130 0.065390 0.065390
rs0158 8.274430 0.098090 0.098080
rs0163 8.437910 0.130780 0.065390
rs0165 8.307130 0.130780 0.065390
rs0166 8.274430 0.032700 0.032690
rs0167 8.274430 0.065390 0.065390
rs0168 8.241740 0.065390 0.065390
rs0170 8.274430 0.032700 0.032690
rs0171 8.307130 0.130780 0.065390
rs0172 8.405210 0.130780 0.065390
rs0174 8.274430 0.130780 0.032690
rs0175 8.274430 0.032700 0.032690
rs0178 8.274430 0.032700 0.032690
rs0179 8.372520 0.130780 0.065390
rs0180 8.274430 0.065390 0.032690
rs0182 8.503300 0.228860 0.098090
rs0183 8.405210 0.098090 0.032690
rs0184 8.274430 0.163480 0.032690
rs0185 8.274430 0.032700 0.032690
rs0188 8.274430 0.032700 0.032690
rs0189 8.634080 0.065390 0.130780
rs0192 8.503300 0.130780 0.098090
rs0193 8.405210 0.098090 0.065390
rs0195 8.405210 0.130780 0.065390
rs0200 8.241740 0.032690 0.032700
rs0201 8.634080 0.065390 0.130780
rs0203 8.274430 0.032700 0.032690
rs0206 8.274430 0.032700 0.032690
rs0209 8.601380 0.098090 0.130780
rs0210 8.307130 0.163470 0.065390
rs0211 8.470600 0.098090 0.065390
rs0212 8.307130 0.196170 0.065390
rs0215 8.274430 0.065390 0.065390
rs0218 8.274430 0.098090 0.032690
rs0220 8.274430 0.032700 0.065390
rs0221 8.503300 0.163470 0.098090
rs0224 8.405210 0.098090 0.032690
rs0225 8.339820 0.098090 0.032690
rs0226 8.274430 0.065390 0.032690
rs0227 8.274430 0.032700 0.032690
rs0228 8.274430 0.032700 0.032690
rs0231 8.307130 0.130780 0.032700
rs0236 8.274430 0.130780 0.065390
rs0237 8.437910 0.130780 0.032700
rs0240 8.928330 inf 0.098080
rs0241 8.307130 0.098080 0.065390
rs0242 8.339820 0.098090 0.065390
rs0243 8.437910 0.098080 0.065390
rs0246 8.241740 0.065390 0.065390
rs0247 8.241740 0.032690 0.098090
rs0250 8.470600 0.163480 0.065390
rs0251 8.307130 0.163470 0.065390
rs0255 8.274430 0.098090 0.065390
rs0256 8.274430 0.032700 0.032690
rs0257 8.307130 0.130780 0.065390
rs0259 8.274430 0.032700 0.032690
rs0260 8.437910 0.098080 0.065390
rs0262 8.274430 0.032700 0.032690
rs0263 8.764860 0.065390 0.228870
rs0264 8.241740 0.065390 0.032700
rs0267 8.470600 0.098090 0.065390
rs0268 8.470600 0.098090 0.065390
rs0269 8.274430 0.098090 0.065390
rs0270 8.862940 0.032700 0.261560
rs0273 8.307130 0.130780 0.065390
rs0274 8.339820 0.065390 0.065390
rs0275 8.274430 0.098090 0.032690
rs0276 8.274430 0.032700 0.032690
rs0277 8.274430 0.130780 0.032690
rs0280 8.797550 0.065390 0.294250
rs0282 8.274430 0.032700 0.032690
rs0283 8.274430 0.032700 0.032690
rs0284 8.307130 0.065390 0.065390
rs0288 8.405210 0.130780 0.065390
rs0289 8.405210 0.163480 0.065390
rs0290 8.274430 0.163480 0.065390
rs0297 8.274430 0.065390 0.032690
rs0303 8.241740 0.130780 0.098090
rs0306 8.405210 0.098090 0.065390
rs0308 8.797550 0.032700 0.392340
rs0313 8.274430 0.032700 0.032690
rs0314 8.307130 0.098080 0.032700
rs0316 8.405210 0.065390 0.065390
rs0318 8.241740 0.065390 0.098090
rs0320 8.568690 0.098080 0.098090
rs0323 8.372520 0.098080 0.065390
rs0325 8.274430 0.032700 0.032690
rs0328 8.372520 0.196170 0.065390
rs0330 8.241740 0.392340 0.098090
rs0331 8.405210 0.130780 0.065390
rs0334 8.274430 0.032700 0.032690
rs0336 8.372520 0.163470 0.098090
rs0337 8.307130 0.065390 0.032700
rs0339 8.274430 0.032700 0.032690
rs0340 8.405210 0.130780 0.065390
rs0341 8.274430 0.065390 0.065390
rs0343 8.274430 0.163480 0.065390
rs0344 8.274430 0.065390 0.065390
rs0345 8.274430 0.032700 0.065390
rs0349 8.274430 0.032700 0.032690
rs0350 8.372520 0.098080 0.065390
rs0354 8.274430 0.065390 0.065390
rs0358 8.274430 0.032700 0.032690
rs0363 8.274430 0.130780 0.065390
rs0364 8.274430 0.065390 0.032690
rs0365 8.274430 0.098090 0.065390
rs0367 8.274430 0.032700 0.032690
rs0371 8.568690 0.098080 0.098090
rs0372 8.241740 0.130780 0.065390
rs0373 8.339820 0.130780 0.065390
rs0374 8.241740 0.130780 0.065390
rs0376 8.274430 0.032700 0.032690
rs0377 8.339820 0.163480 0.065390
rs0380 8.274430 0.032700 0.032690
rs0384 8.307130 0.130780 0.065390
rs0386 8.274430 0.098090 0.065390
rs0389 8.274430 0.065390 0.098080
rs0391 8.437910 0.163470 0.065390
rs0392 8.241740 0.065390 0.065390
rs0393 8.274430 0.032700 0.032690
rs0394 8.241740 0.065390 0.065390
rs0401 8.503300 0.163470 0.098090
rs0408 8.274430 0.065390 0.065390
rs0409 8.437910 0.130780 0.065390
rs0410 8.274430 0.098090 0.065390
rs0411 8.274430 0.065390 0.065390
rs0416 8.274430 0.032700 0.065390
rs0417 8.274430 0.032700 0.032690
rs0418 8.274430 0.032700 0.032690
rs0419 8.339820 0.130780 0.065390
rs0420 8.470600 0.098090 0.065390
rs0421 8.274430 0.032700 0.032690
rs0422 8.241740 0.065390 0.065390
rs0423 8.274430 0.130780 0.065390
rs0424 8.274430 0.065390 0.065390
rs0425 8.372520 0.098080 0.065390
rs0427 8.307130 0.130780 0.065390
rs0428 8.405210 0.228870 0.065390
rs0429 8.274430 0.065390 0.065390
rs0430 8.274430 0.032700 0.065390
rs0432 8.078260 0.098090 0.098080
rs0433 8.405210 0.228870 0.065390
rs0435 8.274430 0.032700 0.032690
rs0437 8.274430 0.032700 0.098080
rs0442 8.274430 0.065390 0.065390
rs0444 8.274430 0.032700 0.032690
rs0449 8.568690 0.098080 0.098090
rs0452 8.307130 0.065390 0.032700
rs0453 8.503300 0.065390 0.065390
rs0454 8.437910 0.163470 0.065390
rs0456 8.339820 0.130780 0.065390
rs0458 8.797550 0.032700 0.392340
rs0460 8.274430 0.065390 0.065390
rs0463 8.274430 0.032700 0.032690
rs0467 8.274430 0.130780 0.065390
rs0468 8.339820 0.130780 0.065390
rs0469 8.274430 0.032700 0.065390
rs0470 8.241740 0.098080 0.065390
rs0472 8.274430 0.032700 0.065390
rs0473 8.274430 0.032700 0.065390
rs0476 8.503300 0.228860 0.098090
rs0477 8.241740 0.065390 0.098090
rs0480 8.339820 0.098090 0.065390
rs0485 8.274430 0.032700 0.065390
rs0492 8.241740 0.163470 0.098090
rs0493 8.274430 0.032700 0.032690
rs0494 8.535990 0.163480 0.098080
rs0495 8.274430 0.130780 0.065390
rs0496 8.437910 0.163470 0.065390
rs0505 8.405210 0.425040 0.032690
rs0508 8.274430 0.098090 0.065390
rs0512 8.470600 0.196170 0.065390
rs0516 8.274430 0.032700 0.032690
rs0517 8.405210 0.130780 0.065390
rs0519 8.307130 0.098080 0.065390
rs0520 8.307130 0.065390 0.065390
rs0521 8.372520 0.098080 0.065390
rs0522 8.437910 0.163470 0.065390
rs0524 8.274430 0.130780 0.032690
rs0526 8.274430 0.032700 0.032690
rs0528 8.830250 0.032690 0.098090
rs0529 8.274430 0.032700 0.032690
rs0531 8.862940 0.065390 0.065390
rs0532 8.274430 0.032700 0.032690
rs0534 8.307130 0.098080 0.032700
rs0536 8.274430 0.032700 0.032690
rs0538 8.372520 0.065390 0.065390
rs0541 8.470600 0.130780 0.065390
rs0542 8.241740 0.326950 0.098090
rs0543 8.274430 0.130780 0.065390
rs0545 8.241740 0.098080 0.065390
rs0546 8.535990 0.098090 0.098080
rs0548 8.274430 0.130780 0.098080
rs0549 8.274430 0.032700 0.032690
rs0553 8.274430 0.032700 0.032690
rs0554 8.666770 0.032700 0.196170
rs0555 8.437910 0.098080 0.065390
rs0556 8.078260 0.098090 0.098080
rs0559 8.274430 0.032700 0.032690
rs0560 8.503300 0.130780 0.065390
rs0562 8.274430 0.032700 0.032690
rs0564 8.372520 0.163470 0.065390
rs0566 8.274430 0.098090 0.065390
rs0568 8.274430 0.032700 0.032690
rs0571 8.241740 0.098080 0.065390
rs0572 8.437910 0.098080 0.065390
rs0573 8.274430 0.098090 0.032690
rs0574 8.372520 0.065390 0.065390
rs0578 8.535990 0.130780 0.098080
rs0579 8.274430 0.032700 0.032690
rs0585 8.372520 0.130780 0.098090
rs0586 8.274430 0.032700 0.032690
rs0588 8.274430 0.032700 0.032690
rs0591 8.405210 0.163480 0.065390
rs0598 8.503300 0.163470 0.065390
rs0599 8.405210 0.065390 0.065390
rs0602 8.372520 0.196170 0.098090
rs0609 8.274430 0.032700 0.032690
rs0615 8.405210 0.098090 0.065390
rs0616 8.568690 0.130780 0.098090
rs0617 8.470600 0.196170 0.065390
rs0618 8.339820 0.163480 0.065390
rs0620 8.339820 0.098090 0.065390
rs0623 8.274430 0.098090 0.065390
rs0626 8.405210 0.163480 0.065390
rs0627 8.274430 0.032700 0.032690
rs0630 8.274430 0.032700 0.032690
rs0637 8.274430 0.032700 0.032690
rs0638 8.764860 0.032690 0.326950
rs0640 8.274430 0.032700 0.032690
rs0641 8.274430 0.032700 0.032690
rs0644 8.339820 0.098090 0.065390
rs0645 8.339820 0.065390 0.065390
rs0656 8.437910 0.065390 0.065390
rs0660 8.274430 0.032700 0.032690
rs0667 8.405210 0.098090 0.032690
rs0670 8.895640 inf 0.065390
rs0671 8.307130 0.130780 0.032700
rs0677 8.405210 0.228870 0.065390
rs0679 8.274430 0.032700 0.032690
rs0691 8.274430 0.032700 0.032690
rs0696 8.862940 0.065390 0.163470
rs0703 8.274430 0.032700 0.032690
rs0708 8.437910 0.098080 0.065390
rs0710 8.307130 0.130780 0.065390
rs0713 8.274430 0.065390 0.098080
rs0720 8.405210 0.098090 0.065390
rs0722 8.307130 0.130780 0.032700
rs0724 8.732160 0.065390 0.196170
rs0726 8.274430 0.130780 0.032690
rs0727 8.241740 0.163470 0.065390
rs0731 8.274430 0.032700 0.032690
rs0733 8.437910 0.065390 0.065390
rs0734 8.339820 0.065390 0.065390
rs0738 8.372520 0.163470 0.065390
rs0740 8.274430 0.130780 0.065390
rs0741 8.732160 0.032700 0.261560
rs0743 8.241740 0.130780 0.065390
rs0744 8.503300 0.130780 0.065390
rs0746 8.470600 0.228870 0.098080
rs0747 8.437910 0.098080 0.065390
rs0751 8.862940 0.032700 0.392340
rs0752 8.307130 0.130780 0.065390
rs0754 8.437910 0.261560 0.065390
rs0756 8.307130 0.098080 0.065390
rs0758 8.470600 0.098090 0.065390
rs0763 8.405210 0.163480 0.065390
rs0766 8.470600 0.130780 0.065390
rs0767 8.307130 0.196170 0.065390
rs0768 8.372520 0.098080 0.065390
rs0769 8.437910 0.228860 0.098090
rs0774 8.274430 0.163480 0.032690
rs0775 8.274430 0.065390 0.032690
rs0777 8.241740 0.065390 0.098090
rs0778 8.274430 0.098090 0.032690
rs0779 8.535990 0.163480 0.065390
rs0781 8.437910 0.098080 0.065390
rs0782 8.274430 0.032700 0.065390
rs0786 8.274430 0.032700 0.032690
rs0788 8.274430 0.065390 0.065390
rs0790 8.274430 0.065390 0.065390
rs0793 8.437910 0.163470 0.065390
rs0794 8.437910 0.294250 0.065390
rs0797 8.274430 0.032700 0.032690
rs0799 8.274430 0.130780 0.065390
rs0800 8.372520 0.098080 0.065390
rs0802 8.274430 0.098090 0.032690
rs0804 8.274430 0.032700 0.032690
rs0805 8.274430 0.032700 0.032690
rs0806 8.307130 0.065390 0.032700
rs0809 8.437910 0.098080 0.065390
rs0810 8.274430 0.163480 0.065390
rs0811 8.405210 0.098090 0.065390
rs0812 8.274430 0.032700 0.032690
rs0815 8.274430 0.065390 0.065390
rs0818 8.274430 0.065390 0.032690
rs0823 8.666770 0.032700 0.163470
rs0828 8.307130 0.163470 0.065390
rs0831 8.274430 0.032700 0.032690
rs0832 8.274430 0.032700 0.065390
rs0833 8.666770 0.065390 0.228860
rs0834 8.437910 0.065390 0.065390
rs0836 8.666770 0.098090 0.163470
rs0838 8.437910 0.065390 0.065390
rs0839 8.470600 0.196170 0.065390
rs0840 8.274430 0.098090 0.032690
rs0842 8.274430 0.032700 0.065390
rs0843 8.274430 0.032700 0.032690
rs0845 8.437910 0.163470 0.065390
rs0846 8.405210 0.163480 0.065390
rs0847 8.339820 0.098090 0.032690
rs0850 8.764860 0.032690 0.326950
rs0853 8.274430 0.032700 0.032690
rs0854 8.470600 0.163480 0.098080
rs0855 8.830250 0.032690 0.457730
rs0856 8.699470 0.130780 0.098090
rs0860 8.405210 0.196170 0.065390
rs0865 8.437910 0.098080 0.065390
rs0866 8.535990 0.163480 0.065390
rs0868 8.274430 0.032700 0.032690
rs0869 8.274430 0.065390 0.032690
rs0871 8.274430 0.098090 0.065390
rs0872 8.437910 0.163470 0.098090
rs0880 8.405210 0.098090 0.065390
rs0887 8.535990 0.130780 0.065390
rs0891 8.568690 0.163470 0.098090
rs0892 8.274430 0.098090 0.065390
rs0893 8.274430 0.065390 0.065390
rs0897 8.372520 0.098080 0.065390
rs0899 8.372520 0.163470 0.065390
rs0900 8.274430 0.032700 0.032690
rs0901 8.176350 0.196170 0.098090
rs0906 8.274430 0.032700 0.032690
rs0907 8.372520 0.196170 0.065390
rs0909 8.274430 0.098090 0.032690
rs0916 8.274430 0.098090 0.032690
rs0919 8.274430 0.163480 0.032690
rs0920 8.274430 0.032700 0.032690
rs0921 8.274430 0.032700 0.032690
rs0922 8.372520 0.196170 0.065390
rs0923 8.274430 0.032700 0.032690
rs0927 8.339820 0.130780 0.032690
rs0930 8.274430 0.032700 0.032690
rs0932 8.274430 0.065390 0.032690
rs0933 8.274430 0.065390 0.065390
rs0934 8.339820 0.098090 0.065390
rs0935 8.307130 0.098080 0.065390
rs0944 8.274430 0.098090 0.032690
rs0945 8.503300 0.228860 0.098090
rs0946 8.470600 0.163480 0.098080
rs0948 8.503300 0.163470 0.098090
rs0950 8.274430 0.065390 0.065390
rs0953 8.699470 0.065390 0.130780
rs0957 8.274430 0.032700 0.065390
rs0958 8.274430 0.032700 0.032690
rs0959 8.241740 0.098080 0.065390
rs0960 8.241740 0.098080 0.065390
rs0962 8.274430 0.032700 0.032690
rs0967 8.339820 0.098090 0.065390
rs0968 8.241740 0.098080 0.065390
rs0970 8.437910 0.163470 0.065390
rs0976 8.241740 0.098080 0.065390
rs0977 8.274430 0.032700 0.032690
rs0979 8.241740 0.163470 0.098090
rs0980 8.372520 0.098080 0.032700
rs0981 8.274430 0.065390 0.065390
rs0982 8.241740 0.065390 0.098090
rs0983 8.274430 0.065390 0.065390
rs0984 8.307130 0.065390 0.032700
rs0985 8.274430 0.098090 0.065390
rs0986 8.274430 0.163480 0.065390
rs0989 8.274430 0.032700 0.032690
rs0991 8.666770 0.065390 0.196170
rs0995 8.470600 0.130780 0.065390
rs0996 8.274430 0.196170 0.032690
rs0997 8.470600 0.130780 0.065390
rs0999 8.339820 0.163480 0.065390
rs1001 8.274430 0.130780 0.065390
rs1002 8.372520 0.196170 0.065390
rs1003 8.437910 0.163470 0.098090
rs1010 8.503300 0.228860 0.065390
rs1014 8.274430 0.032700 0.065390
rs1016 8.470600 0.130780 0.065390
rs1017 8.241740 0.098080 0.065390
rs1020 8.274430 0.130780 0.065390
rs1021 8.274430 0.098090 0.032690
rs1028 8.405210 0.130780 0.065390
rs1029 8.274430 0.032700 0.032690
rs1030 8.274430 0.065390 0.065390
rs1031 8.372520 0.163470 0.065390
rs1032 8.274430 0.130780 0.065390
rs1034 8.307130 0.098080 0.065390
rs1035 8.274430 0.065390 0.065390
rs1038 8.274430 0.032700 0.032690
rs1040 8.274430 0.163480 0.065390
rs1041 8.274430 0.098090 0.065390
rs1043 8.241740 0.065390 0.065390
rs1045 8.437910 0.163470 0.065390
rs1047 8.307130 0.098080 0.065390
rs1048 8.372520 0.065390 0.032700
rs1049 8.601380 0.065390 0.130780
rs1050 8.274430 0.065390 0.065390
rs1052 8.307130 0.098080 0.065390
rs1053 8.241740 0.065390 0.065390
rs1054 8.110960 0.163470 0.065390
rs1055 8.274430 0.032700 0.032690
rs1057 8.405210 0.065390 0.065390
rs1058 8.339820 0.098090 0.032690
rs1059 8.274430 0.032700 0.032690
rs1060 8.241740 0.032690 0.065390
rs1062 8.470600 0.098090 0.065390
rs1065 8.339820 0.098090 0.065390
rs1068 8.274430 0.032700 0.032690
rs1070 8.274430 0.032700 0.032690
rs1072 8.339820 0.130780 0.065390
rs1073 8.274430 0.032700 0.032690
rs1074 8.274430 0.065390 0.032690
rs1076 8.274430 0.032700 0.032690
rs1077 8.307130 0.130780 0.032700
rs1078 8.274430 0.032700 0.032690
rs1079 8.470600 0.098090 0.065390
rs1080 8.437910 0.326950 0.065390
rs1081 8.274430 0.032700 0.032690
rs1082 8.568690 0.130780 0.098090
rs1083 8.274430 0.032700 0.032690
rs1084 8.339820 0.130780 0.065390
rs1087 8.405210 0.130780 0.065390
rs1091 8.405210 0.098090 0.065390
rs1098 8.274430 0.098090 0.032690
rs1100 8.372520 0.098080 0.065390
rs1102 8.470600 0.065390 0.065390
rs1103 8.241740 0.065390 0.065390
rs1104 8.405210 0.130780 0.098080
rs1105 8.274430 0.065390 0.032690
rs1108 8.274430 0.065390 0.065390
rs1109 8.470600 0.130780 0.065390
rs1110 8.405210 0.130780 0.065390
rs1113 8.209040 0.098090 0.130780
rs1114 8.437910 0.163470 0.065390
rs1117 8.274430 0.065390 0.032690
rs1118 8.437910 0.065390 0.065390
rs1119 8.274430 0.196170 0.065390
rs1120 8.274430 0.032700 0.032690
rs1121 8.405210 0.098090 0.065390
rs1122 8.470600 0.130780 0.065390
rs1124 8.339820 0.130780 0.065390
rs1125 8.405210 0.098090 0.065390
rs1126 8.274430 0.065390 0.032690
rs1128 8.274430 0.032700 0.065390
rs1131 8.437910 0.032690 0.065390
rs1132 8.274430 0.098090 0.065390
rs1135 8.274430 0.196170 0.065390
rs1137 8.372520 0.130780 0.065390
rs1142 8.307130 0.163470 0.065390
rs1143 8.274430 0.065390 0.065390
rs1145 8.405210 0.098090 0.065390
rs1146 8.503300 0.130780 0.098090
rs1147 8.274430 0.130780 0.065390
rs1149 8.241740 0.163470 0.098090
rs1151 8.372520 0.163470 0.098090
rs1154 8.274430 0.032700 0.032690
rs1156 8.274430 0.065390 0.032690
rs1157 8.274430 0.098090 0.032690
rs1159 8.274430 0.098090 0.032690
rs1163 8.274430 0.130780 0.065390
rs1164 8.241740 0.065390 0.163480
rs1165 8.339820 0.098090 0.065390
rs1166 8.274430 0.032700 0.032690
rs1169 8.274430 0.032700 0.032690
rs1170 8.339820 0.130780 0.065390
rs1171 8.339820 0.163480 0.065390
rs1172 8.274430 0.032700 0.065390
rs1174 8.405210 0.228870 0.065390
rs1176 8.274430 0.032700 0.032690
rs1178 8.274430 0.032700 0.032690
rs1179 8.274430 0.065390 0.032690
rs1182 8.405210 0.130780 0.065390
rs1183 8.274430 0.032700 0.032690
rs1184 8.274430 0.098090 0.065390
rs1185 8.372520 0.130780 0.065390
rs1187 8.274430 0.065390 0.032690
rs1188 8.274430 0.032700 0.065390
rs1191 8.274430 0.032700 0.032690
rs1192 8.274430 0.098090 0.098080
rs1193 8.405210 0.130780 0.098080
rs1195 8.372520 0.065390 0.032700
rs1198 8.274430 0.065390 0.065390
rs1200 8.274430 0.065390 0.065390
rs1202 8.274430 0.032700 0.032690
rs1205 8.405210 0.098090 0.032690
rs1206 8.274430 0.130780 0.032690
rs1207 8.470600 0.130780 0.065390
rs1208 8.241740 0.163470 0.065390
rs1209 8.274430 0.098090 0.065390
rs1210 8.437910 0.196170 0.065390
rs1211 8.274430 0.032700 0.032690
rs1212 8.339820 0.098090 0.065390
rs1213 8.699470 0.065390 0.228870
rs1217 8.732160 0.065390 0.228860
rs1220 8.437910 0.130780 0.065390
rs1229 8.503300 0.196170 0.065390
rs1236 8.307130 0.098080 0.065390
rs1238 8.372520 0.065390 0.065390
rs1245 8.274430 0.130780 0.065390
rs1248 8.470600 0.196170 0.065390
rs1257 8.274430 0.032700 0.032690
rs1258 8.405210 0.163480 0.065390
rs1259 8.274430 0.032700 0.098080
rs1260 8.274430 0.130780 0.065390
rs1261 8.241740 0.130780 0.065390
rs1262 8.274430 0.032700 0.032690
rs1263 8.307130 0.196170 0.065390
rs1264 8.274430 0.032700 0.032690
rs1265 8.372520 0.228860 0.065390
rs1266 8.307130 0.130780 0.065390
rs1267 8.862940 0.032700 0.130780
rs1269 8.176350 0.130780 0.098090
rs1270 8.274430 0.065390 0.065390
rs1276 8.274430 0.065390 0.065390
rs1278 8.372520 0.065390 0.065390
rs1280 8.307130 0.130780 0.065390
rs1281 8.274430 0.130780 0.065390
rs1283 8.274430 0.065390 0.098080
rs1284 8.241740 0.065390 0.065390
rs1285 8.307130 0.163470 0.065390
rs1286 8.405210 0.130780 0.065390
rs1289 8.274430 0.098090 0.032690
rs1290 8.241740 0.065390 0.098090
rs1291 8.274430 0.098090 0.032690
rs1292 8.274430 0.065390 0.032690
rs1293 8.405210 0.130780 0.065390
rs1294 8.274430 0.032700 0.032690
rs1295 8.241740 0.098080 0.065390
rs1296 8.241740 0.065390 0.032700
rs1297 8.241740 0.065390 0.065390
rs1298 8.274430 0.098090 0.065390
rs1299 8.274430 0.098090 0.065390
rs1301 8.274430 0.032700 0.032690
rs1302 8.274430 0.065390 0.065390
rs1303 8.209040 0.228870 0.065390
rs1304 8.241740 0.098080 0.065390
rs1310 8.339820 0.163480 0.065390
rs1337 8.470600 0.130780 0.098080
rs1359 8.274430 0.032700 0.065390
rs1368 8.307130 0.326950 0.130780
rs1437 8.535990 0.196170 0.065390
rs1518 8.568690 0.098080 0.098090
