rf0002 -0.246180 0.118680 0.000000
rf0003 0.215320 0.006600 0.474680
rf0010 -0.457150 0.164820 0.000000
rf0011 -0.298920 0.171420 0.072520
rf0013 -0.153880 0.032970 0.000000
rf0015 0.294440 -0.013190 0.290090
rf0016 -0.101130 0.085700 0.000000
rf0022 -0.219800 0.059330 0.052750
rf0024 -0.002240 0.072520 0.000000
rf0029 -0.397810 0.158230 0.079120
rf0030 -0.252770 0.290090 0.000000
rf0031 0.254880 0.006590 0.283490
rf0040 0.261470 0.006600 0.000000
rf0048 -0.443960 0.171410 0.079110
rf0053 -0.523070 0.158220 0.000000
rf0060 -0.397810 0.171410 0.079120
rf0062 -0.147280 0.118670 0.000000
rf0064 -0.595600 0.171420 0.079110
rf0065 -0.397810 0.145040 0.000000
rf0072 -0.714270 0.204380 0.085700
rf0073 -0.483520 0.197790 0.000000
rf0092 0.301030 -0.019780 0.230750
rf0125 0.155990 0.059330 0.000000
rf0127 -0.265950 0.059330 0.065930
rf0129 -0.272550 0.204380 0.000000
rf0132 -0.180250 0.098900 0.085700
rf0134 -0.305510 0.402160 0.000000
rf0138 -0.054980 0.039550 0.039560
rf0164 0.261470 0.000000 0.000000
rf0166 0.004350 0.079120 0.046150
rf0169 -0.437370 0.164820 0.000000
rf0176 -0.443960 0.593350 0.013190
rf0180 -0.364850 0.257120 0.000000
rf0190 -0.252770 0.085710 0.072520
rf0201 -0.556040 0.210970 0.000000
rf0204 -0.503300 0.197790 0.072520
rf0205 0.228510 0.006590 0.000000
rf0223 0.202140 0.026370 0.349420
rf0234 0.136210 0.052740 0.000000
rf0237 0.123020 0.059340 0.336230
rf0241 -0.727450 0.250520 0.000000
rf0248 -0.101130 0.065930 0.046150
rf0249 0.294440 -0.013190 0.000000
rf0250 -0.628560 0.210970 0.065930
rf0251 -0.338480 0.230750 0.000000
rf0258 -0.285730 0.283490 0.065930
rf0263 -0.450550 0.250520 0.000000
rf0267 -0.358250 0.217560 0.079120
rf0271 0.175770 0.052740 0.000000
rf0283 0.228510 0.019780 0.316460
rf0284 -0.523070 0.184590 0.000000
rf0287 -0.074760 0.125260 0.085710
rf0292 0.195540 0.019780 0.000000
rf0295 -0.061580 0.125270 0.079110
rf0298 -0.351660 0.184600 0.000000
rf0306 -0.523070 0.158220 0.079120
rf0309 -0.114320 0.079120 0.000000
rf0315 0.175770 0.052740 0.138450
rf0319 0.129620 0.085700 0.000000
rf0324 -0.153880 0.032970 0.019770
rf0338 -0.450550 0.112070 0.000000
rf0339 0.195540 0.006600 0.481270
rf0343 -0.061580 0.118670 0.000000
rf0348 0.301030 -0.013190 0.197790
rf0351 -0.437370 0.171420 0.000000
rf0354 -0.457150 0.520840 0.026370
rf0358 -0.556040 0.184600 0.000000
rf0363 -0.628560 0.191190 0.065930
rf0364 -0.364850 0.388980 0.000000
rf0366 -0.457150 0.151640 0.072520
rf0372 -0.101130 0.039550 0.000000
rf0375 -0.008830 0.118670 0.065930
rf0377 -0.153880 0.032970 0.000000
rf0383 0.228510 0.000000 0.540610
rf0385 -0.331880 0.164820 0.000000
rf0386 0.123020 0.032970 0.428530
rf0388 0.301030 -0.019780 0.000000
rf0396 0.076870 0.079120 0.210970
rf0397 0.050500 0.079120 0.000000
rf0399 -0.298920 0.138450 0.065930
rf0400 0.301030 -0.013190 0.000000
rf0403 -0.490110 0.217560 0.059340
rf0415 -0.272550 0.204380 0.000000
rf0419 -0.615370 0.210970 0.072530
rf0428 -0.476930 0.217570 0.000000
rf0439 -0.747230 0.164820 0.065930
rf0444 0.037320 0.145040 0.000000
rf0474 -0.523070 0.171410 0.079120
rf0477 -0.397810 0.118670 0.000000
rf0488 -0.364850 0.243940 0.079110
rf0496 -0.503300 0.210970 0.000000
rf0499 -0.503300 0.151640 0.065920
rf0500 0.202140 -0.006600 0.000000
rf0503 -0.384630 0.118680 0.052740
rf0513 0.195540 0.026380 0.000000
rf0630 -0.773600 0.158230 0.059340
rf0795 -0.503300 0.224160 0.000000
rs0001 -0.523070 0.197780 0.065930
rs0003 -0.470330 0.224150 0.000000
rs0010 -0.371440 0.151640 0.052740
rs0012 -0.476930 0.250530 0.000000
rs0013 -0.443960 0.210970 0.059340
rs0022 -0.107730 0.079120 0.000000
rs0029 -0.127500 0.092300 0.052750
rs0030 -0.417590 0.243940 0.000000
rs0046 0.215320 0.026370 0.336230
rs0051 -0.206620 0.270310 0.000000
rs0052 -0.331880 0.342830 0.072520
rs0053 0.004350 0.092300 0.000000
rs0054 -0.516480 0.164820 0.072520
rs0062 -0.496700 0.171410 0.000000
rs0087 -0.503300 0.448320 0.052740
rs0088 -0.496700 0.191190 0.000000
rs0089 0.202140 0.026370 0.342830
rs0090 -0.523070 0.151630 0.000000
rs0092 -0.443960 0.217560 0.065930
rs0093 0.261470 0.000000 0.000000
rs0094 -0.424180 0.243930 0.046150
rs0095 -0.608780 0.178000 0.000000
rs0096 0.188950 0.019780 0.402160
rs0097 -0.542850 0.171410 0.000000
rs0098 -0.272550 0.309870 0.052740
rs0104 0.202140 0.006590 0.000000
rs0107 -0.140690 0.112080 0.098890
rs0109 -0.147280 0.092300 0.000000
rs0113 0.248290 0.013180 0.283490
rs0122 -0.529670 0.184600 0.000000
rs0124 -0.424180 0.105480 0.118670
rs0127 -0.450550 0.243930 0.000000
rs0133 0.129620 0.052740 0.316460
rs0134 0.123020 0.065930 0.000000
rs0136 -0.022020 0.079110 0.112080
rs0138 -0.430780 0.184600 0.000000
rs0140 -0.628560 0.197780 0.072520
rs0141 -0.371440 0.178010 0.000000
rs0143 0.228510 0.019780 0.323050
rs0145 -0.430780 0.586770 0.000000
rs0146 -0.509890 0.217560 0.065930
rs0147 -0.305510 0.151630 0.000000
rs0150 -0.397810 0.158230 0.065930
rs0156 -0.490110 0.257120 0.000000
rs0159 0.202140 0.039550 0.171420
rs0163 -0.265950 0.323040 0.000000
rs0167 -0.523070 0.178000 0.072530
rs0168 -0.536260 0.191190 0.000000
rs0172 -0.265950 0.171410 0.079120
rs0175 -0.325290 0.184600 0.000000
rs0181 -0.153880 0.039560 0.052740
rs0183 0.155990 0.052740 0.000000
rs0196 -0.002240 0.131860 0.079110
rs0201 0.301030 -0.013190 0.000000
rs0203 0.301030 -0.019780 0.250530
rs0206 0.248290 0.013180 0.000000
rs0218 -0.404400 0.171410 0.079120
rs0221 0.043910 0.079110 0.000000
rs0225 -0.298920 0.415350 0.046150
rs0226 -0.457150 0.210970 0.000000
rs0231 -0.397810 0.217560 0.059340
rs0237 0.228510 0.026370 0.000000
rs0240 0.301030 -0.006590 0.191190
rs0242 -0.305510 0.217560 0.000000
rs0243 0.129620 0.026370 0.435130
rs0244 0.037320 0.138450 0.000000
rs0247 -0.648340 0.191190 0.065930
rs0256 -0.503300 0.197790 0.000000
rs0259 -0.232990 0.178010 0.072520
rs0261 -0.107730 0.079120 0.000000
rs0262 -0.463740 0.158230 0.079110
rs0264 -0.536260 0.145040 0.000000
rs0266 -0.094540 0.079110 0.085710
rs0267 0.076870 0.072520 0.000000
rs0268 0.076870 0.072520 0.276900
rs0273 -0.397810 0.151630 0.000000
rs0275 -0.417590 0.158230 0.072520
rs0276 -0.404400 0.230750 0.000000
rs0282 -0.186840 0.210970 0.072520
rs0306 -0.292330 0.382390 0.000000
rs0315 -0.219800 0.098890 0.085710
rs0316 0.083470 0.072520 0.000000
rs0318 -0.701080 0.217560 0.065930
rs0320 0.010950 0.092290 0.000000
rs0323 -0.305510 0.138450 0.079120
rs0334 -0.331880 0.217560 0.000000
rs0337 -0.345070 0.230750 0.072520
rs0339 0.287840 -0.013180 0.000000
rs0341 -0.417590 0.171410 0.079110
rs0344 -0.463740 0.217560 0.000000
rs0345 -0.523070 0.158220 0.105490
rs0349 -0.575820 0.191190 0.000000
rs0350 -0.443960 0.408760 0.026370
rs0351 0.057090 0.118680 0.000000
rs0354 -0.503300 0.243940 0.065920
rs0358 -0.272550 0.309870 0.000000
rs0373 -0.430780 0.263720 0.046150
rs0386 -0.523070 0.270300 0.000000
rs0391 -0.305510 0.329640 0.065930
rs0392 -0.621970 0.224160 0.000000
rs0393 -0.364850 0.151640 0.065930
rs0406 -0.259360 0.085710 0.000000
rs0416 -0.523070 0.171410 0.079120
rs0419 -0.463740 0.349420 0.000000
rs0421 -0.476930 0.158230 0.092290
rs0424 -0.463740 0.210970 0.000000
rs0425 -0.331880 0.197780 0.085710
rs0429 -0.457150 0.151640 0.000000
rs0430 -0.450550 0.151630 0.092300
rs0432 -0.813160 0.257120 0.000000
rs0437 -0.536260 0.243930 0.065930
rs0440 -0.140690 0.065930 0.000000
rs0444 -0.476930 0.164830 0.072520
rs0452 -0.318700 0.369200 0.000000
rs0460 -0.503300 0.191200 0.065920
rs0463 -0.661520 0.560390 0.000000
rs0468 -0.443960 0.356010 0.046150
rs0472 -0.523070 0.158220 0.000000
rs0473 -0.562630 0.204380 0.079120
rs0477 -0.648340 0.283490 0.000000
rs0485 -0.496700 0.158220 0.072520
rs0493 -0.542850 0.197780 0.000000
rs0495 -0.411000 0.151640 0.092300
rs0503 -0.081350 0.092300 0.000000
rs0505 0.281250 -0.013180 0.527430
rs0508 -0.411000 0.171420 0.000000
rs0516 -0.509890 0.224160 0.059330
rs0517 0.301030 -0.013190 0.000000
rs0519 -0.470330 0.250530 0.052740
rs0520 -0.384630 0.171420 0.000000
rs0528 0.294440 -0.013190 0.257120
rs0532 -0.378030 0.243930 0.000000
rs0536 -0.509890 0.191190 0.065930
rs0538 -0.298920 0.197790 0.000000
rs0541 0.274660 -0.006590 0.356010
rs0549 -0.397810 0.178010 0.000000
rs0554 0.268070 0.000000 0.257120
rs0555 -0.252770 0.296680 0.000000
rs0556 -0.806570 0.283500 0.046150
rs0560 0.004350 0.079120 0.000000
rs0571 -0.536260 0.164820 0.092300
rs0573 -0.397810 0.171410 0.000000
rs0574 0.254880 0.000000 0.441720
rs0582 -0.068170 0.118670 0.000000
rs0586 -0.523070 0.164820 0.085710
rs0591 0.268070 0.000000 0.000000
rs0612 -0.081350 0.046150 0.052750
rs0650 -0.074760 0.079110 0.000000
rs0656 -0.265950 0.138450 0.072530
rs0660 0.287840 -0.013180 0.000000
rs0672 -0.068170 0.118670 0.079110
rs0679 -0.443960 0.501050 0.000000
rs0724 0.208730 0.026370 0.316460
rs0731 -0.450550 0.230750 0.000000
rs0741 0.202140 0.019780 0.415350
rs0745 -0.134100 0.112080 0.000000
rs0751 0.301030 -0.013190 0.309860
rs0763 -0.279140 0.296680 0.000000
rs0768 -0.312100 0.210970 0.092300
rs0775 -0.397810 0.098890 0.000000
rs0779 0.070280 0.085710 0.257120
rs0781 0.109840 0.059330 0.000000
rs0788 -0.476930 0.191200 0.065920
rs0797 0.096650 0.059340 0.000000
rs0798 -0.120910 0.085710 0.098890
rs0804 -0.615370 0.197780 0.000000
rs0805 -0.707670 0.178000 0.085710
rs0806 -0.002240 0.085710 0.000000
rs0808 -0.087950 0.032970 0.032960
rs0809 0.274660 -0.006590 0.000000
rs0812 0.294440 -0.019780 0.448320
rs0815 -0.437370 0.151640 0.000000
rs0823 0.287840 -0.006590 0.237340
rs0833 0.116430 0.013190 0.000000
rs0839 0.294440 -0.013190 0.362610
rs0842 -0.470330 0.158230 0.000000
rs0847 0.129620 0.019770 0.461500
rs0868 -0.259360 0.303270 0.000000
rs0869 -0.483520 0.217570 0.065930
rs0871 -0.575820 0.204380 0.000000
rs0896 -0.068170 0.079120 0.052740
rs0906 -0.496700 0.171410 0.000000
rs0909 -0.378030 0.158230 0.079120
rs0916 -0.397810 0.164820 0.000000
rs0932 -0.397810 0.158230 0.105490
rs0933 -0.490110 0.158230 0.000000
rs0944 -0.424180 0.184600 0.072520
rs0950 -0.536260 0.270310 0.000000
rs0957 -0.602190 0.210970 0.079110
rs0958 0.188950 0.019780 0.000000
rs0959 -0.575820 0.164820 0.085700
rs0960 -0.523070 0.178000 0.000000
rs0967 -0.371440 0.191190 0.079110
rs0970 0.103240 0.052750 0.000000
rs0974 0.103240 0.085710 0.184590
rs0978 -0.312100 0.105480 0.000000
rs0981 -0.450550 0.151630 0.079120
rs0983 -0.483520 0.210970 0.000000
rs0984 -0.404400 0.210970 0.052750
rs0985 -0.490110 0.224160 0.000000
rs0991 0.195540 0.019780 0.356010
rs0995 -0.002240 0.072520 0.000000
rs0997 -0.193430 0.197780 0.085710
rs1004 -0.015430 0.131860 0.000000
rs1014 -0.615370 0.204370 0.072530
rs1016 0.294440 -0.013190 0.000000
rs1021 -0.397810 0.151630 0.065930
rs1023 -0.041800 0.085710 0.000000
rs1025 -0.087950 0.065930 0.059330
rs1029 -0.397810 0.158230 0.000000
rs1030 -0.397810 0.125260 0.092300
rs1035 -0.490110 0.224160 0.000000
rs1036 -0.200030 0.059340 0.079110
rs1038 -0.397810 0.098890 0.000000
rs1046 0.175770 0.052740 0.204380
rs1047 -0.397810 0.158230 0.000000
rs1050 -0.516480 0.158230 0.065930
rs1052 -0.430780 0.237350 0.000000
rs1055 -0.404400 0.145040 0.085710
rs1060 -0.674710 0.217560 0.000000
rs1062 0.228510 0.013180 0.342830
rs1072 -0.325290 0.178010 0.000000
rs1074 -0.457150 0.197790 0.072520
rs1075 0.228510 0.026370 0.000000
rs1081 -0.298920 0.171420 0.079110
rs1082 0.103240 0.059340 0.000000
rs1084 -0.371440 0.178010 0.079110
rs1091 0.096650 0.032970 0.000000
rs1098 -0.443960 0.158230 0.072520
rs1100 -0.358250 0.336230 0.000000
rs1102 0.301030 -0.006590 0.171410
rs1103 -0.674710 0.270310 0.000000
rs1105 -0.404400 0.085700 0.105490
rs1106 0.017540 0.098890 0.000000
rs1109 0.241690 0.006600 0.388970
rs1110 -0.279140 0.329640 0.000000
rs1111 -0.140690 0.032960 0.019780
rs1112 -0.127500 0.065920 0.000000
rs1116 -0.068170 0.052740 0.052740
rs1117 -0.424180 0.178000 0.000000
rs1118 -0.054980 0.125260 0.151640
rs1121 0.294440 -0.013190 0.000000
rs1126 -0.404400 0.178000 0.085710
rs1129 -0.074760 0.085710 0.000000
rs1131 0.294440 -0.013190 0.217570
rs1137 -0.345070 0.257120 0.000000
rs1143 -0.437370 0.131860 0.085700
rs1150 -0.160470 0.039560 0.000000
rs1152 0.004350 0.105490 0.105480
rs1154 -0.351660 0.257120 0.000000
rs1159 -0.430780 0.158230 0.079110
rs1163 -0.549450 0.276900 0.000000
rs1168 0.090060 0.065930 0.138450
rs1169 -0.292330 0.224160 0.000000
rs1178 -0.325290 0.237340 0.079110
rs1179 -0.483520 0.217570 0.000000
rs1182 -0.292330 0.263720 0.065920
rs1185 -0.358250 0.474680 0.000000
rs1188 -0.523070 0.197780 0.065930
rs1191 -0.259360 0.283490 0.000000
rs1195 -0.232990 0.125260 0.092300
rs1197 -0.035200 0.085700 0.000000
rs1198 -0.569220 0.224150 0.052750
rs1200 -0.476930 0.158230 0.000000
rs1209 -0.503300 0.263720 0.059330
rs1212 -0.338480 0.164830 0.000000
rs1214 -0.239580 0.032960 0.032970
rs1220 0.096650 0.039560 0.000000
rs1248 0.142800 0.039560 0.421940
rs1258 -0.292330 0.336240 0.000000
rs1259 -0.529670 0.224160 0.072520
rs1264 -0.529670 0.164820 0.000000
rs1266 -0.542850 0.356010 0.046150
rs1267 0.301030 -0.013190 0.000000
rs1270 -0.536260 0.263710 0.059340
rs1276 -0.503300 0.171420 0.000000
rs1284 -0.569220 0.178000 0.085710
rs1290 -0.668120 0.178010 0.000000
rs1291 -0.443960 0.184600 0.065930
rs1293 -0.331880 0.243930 0.000000
rs1296 -0.648340 0.184600 0.072520
rs1297 -0.569220 0.184590 0.000000
rs1337 -0.279140 0.375790 0.032960
rs1359 -0.516480 0.178000 0.000000
rs1437 0.228510 0.019780 0.243940
