0.013432752     -1.1128886
1.146787        0.84866485
2.3154592000000003      0.81264576
4.2867326       -0.9580395
4.4761793       0.32956582
4.4808912       0.33532953
4.947273200000001       0.59081703
5.1077407       0.82660918
5.114721        0.83361606
5.1195847       0.54122065
5.4409059       0.5576055999999999
5.948672599999999       -0.6614496999999999
6.393436        0.84689776
6.604356500000001       1.0200539
7.717457899999999       0.5288937
7.752697        0.43559649
7.8004755999999995      -0.40728233
7.958349        -0.99101351
9.1263438       -0.28733436
10.112196       -0.045310598
10.146464       -0.29351457
10.157936999999999      -0.33044733
10.268057       0.90804605
10.408329       0.2580295
10.417365       0.20896589
10.538528999999999      -0.087803967
11.122973       1.1085537
11.162136       -0.36227705
11.696368       -0.70129719
12.398937       1.115894
12.621074       -0.5306116
12.714972999999999      0.8514702
14.703615       0.58749431
14.731432999999999      1.0056996999999999
14.767173999999999      1.0011835
14.925815       0.91675446
15.504031       0.5121939
15.676782999999999      -0.74954697
15.91186        -0.49081685
16.063204000000002      -1.1141103
16.173129       -0.95573216
16.216276       -0.64781319
16.475507999999998      -0.98596295
16.529672       0.776303
16.597808999999998      0.34547736
16.616560999999997      0.65014854
16.639739000000002      -0.13363025
16.712483       -0.57037864
17.009231       -0.075376699
17.021922       -0.79487241
17.6595         -0.27793223
17.711889000000003      0.19824137
17.747235999999997      0.43370190000000003
17.898107       0.46234413
17.963816       -0.63029218
18.036063000000002      -0.41012042
18.141262       0.2936901
18.20249        -0.2901077
18.353539       0.22052619
18.555628       -0.28392448
18.697109       1.1212843000000001
18.903888000000002      -0.95294103
19.223608       0.15320899
19.615707       -1.0253063
20.032567999999998      0.077055555
20.319466000000002      -0.54432577
20.452192999999998      0.94321616
20.663757       -0.096502265
20.667617       0.72124706
20.691844       -0.42639189
20.753757999999998      1.2089341999999998
20.854959       0.75534605
20.880363       1.1800409
20.97824        0.28236615
20.978364000000003      -0.31139474
21.123601       -0.36943684
21.128093       0.83458115
21.371423999999998      -0.057265138
21.374067       -0.7037007
21.414565       0.13003722
21.415609       1.178233
21.478054999999998      -0.98781101
21.556976000000002      0.35858673
21.649782000000002      -0.87067229
21.690564000000002      -0.19777353
21.707253       -0.97475056
21.738035       -0.89356094
21.777465       -1.1222613000000001
21.812372       -0.5774092
21.933032       -0.90468188
22.244548       -0.94881507
22.360754       -1.1997143
22.525785       0.74522841
22.617008       -0.73017763
22.801921       -0.61075471
22.977704       -0.81461509
23.177329999999998      -1.1003722
23.258253       -0.68987333
23.280527       0.17599292
23.436054000000002      0.95319263
23.510382999999997      -1.0756854999999999
23.716813000000002      -0.64866663
23.78668        0.717824
23.902695       0.014879905
24.000791       0.66356503
24.296472       0.88248657
24.405025       0.040311732
25.060373000000002      -0.51508941
25.220581       -0.21373527
25.628912       -0.81931854
26.264021999999997      -0.30107413
27.125721000000002      -0.21269629999999998
27.127483       -0.062862285
27.529644       -0.73992057
28.101257       -0.28546394
28.224302       -0.90206277
28.497024       -0.75037178
28.609862       -0.21185985
28.623922999999998      -0.52617582
28.693912       -0.7389312
28.899628999999997      -0.39117599
29.044061       0.25448189
29.272240000000004      -0.46854819999999997
29.797464       0.11001843
30.54934        -0.13032888
30.551710999999997      -0.10087834
31.127308000000003      0.43122562
31.196687       0.83510454
31.200186       1.2078261000000001
31.326240000000002      0.055692715999999996
31.749563000000002      1.0137209
32.200978000000006      0.80070478
32.487459       0.87655458
32.776728999999996      -0.65519166
33.410021       -0.71724638
33.507626       -0.97743831
34.270013       1.2443094
34.587096       0.37853034
35.487665       0.22065782
36.505278999999994      1.0180874
36.528168       -0.33172171
37.152547       -0.24656214
37.413698       0.12338943
37.456409       0.81317006
37.705304999999996      -1.0152332
37.890219       0.75662517
37.90717        -0.13979131
37.926994       1.1969288999999999
37.930059       0.90449346
37.930828000000005      0.29358974
37.935631       -0.94522305
37.998311       0.91006541
38.081297       0.67188949
38.125151       0.23382533
38.159240000000004      0.59446632
38.197825       0.67806565
38.204178999999996      1.1639378
38.209305       0.66106589
38.209008000000004      -0.35324987
38.211703       1.1492129
38.232817       0.68344016
38.247522       0.44680142
38.255238       0.42092388
38.269063       0.93123969
38.381614       1.1400209
38.46348        1.0809076000000002
38.465215       1.1371926
39.794073       1.1434246000000001
40.395734999999995      1.2348803
40.557041999999996      0.38281784
41.006312       0.17636765
41.594894000000004      -1.1714824
41.868682       -0.26813853
42.161177       -0.27130019
42.211789       -0.76733683
42.228039       -0.96667355
42.397622       -0.72341133
42.42065        -0.52326898
42.503208       -1.2485529
42.547740999999995      -0.9989981
43.593075       -0.42248821
43.594944       -0.41074792
43.953852000000005      1.0794046999999998
44.11334        0.87577078
330.45871       -0.70729601
334.72049       -1.0587107
336.32054       -0.90943033
338.45743       0.48295539
338.65314       0.17362983
340.20117999999997      -1.1535661
341.10185       -0.16204087
341.91438       0.32113077
342.39482999999996      0.17471482
342.4477        1.0250204
343.09445       1.0925383
343.20535       1.2012666
343.24382       1.1431108
344.51881000000003      -0.46189841
344.76338       -0.32939829
346.66306000000003      0.57825686
347.32412999999997      0.064215838
347.34574       1.0013183
348.58111       0.18262136
348.63828       0.23608475
350.14684       -0.88074667
351.0871        0.99672669
351.18617       1.030218
352.46653       0.14667401
352.60714       0.15678606
352.99916       -0.80517944
353.07155       -0.79776277
353.10547       -0.84693846
353.17151       -0.75714491
355.54852       0.35794297
355.60843        0.25612618
356.09251       0.096475219
356.75701000000004      0.55267914
357.49067       -0.64848638
357.54334       -1.0168171
358.09449       -0.62866731
358.46884       -0.09867061699999999
358.63499       -0.046906637
358.78362999999996      0.25689697
359.03235       0.54976372
359.05644       -0.54045614
10.218827000000001      -0.52510469
21.811196       1.0280711
24.979229       -0.25477663
28.757818       -0.62636092
29.919282       0.7209701999999999
34.464996       1.2245195
37.807317       1.1939587
38.13261        0.05796590099999999
38.264478000000004      0.68262798
40.340884       0.05816217
42.143558       -0.99307984
42.812649       -0.97315092
358.24741       -0.36613313
359.14407       0.55035271
133.07093999999998      3.7298823
133.38629       4.7823282
133.68635       4.3019552
135.21256       1.1612322
135.26529       3.6045235
135.43797       0.52181125
135.4779        1.172049
135.58831       3.6157756
136.76981       3.1460842
137.43918       1.7933351000000002
139.17565       0.20567181
139.56846000000002      0.38512532
139.9799        0.94522724
139.99509       0.96095539
140.12388       1.8482145
140.14309       1.5511156000000001
140.38936       1.5852213
140.58934       4.0613828000000005
140.78336000000002      2.4859835
140.80501999999998      2.0601968999999998
140.80568       2.6014279
140.9021        2.1365879
140.94272       2.7527705
141.61758999999998      2.3003286
141.68633       1.1544133
141.87005       3.9296623999999998
142.3566        0.35551819
142.563         4.1440154
142.9234        4.500097
142.94449       1.0568086
143.46913       3.1232542999999997
143.50184       2.4772267000000006
143.54399999999998      0.24167741
143.5436        0.2579964
143.64269       0.08969325800000001
143.65431999999998      0.046154029000000006
143.76397       4.690371099999999
143.9687        4.0167796000000004
144.02917       3.0115607000000004
144.11164       1.1917073999999999
144.1474        1.1165527
144.16601       0.40727285
144.16969       2.7035728999999997
144.48956       3.4629752000000003
144.54505       3.0789578
144.56213       4.1527155
144.57644       4.0942693
144.62787       2.5733752999999995
144.7537        4.721476
145.47958       1.3188518
145.78542       3.9403516000000005
146.03908       3.4038866000000003
146.04331000000002      2.4101947
146.14338       4.0017674
146.2123        4.5807797
146.2255        2.4653142999999997
146.28295       0.06411431
146.30087       0.035460408
146.39767       4.4106824
146.58438       3.0457954
146.58784       3.0714183
146.74967       2.5614912
146.80688999999998      0.66565226
146.84221000000002      0.74094855
146.90062       3.283821
147.03957       2.529208
147.04105       2.5393701
147.17147       3.3747432999999996
147.19285       0.27186768
147.24864       2.4626994
147.25281999999999      4.3031523
147.28642       2.481084
147.30546999999999      0.21761972
147.56018       4.199071599999999
147.89727       0.43488855
148.04764       1.0955096000000002
148.12345       2.1544966
148.32056       1.9778242
148.3352        0.72070669
148.43262       2.3740967
148.44043       0.78671129
148.44336       0.49450371
148.67533       4.9755856
148.8469        0.879338
148.94276000000002      3.4051112999999997
149.2338        3.382876
149.2449        3.3564401
149.91796000000002      3.2930701
150.21025       1.3355974
150.52922       3.0578138999999998
150.68918       4.455051200000001
151.31063       2.7432596
151.35028       0.54400009
151.35233       2.5491007000000003
151.36526       2.6335144
151.3829        0.61107061
151.39571999999998      3.0537532000000005
151.45756       0.63346325
151.48373       0.61739999
151.50878       4.5222175
151.51295       3.1098319
151.53482       2.9692043999999997
151.55147       2.5237297
151.58399       3.1246112
151.65456       0.63265033
151.80946       0.05601157
151.94156999999998      3.3712307
151.95338       2.8786359
152.07076       2.2732177000000005
152.70979       0.28056287
152.73496       1.0720833
153.10508000000002      1.245908
153.46892       0.55092844
153.75959       0.96831712
154.03891000000002      1.1911459999999998
154.60566       1.182256
154.82289       0.34448419
155.46486000000002      0.4102014
155.47153       0.29548270000000004
155.5738        0.010365953
155.58588999999998      3.9616635000000002
155.6004        1.1988138000000002
155.60124       3.9973137000000003
155.77913999999998      1.0061421999999998
155.98262       1.0334275
156.03187       0.14198249
156.149         1.1098448
156.31323       0.89268707
156.33231999999998      0.6362628
156.36588999999998      0.88365847
156.42521000000002      0.76303881
156.53658000000001      4.3730264000000005
156.58807       0.68495549
156.66169       0.98348709
156.68093000000002      1.0061486
156.83775       0.42236355
156.85416999999998      1.2417832
156.87296       1.2467826000000002
156.87368999999998      1.2546426000000002
156.87767       2.7682525
156.93167       1.1939583
156.96057       2.1190575000000003
157.0657        4.406556299999999
157.12063999999998      1.2499122999999999
157.15572       1.3043352
157.40458999999998      0.95115959
157.98543       3.0817784
158.11208       2.5548666
158.11598999999998      3.9140821000000003
158.85451       3.2944763
159.47069       4.8132268
160.25534       0.63251836
160.47256000000002      0.79409918
160.91248000000002      4.9706053
160.99303999999998      1.9357267
161.06939       2.7878303
161.08887       2.7933084999999997
161.20238999999998      3.2983214999999997
161.28173999999999      3.6746597999999997
161.34403       1.1240417999999999
161.45656       2.0896241
161.49386       2.8325257
161.66185       3.2438627
161.97743       0.81254449
162.57173       3.5125455999999997
162.68759       3.5135272000000004
162.84736999999998      2.21833
162.90627       2.0949621
163.13711       3.0192067000000002
163.22316999999998      4.5062644
163.5302        4.9401637
163.69943       2.9479642999999998
163.89954       4.3776319
164.01077       0.66221405
164.62819       4.6311328000000005
165.21139        4.391545900000001
165.30105       3.5536284
165.63544       4.0615468
165.76722       3.7006928999999995
165.81079       3.7248629999999996
166.05297       4.3305904
166.38826       4.1963767999999995
166.45824       0.40316383
166.55755       2.6168091
166.57988999999998      4.6368872
166.83359       4.5422775
167.14145       4.8318867
167.26877       4.7762118
167.27823999999998      3.9278720999999996
167.49388000000002      0.18142163
167.54578       4.978358900000001
167.68672       4.8466602
168.09046999999998      3.7613675000000004
168.31632       3.6574400000000002
168.46913       4.290769999999999
168.47176000000002      4.8017694
168.57514       4.7098093
168.60124       4.1603417
168.70588       0.90562274
169.07891999999998      4.1391845
169.20529       4.3614738
169.33097       2.881707
169.33516       2.4469324
169.37328       2.5042999
169.39303999999998      2.7726236
169.54402       2.6007993
169.55138       3.8038497000000002
169.61881       1.664066
169.6652        3.6974726
169.67297       2.6220615
169.68617       2.909234
169.79048       3.2290732
169.85925       3.2016709999999997
170.0558        0.94270611
170.10648999999998      1.0669646000000002
170.36177       3.4458809
170.38708       2.8105766
170.50477       4.9603279
170.61042       0.42473646
170.96098999999998      1.7342587999999999
170.99448999999998      2.9370713999999998
171.0652        2.9585998
171.50405       1.9842653000000001
171.53975       1.8955992
171.57485       2.5797804
171.67407       1.2414397
171.74200000000002      2.3330017999999995
171.91763       3.5899777999999998
172.06675       2.633686
172.12873000000002      0.78263236
172.24999       3.8540120000000004
172.4499        1.1379454
172.55178       3.801093
172.65663999999998      3.7566596
172.72255       4.5337501
172.73633999999998      2.2871669
173.04327       1.2073927
173.05588       0.81934511
173.08993       0.80403671
173.22323       0.56814812
173.77043       2.5514395
173.78108999999998      4.221012
173.90386999999998      0.12777681
173.9117        1.3576178
174.11386000000002      3.9754621
174.22603999999998      4.1236888
174.43621000000002      4.0750589999999995
174.72886       3.5809877
174.73051999999998      3.6007886
174.8618        3.4711434000000003
174.87362       0.11662229
175.04933       3.5678527
175.07898       4.2697144
175.21391       4.8096875
175.29068       4.6257402999999995
175.46212       2.3930872
175.46726999999998      2.5820315
175.68675       0.28229990000000005
175.72454       0.1618525
175.90281000000002      4.9297492
176.3969        3.2319240000000002
176.44212       3.0297947999999995
176.48826       4.7471429
176.80368       2.5339341
176.88353       2.7876364
177.00077       4.488203599999999
177.41381       3.2218464
177.62803       1.9833304
177.88333       4.8526492999999995
178.06261       2.533175
178.09795       3.9744626000000003
178.14098       2.0269409
178.18088       1.7408671000000002
178.74177       4.6606623
179.10883       3.7666690000000003
179.25994       0.49846395
179.34787       4.5431127
180.07491000000002      0.29494329
180.27084       0.11377061
180.33443       2.5239423999999997
180.39721       4.5925531
180.42088999999999      4.7699940000000005
180.53978999999998      3.3106541
180.57331000000002      4.7165425
180.59562       4.3299075
180.62839       4.4052921
180.73707       1.3937952
180.75393       2.8364882999999996
180.90395       2.6305092
180.92587       1.4575521
180.95308       4.2220143
180.99773000000002      1.4107809999999998
181.04051       1.8261797999999998
181.07207       3.8731804
181.10263       2.459342
181.10488999999998      1.6473495999999999
181.12848       2.3433662999999996
181.1744        1.6027703000000002
181.28936000000002      1.5593371999999999
181.33698       2.5343412999999995
181.35295       2.2085861
181.38318       0.039396611
181.49922       1.8860733
181.52653999999998      2.1922607999999997
181.63144       1.6166021000000002
181.66736       1.3343546999999998
181.8834        1.6376339
182.01648       0.69775762
182.13005       1.9094467000000002
182.17802       1.4565902
182.30466       1.8366311000000002
182.35555       0.30827288
182.36935       0.53337494
182.41099       0.95702638
182.42105       0.65773495
182.47427       0.92847122
182.64703       1.0287475
182.76407       0.62414272
182.78302       0.95691207
182.86903        0.37862306
182.94456       0.98948379
182.99781000000002      1.3498278000000001
183.19328000000002      0.40911801
183.25124       0.043855233
183.50921       2.9927262999999997
183.53315       2.0825642
183.62158       0.83016325
183.68931       0.7436291
183.89462       1.2864481
183.99053       3.3059553999999998
184.3388        2.5797345000000003
184.62521       4.306946900000001
184.72249       3.0143984
184.72302       2.9923325000000003
184.89878000000002      1.2166959
185.16795       2.7581327
185.47856000000002      4.8754173
185.50275       2.8993618
185.67639       3.1419041
185.70666       3.1039653
185.7324        3.6798653
185.76816000000002      3.6659076
185.83452       4.8951696
185.85776       4.525129799999999
185.96116       4.087293799999999
186.43012       4.4182273
186.44416       4.5103657
186.46097       1.4432163
186.49401       4.4739759
186.56005       0.26730296
187.27888000000002      0.58119923
187.34005       1.0572041
187.42096999999998      0.25347729999999996
187.55048       3.5774004
187.65301000000002      0.84634603
187.71674       0.52729189
187.72938       3.4920739000000003
187.78085       0.46323063
187.8417        0.60994883
188.20734       3.3000293
188.67015       3.3237951
188.68743       0.36667434
188.75901000000002      0.037743558999999996
189.40205       1.5889471000000002
189.6497        1.4024256000000002
189.69351       0.32261915
189.77335       0.28297175
189.79737       0.71798029
190.08403       1.2734493999999998
190.2234        1.0084218
190.23905       0.98732362
190.28406999999999      3.7557543
190.30952       3.6574790999999998
191.31812       2.449106
191.53444       4.4435528
192.11778999999999      3.4404763
192.38373       3.6320816
192.39758       3.6043883
192.91102       1.6709691000000002
193.52232       0.17529794
193.88558       2.9399781000000003
194.34347       2.3702855
194.3904        3.9228019
194.40333       3.4452756
194.47101       3.7228707
195.21387       2.9247304
196.11726000000002      4.5318915
196.49215       1.7925821
196.49437       3.9565356
196.64751       4.4616008
196.82867       2.0034916000000003
196.87878        2.3270435000000003
197.04918999999998      4.7516132
197.20865       1.0022883
197.39318       1.6232639
197.58055       2.0257623
197.9061        0.66595377
197.9917        1.9572523999999998
198.05366       2.1210158
198.17647       4.7299317
198.37697       3.3620568
198.58813       4.4561547
198.63558999999998      2.5647135
198.64203       3.0413297999999998
198.6676        3.0196875
198.77466       3.0452729
198.88623       3.5008383000000003
198.99419       2.9514062
199.14891       3.0641234
199.40579       4.4855554
199.42659       3.6036900999999997
199.4896        3.8023928
199.49438999999998      4.4036434
199.64393       4.4863943
199.81795       3.9259239999999997
199.90346       3.0326036
199.91988999999998      3.4095065000000004
200.1237        4.4392191
200.23382       1.5037941000000001
200.34618       0.34255614
200.40023       0.57306503
200.58137       2.42086
200.70182       3.1176208
200.83416       3.7201559
200.91792       4.5149918
200.96406000000002      2.1439692000000004
201.11763       4.7749752
201.14852       1.5768742
201.19969       3.5314006
201.23111       3.5484724
201.3027        2.4183623
201.60011       4.4656219
201.64021       2.1750542999999998
201.64032       4.4525312
201.6614        2.3140389
201.69204       2.2436979
201.76099       2.8477742999999998
201.95213       3.0906437
202.06724       2.9829391
202.30722       0.7278741
202.33423       4.1998
202.43745       1.1829569
202.46136       2.4059564
202.72411       0.93807307
202.85369       1.9811267
202.98716000000002      3.1177932999999998
203.07088000000002      4.2802856
203.10455       3.0612372000000003
203.18605       0.76891329
203.24241       3.5325363
203.26754       4.981815599999999
203.27416000000002      3.8835245
203.38756999999998      1.3066456
203.45739       4.4449811
203.45934       2.358573
203.5067        1.0961108999999998
203.51509       4.7538708
203.59662       4.9286237999999996
203.64064       4.918843799999999
203.66348       4.130397299999999
203.71245       4.2369242
203.73048       4.9651755
203.76899       3.6607434000000003
203.85193999999998      1.4106789
203.91804       1.5082081
203.9178        3.2933369
203.9283        3.0017705
203.95082       2.9990824000000003
203.99405       1.7301014
204.03294       3.5094242999999996
204.08815       3.3309538
204.15623       1.2596758999999997
204.1559        4.1886731
204.20068999999998      3.2804076
204.20838999999998      3.5253504999999996
204.23881       3.49326
204.24398       0.22575173
204.28083       4.6924432000000005
204.31333999999998      2.4297904999999997
204.34076000000002      4.6890855
204.34685       3.8975074
204.37223999999998      4.1046915
204.37518       1.0831475
204.52685       0.020438577
204.61865       0.5101716
204.62096       2.5284709999999997
204.76905       2.1637951
204.80505       4.6233494
204.86393999999999      4.510684099999999
204.8738        4.5114014000000005
204.88387       2.9814047
204.97715       2.1220446
205.07039       2.4441536
205.07096       3.8399176
205.08924       1.5424623
205.11323000000002      4.7738721
205.11818       3.7586485
205.12933       4.7547676
205.13  4.619144
205.14099       4.8202809
205.24583       3.069713
205.33338       4.9563875
205.42567       4.4499636
205.4281        4.274146099999999
205.46631000000002      4.933705000000001
205.49517       2.3123948
205.52086       0.71832852
205.54243       3.6962437000000006
205.57173       4.619836299999999
205.60766999999998      3.8560587
205.64412       4.5289971
205.74218       3.2541462
205.91748       3.8965707999999997
205.93741       3.8890662000000003
206.00226999999998      4.7345172
206.02116999999998      3.0506398999999997
206.1723        4.9421706
206.5528        3.5059126000000003
206.62327       3.8784395
206.71636       3.7478968999999998
206.72546       3.6608426
206.78843       3.6439546999999997
207.0008        4.9882475
207.79386       4.361607599999999
208.10118       0.088864206
208.16073       3.4640809
208.28967       4.9608223
208.42511000000002      3.3777007000000006
209.68998       2.8443317
211.35992000000002      3.0333433999999997
212.13646       3.0245972
212.19482000000002      4.909856700000001
212.88865       4.482644400000001
212.94112       1.9472634999999998
213.16662999999997      1.7549965
213.20522999999997      1.489259
213.80025       4.871944999999999
213.8013        4.8243432
213.84891000000002      4.4086222
216.07292999999999      4.6996761
219.17502000000002      2.386016
220.02735       3.873382
222.34828       4.2311815
222.84747000000002      0.0071309684
223.28815       4.8513342
223.5792        4.9365034
223.80192999999997      2.8168776
224.02832999999998      1.9249922
224.11001000000002      2.3477165
224.22974       4.2051356
224.37705       3.7758404000000003
224.53457999999998      3.4240133999999998
224.64166       3.5185343999999996
227.65311       3.3090328999999996
230.94147999999998      2.670355
230.94593999999998      4.2614399
231.24526       4.7896778
231.71605       3.5975362
232.17062       1.3774441000000002
235.08442000000002      3.6343177000000004
180.97588000000002      1.8915413
204.7144        4.4317127
206.82719       3.7675365
168.25785       4.0384906