rf0002 -0.259360 0.125260 0.000000
rf0003 0.149390 0.026380 0.342820
rf0010 -0.523070 0.158220 0.000000
rf0011 -0.325290 0.158230 0.079110
rf0013 -0.173650 0.026370 0.000000
rf0015 0.235100 0.026370 0.164820
rf0016 -0.114320 0.092300 0.000000
rf0022 -0.239580 0.065930 0.052750
rf0024 -0.213210 0.243930 0.000000
rf0029 -0.437370 0.151640 0.072520
rf0030 -0.279140 0.276900 0.000000
rf0031 0.202140 0.026370 0.197790
rf0040 0.215320 0.026370 0.000000
rf0048 -0.509890 0.158230 0.065930
rf0053 -0.562630 0.145040 0.000000
rf0060 -0.476930 0.158230 0.065920
rf0062 -0.180250 0.118670 0.000000
rf0064 -0.648340 0.158230 0.065930
rf0065 -0.490110 0.145040 0.000000
rf0072 -0.747230 0.191190 0.072520
rf0073 -0.496700 0.184600 0.000000
rf0092 0.268070 0.013180 0.131860
rf0125 0.129620 0.052740 0.000000
rf0127 -0.292330 0.059340 0.059330
rf0129 -0.338480 0.191200 0.000000
rf0132 -0.213210 0.105480 0.079120
rf0134 -0.351660 0.408750 0.000000
rf0138 -0.068170 0.039560 0.039560
rf0164 0.221920 0.019770 0.000000
rf0166 -0.015430 0.046150 0.059330
rf0169 -0.509890 0.164820 0.000000
rf0176 0.123020 -0.006590 0.573570
rf0180 -0.443960 0.263710 0.000000
rf0190 -0.285730 0.098890 0.065930
rf0201 -0.589000 0.197780 0.000000
rf0204 -0.529670 0.164820 0.079110
rf0205 0.195540 0.026380 0.000000
rf0223 0.136210 0.039560 0.309860
rf0234 0.109840 0.046150 0.000000
rf0237 0.096650 0.046150 0.290080
rf0241 -0.740640 0.230750 0.000000
rf0248 -0.114320 0.059340 0.046150
rf0249 0.241690 0.026380 0.000000
rf0250 -0.641750 0.191200 0.065920
rf0251 -0.378030 0.210970 0.000000
rf0258 -0.298920 0.263720 0.072520
rf0263 -0.483520 0.224160 0.000000
rf0267 -0.437370 0.210970 0.052740
rf0271 0.004350 0.171420 0.000000
rf0283 0.155990 0.046150 0.217570
rf0284 -0.589000 0.171410 0.000000
rf0287 -0.081350 0.118670 0.085710
rf0292 0.129620 0.032960 0.000000
rf0295 -0.074760 0.105480 0.079120
rf0298 -0.411000 0.171420 0.000000
rf0306 -0.562630 0.131850 0.085710
rf0309 -0.134100 0.079120 0.000000
rf0315 0.004350 0.164820 0.032960
rf0319 0.004350 0.151640 0.000000
rf0324 -0.153880 0.019780 0.032960
rf0338 -0.496700 0.145040 0.000000
rf0339 0.123020 0.026370 0.349420
rf0343 -0.081350 0.105480 0.000000
rf0348 0.274660 0.013180 0.112080
rf0351 -0.483520 0.164820 0.000000
rf0354 -0.470330 0.527420 0.019780
rf0358 -0.602190 0.178010 0.000000
rf0363 -0.641750 0.178010 0.065920
rf0364 -0.437370 0.435130 0.000000
rf0366 -0.496700 0.138450 0.065930
rf0372 -0.134100 0.032970 0.000000
rf0375 -0.028610 0.072520 0.079120
rf0377 -0.153880 0.019780 0.000000
rf0383 0.155990 0.046150 0.415350
rf0385 -0.384630 0.164830 0.000000
rf0386 0.096650 0.019780 0.421940
rf0388 0.248290 0.019780 0.000000
rf0396 0.063690 0.052740 0.204380
rf0397 0.024130 0.059340 0.000000
rf0399 -0.338480 0.131860 0.065920
rf0400 0.301030 inf 0.000000
rf0403 -0.503300 0.224160 0.059330
rf0415 -0.292330 0.191200 0.000000
rf0419 -0.661520 0.197780 0.059340
rf0428 -0.523070 0.191190 0.000000
rf0439 -0.793380 0.158230 0.052740
rf0444 -0.008830 0.145040 0.000000
rf0474 -0.556040 0.145040 0.085710
rf0477 -0.457150 0.125270 0.000000
rf0488 -0.430780 0.270310 0.039550
rf0496 -0.562630 0.178000 0.000000
rf0499 -0.523070 0.138440 0.072530
rf0500 0.136210 0.013180 0.000000
rf0503 -0.397810 0.112080 0.046150
rf0513 0.136210 0.052740 0.000000
rf0630 -0.786790 0.151640 0.052740
rf0795 -0.536260 0.224160 0.000000
rs0001 -0.556040 0.184600 0.059330
rs0003 -0.490110 0.217560 0.000000
rs0010 -0.397810 0.131860 0.065930
rs0012 -0.503300 0.237350 0.000000
rs0013 -0.490110 0.178010 0.065930
rs0022 -0.127500 0.072520 0.000000
rs0029 -0.134100 0.092300 0.052740
rs0030 -0.430780 0.237350 0.000000
rs0046 0.149390 0.052750 0.243930
rs0051 -0.219800 0.250520 0.000000
rs0052 -0.424180 0.388980 0.026370
rs0053 -0.015430 0.052750 0.000000
rs0054 -0.549450 0.138450 0.072520
rs0062 -0.523070 0.138440 0.000000
rs0087 -0.503300 0.514250 0.046150
rs0088 -0.536260 0.164820 0.000000
rs0089 0.136210 0.059330 0.276900
rs0090 -0.562630 0.131850 0.000000
rs0092 -0.496700 0.178000 0.065930
rs0093 0.221920 0.026370 0.000000
rs0094 -0.457150 0.210970 0.052740
rs0095 -0.687900 0.184600 0.000000
rs0096 0.123020 0.032970 0.316450
rs0097 -0.582410 0.158230 0.000000
rs0098 -0.292330 0.296680 0.065920
rs0104 0.136210 0.026370 0.000000
rs0107 -0.153880 0.105490 0.092300
rs0109 -0.153880 0.085710 0.000000
rs0113 0.202140 0.019780 0.204380
rs0122 -0.569220 0.178000 0.000000
rs0124 -0.516480 0.151630 0.072520
rs0127 -0.470330 0.230750 0.000000
rs0133 0.096650 0.039560 0.270300
rs0134 0.096650 0.052740 0.000000
rs0136 -0.048390 0.072520 0.105490
rs0138 -0.516480 0.178000 0.000000
rs0140 -0.687900 0.197790 0.046150
rs0141 -0.424180 0.151630 0.000000
rs0143 0.162580 0.046150 0.224160
rs0145 0.103240 0.013190 0.000000
rs0146 -0.542850 0.204370 0.059340
rs0147 -0.345070 0.151640 0.000000
rs0150 -0.417590 0.112080 0.098890
rs0156 -0.509890 0.250530 0.000000
rs0159 0.142800 0.052740 0.125260
rs0163 -0.272550 0.296680 0.000000
rs0167 -0.562630 0.151630 0.072520
rs0168 -0.602190 0.178010 0.000000
rs0172 -0.312100 0.158220 0.092300
rs0175 -0.338480 0.184600 0.000000
rs0181 -0.167060 0.026370 0.052740
rs0183 0.116430 0.046150 0.000000
rs0196 -0.002240 0.092300 0.098890
rs0201 0.294440 0.000000 0.000000
rs0203 0.248290 0.019780 0.138450
rs0206 0.202140 0.026370 0.000000
rs0218 -0.470330 0.164820 0.065930
rs0221 0.050500 0.032970 0.000000
rs0225 -0.312100 0.382380 0.059340
rs0226 -0.490110 0.191190 0.000000
rs0231 -0.437370 0.197790 0.059330
rs0237 0.155990 0.052740 0.000000
rs0240 0.301030 inf 0.079110
rs0242 -0.371440 0.197790 0.000000
rs0243 0.083470 0.026370 0.336240
rs0244 0.004350 0.145040 0.000000
rs0247 -0.674710 0.178010 0.059340
rs0256 -0.529670 0.191190 0.000000
rs0259 -0.232990 0.151640 0.079110
rs0261 -0.127500 0.065920 0.000000
rs0262 -0.516480 0.151630 0.059340
rs0264 -0.589000 0.145040 0.000000
rs0266 -0.114320 0.072520 0.079110
rs0267 0.063690 0.046150 0.000000
rs0268 0.063690 0.046150 0.263720
rs0273 -0.450550 0.145040 0.000000
rs0275 -0.463740 0.151640 0.065930
rs0276 -0.457150 0.210970 0.000000
rs0282 -0.127500 0.125260 0.138450
rs0306 -0.305510 0.362600 0.000000
rs0315 -0.252770 0.112080 0.072520
rs0316 0.070280 0.046150 0.000000
rs0318 -0.720860 0.178010 0.072520
rs0320 0.024130 0.052740 0.000000
rs0323 -0.351660 0.138450 0.072520
rs0334 -0.364850 0.197790 0.000000
rs0337 -0.371440 0.217560 0.072520
rs0339 0.235100 0.019780 0.000000
rs0341 -0.483520 0.158230 0.065930
rs0344 -0.509890 0.191190 0.000000
rs0345 -0.595600 0.158230 0.079110
rs0349 -0.648340 0.178010 0.000000
rs0350 -0.081350 0.039550 0.362610
rs0351 -0.002240 0.125260 0.000000
rs0354 -0.542850 0.217560 0.065930
rs0358 -0.285730 0.283490 0.000000
rs0373 -0.437370 0.263720 0.046150
rs0386 -0.562630 0.270300 0.000000
rs0391 -0.305510 0.290080 0.079120
rs0392 -0.615370 0.217560 0.000000
rs0393 -0.397810 0.125260 0.072520
rs0406 -0.298920 0.092300 0.000000
rs0416 -0.569220 0.145040 0.085710
rs0419 -0.476930 0.395580 0.000000
rs0421 -0.523070 0.145040 0.098900
rs0424 -0.509890 0.191190 0.000000
rs0425 -0.364850 0.184600 0.079110
rs0429 -0.516480 0.151630 0.000000
rs0430 -0.523070 0.145040 0.079120
rs0432 -0.799970 0.237340 0.000000
rs0437 -0.549450 0.243940 0.059330
rs0440 -0.153880 0.065930 0.000000
rs0444 -0.516480 0.151630 0.059340
rs0452 -0.312100 0.342820 0.000000
rs0460 -0.549450 0.151640 0.072520
rs0463 -0.074760 0.026370 0.000000
rs0468 -0.476930 0.362610 0.039550
rs0472 -0.536260 0.118670 0.000000
rs0473 -0.621970 0.184600 0.065930
rs0477 -0.641750 0.283500 0.000000
rs0485 -0.523070 0.131850 0.079120
rs0493 -0.582410 0.184600 0.000000
rs0495 -0.496700 0.158220 0.065930
rs0503 -0.101130 0.085700 0.000000
rs0505 0.235100 0.019780 0.323050
rs0508 -0.503300 0.164820 0.000000
rs0516 -0.536260 0.210970 0.059340
rs0517 0.268070 0.013180 0.000000
rs0519 -0.490110 0.257120 0.052740
rs0520 -0.411000 0.131860 0.000000
rs0528 0.241690 0.019780 0.151630
rs0532 -0.430780 0.276900 0.000000
rs0536 -0.536260 0.164820 0.065930
rs0538 -0.325290 0.184600 0.000000
rs0541 0.202140 0.026370 0.171420
rs0549 -0.430780 0.158230 0.000000
rs0554 0.221920 0.032960 0.171420
rs0555 -0.265950 0.276900 0.000000
rs0556 -0.819750 0.257120 0.046150
rs0560 -0.028610 0.072520 0.000000
rs0571 -0.621970 0.158230 0.072520
rs0573 -0.450550 0.145040 0.000000
rs0574 0.169170 0.032970 0.191190
rs0582 -0.081350 0.125260 0.000000
rs0586 -0.595600 0.158230 0.065920
rs0591 0.221920 0.026370 0.000000
rs0612 -0.107730 0.052750 0.039550
rs0650 -0.087950 0.059340 0.000000
rs0656 -0.279140 0.131860 0.072520
rs0660 0.241690 0.019780 0.000000
rs0672 -0.081350 0.085700 0.079120
rs0679 -0.463740 0.494460 0.000000
rs0724 0.142800 0.046150 0.250530
rs0731 -0.470330 0.230750 0.000000
rs0741 0.136210 0.046150 0.303270
rs0745 -0.147280 0.112080 0.000000
rs0751 0.268070 0.013180 0.151640
rs0763 -0.325290 0.283490 0.000000
rs0768 -0.364850 0.197790 0.085700
rs0775 -0.463740 0.118670 0.000000
rs0779 0.070280 0.059340 0.243930
rs0781 0.083470 0.039550 0.000000
rs0788 -0.516480 0.164820 0.065930
rs0797 0.076870 0.032970 0.000000
rs0798 -0.140690 0.072520 0.085710
rs0804 -0.635150 0.191190 0.000000
rs0805 -0.740640 0.178010 0.072520
rs0806 -0.239580 0.290080 0.000000
rs0808 -0.107730 0.032970 0.032960
rs0809 0.228510 0.026370 0.000000
rs0812 0.221920 0.019770 0.184600
rs0815 -0.509890 0.151640 0.000000
rs0823 0.228510 0.026370 0.145040
rs0833 0.070280 0.026370 0.000000
rs0839 0.241690 0.026380 0.210970
rs0842 -0.523070 0.131850 0.000000
rs0847 0.096650 0.013190 0.421940
rs0868 -0.292330 0.283500 0.000000
rs0869 -0.496700 0.204370 0.065930
rs0871 -0.575820 0.263720 0.000000
rs0896 -0.094540 0.065930 0.052740
rs0906 -0.523070 0.138440 0.000000
rs0909 -0.404400 0.145040 0.079120
rs0916 -0.437370 0.158230 0.000000
rs0932 -0.476930 0.158230 0.079110
rs0933 -0.523070 0.125260 0.000000
rs0944 -0.476930 0.158230 0.065920
rs0950 -0.575820 0.276900 0.000000
rs0957 -0.661520 0.197780 0.059340
rs0958 0.136210 0.032960 0.000000
rs0959 -0.648340 0.158230 0.065930
rs0960 -0.569220 0.151630 0.000000
rs0967 -0.430780 0.204380 0.046150
rs0970 0.083470 0.032960 0.000000
rs0974 0.083470 0.072520 0.164820
rs0978 -0.325290 0.105490 0.000000
rs0981 -0.503300 0.145050 0.065920
rs0983 -0.516480 0.191190 0.000000
rs0984 -0.430780 0.204380 0.052740
rs0985 -0.529670 0.197790 0.000000
rs0991 0.129620 0.046150 0.290090
rs0995 -0.054980 0.085700 0.000000
rs0997 -0.239580 0.197780 0.072520
rs1004 -0.035200 0.085700 0.000000
rs1014 -0.661520 0.191190 0.059340
rs1016 0.241690 0.026380 0.000000
rs1021 -0.430780 0.125270 0.079110
rs1023 -0.061580 0.072530 0.000000
rs1025 -0.107730 0.059340 0.059330
rs1029 -0.443960 0.145040 0.000000
rs1030 -0.457150 0.118670 0.079110
rs1035 -0.529670 0.204380 0.000000
rs1036 -0.219800 0.065920 0.072530
rs1038 -0.411000 0.065930 0.000000
rs1046 0.050500 0.145040 0.112080
rs1047 -0.397810 0.112080 0.000000
rs1050 -0.529670 0.118670 0.092300
rs1052 -0.463740 0.204380 0.000000
rs1055 -0.470330 0.145040 0.072520
rs1060 -0.701080 0.197780 0.000000
rs1062 0.155990 0.046150 0.224160
rs1072 -0.391220 0.178010 0.000000
rs1074 -0.503300 0.178010 0.065920
rs1075 0.155990 0.046150 0.000000
rs1081 -0.351660 0.178010 0.065930
rs1082 0.076870 0.039560 0.000000
rs1084 -0.430780 0.178010 0.059330
rs1091 0.070280 0.026370 0.000000
rs1098 -0.476930 0.151640 0.065920
rs1100 -0.364850 0.329650 0.000000
rs1102 0.301030 -0.006590 0.105490
rs1103 -0.668120 0.270310 0.000000
rs1105 -0.450550 0.105480 0.085710
rs1106 -0.002240 0.079110 0.000000
rs1109 0.202140 0.026370 0.270310
rs1110 -0.318700 0.303270 0.000000
rs1111 -0.153880 0.019780 0.026370
rs1112 -0.147280 0.059330 0.000000
rs1116 -0.087950 0.052750 0.046150
rs1117 -0.490110 0.164820 0.000000
rs1118 -0.074760 0.118670 0.138450
rs1121 0.235100 0.026370 0.000000
rs1126 -0.476930 0.164830 0.065920
rs1129 -0.094540 0.072520 0.000000
rs1131 0.241690 0.026380 0.131850
rs1137 -0.371440 0.237340 0.000000
rs1143 -0.509890 0.138450 0.065930
rs1150 -0.173650 0.046150 0.000000
rs1152 -0.008830 0.085700 0.098900
rs1154 -0.417590 0.270310 0.000000
rs1159 -0.496700 0.158220 0.065930
rs1163 -0.569220 0.323040 0.000000
rs1168 0.057090 0.052750 0.118670
rs1169 -0.298920 0.197790 0.000000
rs1178 -0.345070 0.217570 0.079110
rs1179 -0.496700 0.204370 0.000000
rs1182 -0.305510 0.224160 0.085710
rs1185 0.096650 -0.013180 0.000000
rs1188 -0.569220 0.158220 0.079120
rs1191 -0.259360 0.270310 0.000000
rs1195 -0.259360 0.145040 0.079120
rs1197 -0.061580 0.079120 0.000000
rs1198 -0.582410 0.237340 0.052740
rs1200 -0.523070 0.158220 0.000000
rs1209 -0.516480 0.270300 0.059340
rs1212 -0.411000 0.178010 0.000000
rs1214 -0.272550 0.032970 0.026370
rs1220 0.076870 0.019780 0.000000
rs1248 0.103240 0.039560 0.369190
rs1258 -0.312100 0.309860 0.000000
rs1259 -0.549450 0.210970 0.065920
rs1264 -0.575820 0.151640 0.000000
rs1266 -0.549450 0.415350 0.032960
rs1267 0.287840 0.000000 0.000000
rs1270 -0.569220 0.283490 0.046150
rs1276 -0.523070 0.151630 0.000000
rs1284 -0.621970 0.171420 0.065930
rs1290 -0.668120 0.171420 0.000000
rs1291 -0.483520 0.164820 0.059330
rs1293 -0.364850 0.224160 0.000000
rs1296 -0.694490 0.191190 0.052740
rs1297 -0.615370 0.164820 0.000000
rs1337 -0.279140 0.336230 0.052740
rs1359 -0.536260 0.151630 0.000000
rs1437 0.155990 0.046150 0.164820
