rf0002 7.106600 0.151230 0.000000
rf0003 6.976970 0.532920 -0.086420
rf0010 7.272240 0.136830 0.000000
rf0011 6.991370 0.187250 -0.007200
rf0013 7.495490 0.036010 0.000000
rf0015 7.185820 0.216050 0.122430
rf0016 7.099400 0.122430 0.000000
rf0022 7.171410 0.079220 0.050410
rf0024 6.976970 0.187240 0.000000
rf0029 7.200220 0.165640 0.064810
rf0030 6.976970 0.288070 0.000000
rf0031 7.265040 0.165630 0.172840
rf0040 7.236230 0.187240 0.000000
rf0048 7.164210 0.165640 0.050410
rf0053 7.286640 0.136830 0.000000
rf0060 7.077790 0.158440 0.043210
rf0062 6.991370 0.180040 0.000000
rf0064 7.315450 0.151230 0.050410
rf0065 7.128200 0.144040 0.000000
rf0072 7.689930 0.201650 0.079220
rf0073 7.401870 0.223250 0.000000
rf0092 7.229030 0.266460 0.122430
rf0125 6.976970 0.352880 0.000000
rf0127 7.301040 0.050420 0.064810
rf0129 6.976970 0.208850 0.000000
rf0132 7.034580 0.144040 0.028800
rf0134 6.976970 0.367280 0.000000
rf0138 7.084990 0.057620 0.043210
rf0164 6.976970 0.381690 0.000000
rf0166 7.084990 0.100830 0.057610
rf0169 7.142610 0.158430 0.000000
rf0176 6.976970 0.511320 -0.028810
rf0180 6.976970 0.273660 0.000000
rf0190 7.099400 0.093620 0.057620
rf0201 7.286640 0.216050 0.000000
rf0204 7.337050 0.187240 0.057610
rf0205 6.976970 0.453700 0.000000
rf0223 6.976970 0.266460 -0.036010
rf0234 6.976970 0.280860 0.000000
rf0237 6.976970 0.417690 -0.064810
rf0241 7.833970 0.252050 0.000000
rf0248 7.344250 0.086420 0.144030
rf0249 7.178620 0.201640 0.000000
rf0250 7.574710 0.201640 0.086420
rf0251 6.976970 0.223250 0.000000
rf0258 6.976970 0.273660 -0.021600
rf0263 7.063390 0.252060 0.000000
rf0267 6.998570 0.230460 -0.007210
rf0271 6.976970 0.381690 0.000000
rf0283 7.178620 0.151230 0.136840
rf0284 7.308250 0.180040 0.000000
rf0287 7.020180 0.194440 0.014400
rf0292 6.976970 0.360080 0.000000
rf0295 7.092200 0.194440 0.057620
rf0298 7.005780 0.180040 0.000000
rf0306 7.128200 0.136840 0.050410
rf0309 7.012980 0.108020 0.000000
rf0315 6.976970 0.172840 -0.014400
rf0319 6.976970 0.324070 0.000000
rf0324 7.286640 0.036010 0.028810
rf0338 7.380260 0.144030 0.000000
rf0339 6.976970 0.561730 -0.086420
rf0343 6.976970 0.302470 0.000000
rf0348 7.099400 0.316870 0.050410
rf0351 7.157010 0.172840 0.000000
rf0354 6.976970 0.475310 -0.028810
rf0358 7.445080 0.194440 0.000000
rf0363 7.545900 0.180040 0.079220
rf0364 6.976970 0.367280 0.000000
rf0366 7.243430 0.122430 0.079220
rf0372 7.495490 0.043210 0.000000
rf0375 7.149810 0.194440 0.079220
rf0377 7.012980 0.036010 0.000000
rf0383 6.976970 0.388890 -0.043210
rf0385 7.020180 0.172840 0.000000
rf0386 6.976970 0.374490 -0.036010
rf0388 7.200220 0.237650 0.000000
rf0396 6.976970 0.309670 -0.050410
rf0397 7.099400 0.136830 0.000000
rf0399 7.034580 0.136830 0.028800
rf0400 7.805160 0.072020 0.000000
rf0403 7.171410 0.252060 0.057610
rf0415 6.976970 0.230450 0.000000
rf0419 7.524290 0.194450 0.079210
rf0428 7.243430 0.194440 0.000000
rf0439 7.337050 0.144030 0.057610
rf0444 7.092200 0.324070 0.000000
rf0474 7.394660 0.165640 0.064810
rf0477 7.200220 0.151240 0.000000
rf0488 6.998570 0.280870 -0.007210
rf0496 7.358660 0.187240 0.000000
rf0499 7.128200 0.136840 0.050410
rf0500 6.976970 0.468110 0.000000
rf0503 7.149810 0.115230 0.050410
rf0513 6.976970 0.324070 0.000000
rf0630 7.445080 0.165630 0.064820
rf0795 7.113800 0.244860 0.000000
rs0001 7.308250 0.208840 0.057620
rs0003 7.149810 0.237650 0.000000
rs0010 7.121000 0.129630 0.057610
rs0012 7.113800 0.259260 0.000000
rs0013 7.027380 0.194450 0.014400
rs0022 7.272240 0.100820 0.000000
rs0029 7.142610 0.151230 0.050410
rs0030 7.084990 0.252060 0.000000
rs0046 6.976970 0.352880 -0.057610
rs0051 6.976970 0.252060 0.000000
rs0052 6.976970 0.345680 -0.028810
rs0053 7.099400 0.144030 0.000000
rs0054 7.113800 0.151240 0.043210
rs0062 7.250630 0.136830 0.000000
rs0087 7.005780 0.518510 -0.007200
rs0088 7.178620 0.180040 0.000000
rs0089 6.976970 0.273660 -0.036010
rs0090 7.329850 0.136830 0.000000
rs0092 7.092200 0.201640 0.036010
rs0093 6.976970 0.403290 0.000000
rs0094 6.998570 0.230460 -0.007210
rs0095 7.337050 0.144030 0.000000
rs0096 6.976970 0.403290 -0.064810
rs0097 7.358660 0.172840 0.000000
rs0098 6.976970 0.223250 -0.014400
rs0104 6.976970 0.504110 0.000000
rs0107 7.099400 0.151230 0.064820
rs0109 7.373060 0.136830 0.000000
rs0113 7.221830 0.158430 0.158440
rs0122 7.250630 0.172840 0.000000
rs0124 7.193020 0.136830 0.050410
rs0127 7.099400 0.252060 0.000000
rs0133 6.976970 0.273660 -0.036010
rs0134 6.976970 0.280860 0.000000
rs0136 6.976970 0.172840 -0.021600
rs0138 7.243430 0.151230 0.000000
rs0140 7.560300 0.165640 0.072010
rs0141 7.056190 0.151230 0.000000
rs0143 7.221830 0.151230 0.165640
rs0145 6.991370 0.640950 0.000000
rs0146 7.286640 0.230450 0.057610
rs0147 7.020180 0.172840 0.000000
rs0150 7.077790 0.129630 0.043210
rs0156 7.027380 0.273660 0.000000
rs0159 7.106600 0.151230 0.079220
rs0163 6.976970 0.316870 0.000000
rs0167 7.250630 0.158440 0.072010
rs0168 7.358660 0.187240 0.000000
rs0172 6.976970 0.165640 -0.014400
rs0175 7.084990 0.223260 0.000000
rs0181 7.365860 0.064810 0.050410
rs0183 6.976970 0.345680 0.000000
rs0196 6.998570 0.216050 -0.007210
rs0201 7.221830 0.309670 0.000000
rs0203 7.221830 0.172830 0.151240
rs0206 7.221830 0.151230 0.000000
rs0218 7.077790 0.165640 0.036010
rs0221 6.976970 0.316870 0.000000
rs0225 6.976970 0.345680 -0.028810
rs0226 7.236230 0.187240 0.000000
rs0231 7.092200 0.208840 0.036010
rs0237 7.027380 0.201650 0.000000
rs0240 7.027380 0.777780 -0.050410
rs0242 6.976970 0.223250 0.000000
rs0243 6.984170 0.576130 -0.086420
rs0244 6.976970 0.172840 0.000000
rs0247 7.437870 0.180050 0.057610
rs0256 7.236230 0.208850 0.000000
rs0259 7.099400 0.201640 0.057620
rs0261 7.243430 0.093620 0.000000
rs0262 7.272240 0.136830 0.072020
rs0264 7.380260 0.144030 0.000000
rs0266 7.142610 0.108020 0.086420
rs0267 6.976970 0.302470 0.000000
rs0268 6.976970 0.302470 -0.036010
rs0273 7.056190 0.151230 0.000000
rs0275 7.135410 0.158430 0.057620
rs0276 7.056190 0.223250 0.000000
rs0282 7.034580 0.273670 0.007200
rs0306 6.976970 0.367280 0.000000
rs0315 7.135410 0.129630 0.064820
rs0316 6.976970 0.309670 0.000000
rs0318 7.560300 0.194450 0.072010
rs0320 6.976970 0.352880 0.000000
rs0323 7.012980 0.158430 0.007200
rs0334 6.984170 0.252060 0.000000
rs0337 7.020180 0.259260 0.007200
rs0339 7.243430 0.216050 0.000000
rs0341 7.164210 0.172840 0.050410
rs0344 7.279440 0.194440 0.000000
rs0345 7.257830 0.136830 0.072010
rs0349 7.380260 0.180040 0.000000
rs0350 7.229030 0.460900 0.036010
rs0351 7.099400 0.252060 0.000000
rs0354 7.329850 0.237650 0.050410
rs0358 6.976970 0.244860 0.000000
rs0373 7.164210 0.273660 0.057610
rs0386 7.301040 0.273670 0.000000
rs0391 6.976970 0.208850 -0.014400
rs0392 7.610710 0.252060 0.000000
rs0393 7.063390 0.129630 0.043210
rs0406 7.121000 0.079220 0.000000
rs0416 7.257830 0.129630 0.079210
rs0419 7.027380 0.396090 0.000000
rs0421 7.322650 0.136830 0.072020
rs0424 7.293840 0.194450 0.000000
rs0425 6.976970 0.230450 -0.021600
rs0429 7.193020 0.151230 0.000000
rs0430 7.178620 0.144030 0.057620
rs0432 8.186850 0.237650 0.000000
rs0437 7.430670 0.273670 0.064810
rs0440 7.149810 0.093620 0.000000
rs0444 7.178620 0.151230 0.057620
rs0452 6.976970 0.460900 0.000000
rs0460 7.214620 0.165640 0.057610
rs0463 7.387460 0.705760 0.000000
rs0468 7.005780 0.352880 -0.007200
rs0472 7.315450 0.122420 0.000000
rs0473 7.344250 0.187250 0.057610
rs0477 7.632320 0.309670 0.000000
rs0485 7.272240 0.129630 0.072020
rs0493 7.185820 0.201640 0.000000
rs0495 7.099400 0.151230 0.043210
rs0503 7.092200 0.136830 0.000000
rs0505 6.976970 0.518520 -0.064810
rs0508 7.084990 0.158440 0.000000
rs0516 7.250630 0.223250 0.057610
rs0517 7.229030 0.280860 0.000000
rs0519 7.027380 0.280870 0.007200
rs0520 7.113800 0.151240 0.000000
rs0528 7.128200 0.216050 0.086420
rs0532 7.034580 0.295270 0.000000
rs0536 7.257830 0.172840 0.072010
rs0538 6.976970 0.230450 0.000000
rs0541 7.481080 0.201650 0.259250
rs0549 7.084990 0.165640 0.000000
rs0554 7.178620 0.208840 0.122430
rs0555 6.976970 0.244860 0.000000
rs0556 7.913180 0.244860 0.100820
rs0560 6.976970 0.230450 0.000000
rs0571 7.250630 0.136830 0.072010
rs0573 7.185820 0.158430 0.000000
rs0574 7.581910 0.136830 0.381690
rs0582 6.976970 0.180040 0.000000
rs0586 7.286640 0.158440 0.064810
rs0591 6.976970 0.295270 0.000000
rs0612 7.063390 0.064810 0.043210
rs0650 7.365860 0.100820 0.000000
rs0656 7.092200 0.151230 0.057620
rs0660 7.157010 0.223250 0.000000
rs0672 7.301040 0.151240 0.122420
rs0679 6.976970 0.417690 0.000000
rs0724 6.976970 0.331280 -0.057610
rs0731 7.027380 0.259260 0.000000
rs0741 6.976970 0.360080 -0.050410
rs0745 7.106600 0.165640 0.000000
rs0751 7.185820 0.237650 0.122430
rs0763 6.976970 0.266460 0.000000
rs0768 6.976970 0.216050 -0.014400
rs0775 7.099400 0.115220 0.000000
rs0779 6.976970 0.396090 -0.064810
rs0781 6.976970 0.360080 0.000000
rs0788 7.185820 0.180040 0.057620
rs0797 6.976970 0.424900 0.000000
rs0798 7.142610 0.115220 0.086420
rs0804 7.560300 0.194450 0.000000
rs0805 7.625120 0.172840 0.079220
rs0806 6.976970 0.237650 0.000000
rs0808 7.106600 0.036010 0.036010
rs0809 7.257830 0.208850 0.000000
rs0812 7.473880 0.194450 0.302470
rs0815 7.135410 0.151230 0.000000
rs0823 7.236230 0.216050 0.122430
rs0833 7.661130 0.057610 0.000000
rs0839 7.056190 0.252060 0.028810
rs0842 7.308250 0.136830 0.000000
rs0847 6.976970 0.453700 -0.043210
rs0868 6.976970 0.230450 0.000000
rs0869 7.272240 0.230450 0.064820
rs0871 7.077790 0.280870 0.000000
rs0896 7.329850 0.086420 0.122430
rs0906 7.286640 0.151230 0.000000
rs0909 6.998570 0.151240 0.000000
rs0916 7.121000 0.165640 0.000000
rs0932 7.185820 0.165640 0.057620
rs0933 7.157010 0.144030 0.000000
rs0944 7.070590 0.172840 0.036010
rs0950 7.265040 0.280860 0.000000
rs0957 7.430670 0.201650 0.057610
rs0958 6.976970 0.352880 0.000000
rs0959 7.142610 0.136830 0.050410
rs0960 7.185820 0.144030 0.000000
rs0967 6.976970 0.230450 -0.021600
rs0970 6.976970 0.295270 0.000000
rs0974 7.185820 0.158430 0.136830
rs0978 7.243430 0.100820 0.000000
rs0981 7.250630 0.129630 0.079220
rs0983 7.322650 0.201640 0.000000
rs0984 7.084990 0.216050 0.036000
rs0985 7.178620 0.216040 0.000000
rs0991 6.976970 0.309670 -0.043210
rs0995 6.976970 0.266460 0.000000
rs0997 6.976970 0.223250 -0.021600
rs1004 7.279440 0.144030 0.000000
rs1014 7.495490 0.180040 0.079220
rs1016 7.221830 0.201640 0.000000
rs1021 7.092200 0.136830 0.043210
rs1023 7.272240 0.100820 0.000000
rs1025 7.135410 0.100820 0.064820
rs1029 7.041780 0.151240 0.000000
rs1030 7.149810 0.129630 0.050410
rs1035 7.394660 0.230460 0.000000
rs1036 7.286640 0.072020 0.093620
rs1038 7.070590 0.093620 0.000000
rs1046 6.976970 0.324070 -0.028810
rs1047 7.063390 0.122430 0.000000
rs1050 7.142610 0.136830 0.043210
rs1052 6.998570 0.223260 0.000000
rs1055 7.135410 0.151230 0.050420
rs1060 7.617920 0.187240 0.000000
rs1062 7.301040 0.158440 0.216050
rs1072 7.012980 0.180040 0.000000
rs1074 7.243430 0.172840 0.072020
rs1075 7.286640 0.144030 0.000000
rs1081 7.113800 0.172840 0.057610
rs1082 7.229030 0.158430 0.000000
rs1084 6.984170 0.194450 -0.014400
rs1091 7.603510 0.079220 0.000000
rs1098 7.149810 0.158440 0.057610
rs1100 6.991370 0.388890 0.000000
rs1102 7.063390 0.439300 0.014400
rs1103 7.581910 0.302470 0.000000
rs1105 7.113800 0.115230 0.057610
rs1106 6.976970 0.129630 0.000000
rs1109 7.229030 0.223250 0.158440
rs1110 6.976970 0.259260 0.000000
rs1111 7.279440 0.036010 0.036010
rs1112 7.329850 0.093620 0.000000
rs1116 7.092200 0.072010 0.050420
rs1117 7.113800 0.172840 0.000000
rs1118 6.984170 0.273660 -0.028810
rs1121 7.221830 0.187240 0.000000
rs1126 7.171410 0.180050 0.050410
rs1129 7.315450 0.079210 0.000000
rs1131 7.200220 0.201650 0.129630
rs1137 7.027380 0.273660 0.000000
rs1143 7.121000 0.129630 0.043210
rs1150 7.178620 0.144030 0.000000
rs1152 7.099400 0.158430 0.072020
rs1154 6.998570 0.288070 0.000000
rs1159 7.157010 0.158440 0.050410
rs1163 7.221830 0.295260 0.000000
rs1168 7.171410 0.115230 0.122420
rs1169 6.976970 0.237650 0.000000
rs1178 6.976970 0.280860 -0.028810
rs1179 7.106600 0.237650 0.000000
rs1182 6.976970 0.187240 -0.014400
rs1185 6.976970 0.475310 0.000000
rs1188 7.344250 0.172840 0.057610
rs1191 6.976970 0.331280 0.000000
rs1195 6.998570 0.165640 0.000000
rs1197 7.034580 0.172840 0.000000
rs1198 7.229030 0.252050 0.057620
rs1200 7.207420 0.151240 0.000000
rs1209 7.207420 0.280870 0.057610
rs1212 6.976970 0.180040 0.000000
rs1214 7.430670 0.036010 0.028800
rs1220 6.976970 0.388890 0.000000
rs1248 6.976970 0.252060 -0.021600
rs1258 6.976970 0.295270 0.000000
rs1259 7.416270 0.244860 0.064810
rs1264 7.286640 0.158440 0.000000
rs1266 7.236230 0.417690 0.043210
rs1267 7.106600 0.352880 0.000000
rs1270 7.236230 0.273660 0.057610
rs1276 7.243430 0.144030 0.000000
rs1284 7.445080 0.180040 0.064820
rs1290 7.373060 0.187240 0.000000
rs1291 7.128200 0.180050 0.050410
rs1293 6.976970 0.266460 0.000000
rs1296 7.437870 0.165640 0.057610
rs1297 7.286640 0.172840 0.000000
rs1337 6.976970 0.216050 -0.021600
rs1359 7.293840 0.172840 0.000000
rs1437 7.229030 0.158430 0.151240
