rf0001 7.947480 0.065390 0.457730
rf0003 8.732160 0.065390 0.098080
rf0006 8.241740 0.196170 0.130780
rf0007 8.830250 0.065390 0.196170
rf0008 8.961030 inf 0.065390
rf0010 7.947480 0.065390 0.425030
rf0011 8.405210 0.098090 0.065390
rf0014 8.176350 0.130780 0.392340
rf0015 8.535990 0.065390 0.098080
rf0017 7.980180 0.228860 0.294260
rf0019 8.209040 0.163480 0.523120
rf0020 8.372520 0.196170 0.130780
rf0023 8.143650 0.098090 0.457730
rf0024 8.601380 0.098090 0.098080
rf0028 8.176350 0.196170 0.326950
rf0029 8.209040 0.065390 0.326950
rf0030 8.568690 0.098080 0.098090
rf0031 8.241740 0.261560 0.425040
rf0032 8.307130 0.228860 0.130780
rf0033 8.209040 0.065390 0.457730
rf0034 7.947480 0.228870 0.326950
rf0040 8.797550 0.032700 0.098080
rf0042 8.209040 0.098090 0.294250
rf0043 8.830250 0.065390 0.065390
rf0045 7.947480 0.098090 0.392340
rf0048 7.947480 0.261560 0.294250
rf0049 8.209040 0.098090 0.425030
rf0051 7.947480 0.261560 0.326950
rf0053 7.947480 0.130780 0.392340
rf0058 8.307130 0.163470 0.130780
rf0059 7.391660 0.457740 0.000000
rf0060 8.110960 0.098080 0.392340
rf0061 8.209040 0.457730 0.261560
rf0062 8.503300 0.065390 0.130780
rf0064 7.947480 0.000000 0.490420
rf0065 7.947480 0.130780 0.392340
rf0068 8.241740 0.098080 0.490430
rf0071 8.830250 0.032690 0.098090
rf0072 7.358970 0.621210 -0.065390
rf0073 8.209040 0.065390 0.294250
rf0074 8.830250 0.065390 0.196170
rf0076 8.209040 0.098090 0.457730
rf0077 8.209040 0.098090 0.228860
rf0079 8.241740 0.130780 0.261560
rf0083 8.209040 0.098090 0.392340
rf0084 8.339820 0.261560 0.130780
rf0092 8.895640 0.032690 0.098090
rf0098 8.307130 0.065390 0.098090
rf0099 8.176350 0.098080 0.359650
rf0102 8.241740 0.130780 0.392340
rf0104 7.947480 0.196170 0.392340
rf0106 8.274430 0.196170 0.196170
rf0107 7.947480 0.163480 0.359640
rf0108 7.947480 0.032700 0.457730
rf0109 8.470600 0.098090 0.065390
rf0110 8.176350 0.065390 0.490430
rf0111 8.339820 0.130780 0.163470
rf0117 7.947480 0.196170 0.326950
rf0118 7.947480 0.326950 0.294250
rf0119 8.176350 0.130780 0.392340
rf0120 7.358970 0.588510 -0.065390
rf0122 7.914790 0.196170 0.359650
rf0125 8.372520 0.065390 0.065390
rf0126 8.862940 0.065390 0.065390
rf0128 8.274430 0.228870 0.196170
rf0129 8.339820 0.196170 0.130780
rf0132 8.470600 0.065390 0.098080
rf0134 8.568690 0.098080 0.098090
rf0141 8.209040 0.065390 0.555810
rf0143 8.274430 0.098090 0.163470
rf0145 8.437910 0.098080 0.065390
rf0147 8.764860 0.065390 0.163480
rf0150 8.699470 0.032690 0.228870
rf0154 8.241740 0.065390 0.196170
rf0155 8.797550 0.065390 0.261560
rf0156 8.699470 0.098080 0.130780
rf0157 8.143650 0.065390 0.457730
rf0160 8.601380 0.196170 0.196170
rf0164 8.601380 0.065390 0.098080
rf0165 8.732160 0.098090 0.163470
rf0167 8.634080 0.098080 0.098090
rf0169 8.241740 0.326950 0.392340
rf0170 8.405210 0.065390 0.098080
rf0171 8.830250 0.065390 0.098090
rf0172 8.634080 0.130780 0.261560
rf0173 8.372520 0.098080 0.065390
rf0175 8.274430 0.098090 0.196170
rf0176 8.601380 0.065390 0.098080
rf0177 8.209040 0.098090 0.196170
rf0179 7.947480 0.163480 0.326950
rf0180 8.307130 0.130780 0.130780
rf0181 8.274430 0.130780 0.228860
rf0191 8.699470 0.065390 0.098090
rf0192 7.947480 0.228870 0.326950
rf0193 8.732160 0.065390 0.098080
rf0195 8.503300 0.130780 0.098090
rf0197 8.241740 0.261560 0.425040
rf0199 7.489750 0.457730 0.032690
rf0201 8.241740 0.032690 0.523120
rf0204 8.241740 0.294250 0.425040
rf0205 8.699470 0.065390 0.130780
rf0206 8.764860 0.065390 0.163480
rf0207 8.209040 0.098090 0.392340
rf0209 8.862940 0.065390 0.098080
rf0210 7.947480 0.196170 0.326950
rf0216 8.764860 0.065390 0.130780
rf0217 8.764860 0.065390 0.130780
rf0218 8.209040 0.555820 0.228860
rf0223 8.732160 0.032700 0.098080
rf0226 8.339820 0.163480 0.163470
rf0227 8.274430 0.130780 0.163470
rf0229 8.568690 0.098080 0.065390
rf0234 8.601380 0.098090 0.098080
rf0236 7.947480 0.196170 0.326950
rf0237 8.732160 0.065390 0.098080
rf0238 8.143650 0.098090 0.490420
rf0241 7.947480 0.098090 0.457730
rf0242 8.339820 0.065390 0.098080
rf0245 8.928330 inf 0.261560
rf0246 7.947480 0.228870 0.359640
rf0247 8.176350 0.098080 0.359650
rf0249 8.535990 0.065390 0.098080
rf0250 7.947480 0.163480 0.359640
rf0251 8.405210 0.098090 0.065390
rf0252 8.241740 0.130780 0.228870
rf0256 8.699470 0.065390 0.098090
rf0257 8.143650 0.098090 0.490420
rf0258 8.274430 0.261560 0.130780
rf0259 8.241740 0.130780 0.228870
rf0262 7.947480 0.130780 0.392340
rf0263 8.274430 0.098090 0.163470
rf0264 8.601380 0.098090 0.098080
rf0265 7.980180 0.228860 0.294260
rf0266 7.947480 0.196170 0.326950
rf0267 8.209040 0.130780 0.130780
rf0268 8.241740 0.098080 0.326950
rf0269 8.209040 0.228870 0.392340
rf0272 7.947480 0.261560 0.326950
rf0273 8.209040 0.065390 0.555810
rf0280 7.947480 0.098090 0.425030
rf0283 8.470600 0.065390 0.098080
rf0284 7.947480 0.196170 0.359640
rf0292 8.699470 0.065390 0.098090
rf0294 8.634080 0.098080 0.065390
rf0296 7.358970 0.326950 inf
rf0297 8.274430 0.098090 0.163470
rf0298 8.241740 0.294250 0.425040
rf0299 8.241740 0.261560 0.425040
rf0300 8.241740 0.065390 0.555820
rf0302 8.241740 0.261560 0.425040
rf0303 8.666770 0.000000 0.784680
rf0305 8.176350 0.163470 0.294260
rf0306 8.241740 0.032690 0.523120
rf0314 8.274430 0.163480 0.196170
rf0316 8.241740 0.261560 0.425040
rf0318 8.241740 0.326950 0.392340
rf0320 7.947480 0.130780 0.425030
rf0322 8.372520 0.261560 0.196170
rf0323 8.339820 0.196170 0.130780
rf0326 8.209040 0.098090 0.425030
rf0328 8.601380 0.098090 0.098080
rf0331 8.176350 0.163470 0.326950
rf0332 8.241740 0.065390 0.523120
rf0333 8.339820 0.130780 0.098080
rf0335 7.947480 0.261560 0.359640
rf0338 8.241740 0.261560 0.425040
rf0339 8.241740 0.294250 0.457730
rf0340 7.980180 0.196170 0.294260
rf0341 8.862940 0.065390 0.130780
rf0342 8.241740 0.000000 0.588510
rf0343 8.241740 0.261560 0.425040
rf0348 8.862940 0.032700 0.130780
rf0351 8.176350 0.130780 0.163480
rf0354 8.241740 0.294250 0.425040
rf0358 7.947480 0.196170 0.326950
rf0360 8.274430 0.228870 0.425030
rf0363 7.947480 0.098090 0.425030
rf0364 8.535990 0.098090 0.098080
rf0365 8.241740 0.065390 0.490430
rf0366 8.241740 0.261560 0.425040
rf0367 7.947480 0.196170 0.425030
rf0368 7.980180 0.196170 0.294260
rf0370 8.176350 0.098080 0.228870
rf0374 8.339820 0.163480 0.130780
rf0376 8.307130 0.098080 0.163480
rf0378 8.372520 0.196170 0.065390
rf0381 8.274430 0.130780 0.196170
rf0383 8.241740 0.098080 0.163480
rf0385 8.241740 0.261560 0.425040
rf0386 8.535990 0.130780 0.098080
rf0387 8.437910 0.196170 0.065390
rf0388 8.732160 0.032700 0.228860
rf0391 8.176350 0.098080 0.425040
rf0392 7.947480 0.163480 0.359640
rf0393 7.947480 0.261560 0.359640
rf0395 8.797550 0.065390 0.065390
rf0396 8.732160 0.065390 0.196170
rf0398 8.241740 0.261560 0.425040
rf0399 8.241740 0.098080 0.163480
rf0400 8.928330 inf 0.065390
rf0401 7.947480 0.130780 0.490420
rf0403 8.274430 0.098090 0.163470
rf0412 8.241740 0.261560 0.425040
rf0413 8.307130 0.098080 0.163480
rf0415 8.470600 0.098090 0.065390
rf0417 8.241740 0.261560 0.425040
rf0418 8.535990 0.196170 0.098080
rf0419 7.947480 0.098090 0.425030
rf0425 8.372520 0.294250 0.098090
rf0426 7.947480 0.228870 0.392340
rf0427 8.568690 0.098080 0.098090
rf0428 8.110960 0.098080 0.359650
rf0430 8.209040 0.098090 0.392340
rf0431 7.947480 0.098090 0.457730
rf0432 8.209040 0.098090 0.294250
rf0433 8.372520 0.261560 0.163480
rf0434 8.176350 0.098080 0.359650
rf0436 8.176350 0.163470 0.425040
rf0439 7.358970 0.621210 -0.065390
rf0441 7.947480 0.098090 0.457730
rf0443 7.947480 0.261560 0.359640
rf0448 8.307130 0.130780 0.163480
rf0450 8.372520 0.098080 0.098090
rf0452 8.503300 0.163470 0.098090
rf0453 8.274430 0.196170 0.163470
rf0454 8.209040 0.130780 0.392340
rf0455 8.764860 0.065390 0.130780
rf0456 8.274430 0.228870 0.163470
rf0459 7.947480 0.032700 0.490420
rf0460 8.666770 0.065390 0.098080
rf0461 8.241740 0.065390 0.228870
rf0462 7.947480 0.261560 0.294250
rf0463 8.535990 0.098090 0.098080
rf0464 7.947480 0.163480 0.392340
rf0465 8.209040 0.130780 0.294250
rf0466 8.307130 0.163470 0.130780
rf0467 8.339820 0.228870 0.163470
rf0471 8.274430 0.228870 0.196170
rf0473 8.535990 0.196170 0.163470
rf0474 7.947480 0.098090 0.425030
rf0476 8.143650 0.130780 0.359640
rf0477 7.947480 0.196170 0.359640
rf0478 8.928330 inf 0.163470
rf0479 7.947480 0.163480 0.392340
rf0480 8.241740 0.098080 0.359650
rf0482 8.241740 0.261560 0.425040
rf0485 7.947480 0.261560 0.359640
rf0487 8.241740 0.294250 0.425040
rf0488 8.241740 0.261560 0.425040
rf0496 7.947480 0.163480 0.425030
rf0497 8.241740 0.392340 0.359650
rf0498 7.947480 0.261560 0.359640
rf0499 8.241740 0.196170 0.457730
rf0500 8.241740 0.065390 0.163480
rf0503 8.241740 0.130780 0.523120
rf0505 8.241740 0.261560 0.425040
rf0507 8.274430 0.228870 0.163470
rf0510 7.947480 0.163480 0.425030
rf0511 8.176350 0.098080 0.523120
rf0513 8.699470 0.065390 0.130780
rf0518 8.176350 0.098080 0.523120
rf0524 8.143650 0.098090 0.457730
rf0545 8.274430 0.294260 0.425030
rf0583 7.947480 0.261560 0.425030
rf0591 8.176350 0.098080 0.359650
rf0607 7.947480 0.163480 0.392340
rf0622 8.143650 0.098090 0.555810
rf0630 7.358970 0.621210 -0.098090
rf0632 8.241740 0.196170 0.457730
rf0642 7.947480 0.032700 0.490420
rf0644 8.209040 0.261560 0.425030
rf0663 7.358970 0.621210 -0.098090
rf0684 8.666770 0.065390 0.163470
rf0693 7.947480 0.261560 0.359640
rf0695 8.241740 0.065390 0.490430
rf0701 8.209040 0.065390 0.523120
rf0707 8.405210 0.065390 0.065390
rf0713 8.176350 0.098080 0.425040
rf0730 8.437910 0.098080 0.065390
rf0739 8.241740 0.326950 0.392340
rf0745 7.947480 0.065390 0.457730
rf0783 7.947480 0.098090 0.457730
rf0795 8.241740 0.000000 0.588510
rs0001 8.176350 0.065390 0.359650
rs0002 8.274430 0.098090 0.163470
rs0003 8.241740 0.261560 0.425040
rs0010 8.110960 0.098080 0.457730
rs0011 8.176350 0.130780 0.359650
rs0012 8.274430 0.098090 0.163470
rs0013 8.241740 0.098080 0.163480
rs0017 8.176350 0.065390 0.392340
rs0019 8.862940 0.032700 0.130780
rs0020 7.457060 0.621200 0.000000
rs0023 8.666770 0.065390 0.130780
rs0030 8.241740 0.098080 0.130780
rs0035 7.947480 0.163480 0.392340
rs0038 8.797550 0.065390 0.392340
rs0039 7.947480 0.065390 0.457730
rs0041 8.339820 0.261560 0.196170
rs0042 8.241740 0.098080 0.555820
rs0045 8.274430 0.130780 0.163470
rs0046 8.797550 0.032700 0.098080
rs0047 8.666770 0.032700 0.523120
rs0048 8.634080 0.098080 0.098090
rs0050 8.764860 0.065390 0.130780
rs0051 8.601380 0.098090 0.098080
rs0052 8.470600 0.098090 0.098080
rs0054 7.947480 0.228870 0.326950
rs0062 7.947480 0.130780 0.359640
rs0063 8.274430 0.130780 0.196170
rs0064 8.699470 0.098080 0.098090
rs0065 8.241740 0.098080 0.326950
rs0068 8.241740 0.163470 0.228870
rs0070 7.947480 0.228870 0.359640
rs0077 8.797550 0.065390 0.098080
rs0081 8.241740 0.261560 0.425040
rs0082 7.947480 0.261560 0.392340
rs0083 7.947480 0.228870 0.294250
rs0084 8.241740 0.261560 0.425040
rs0085 8.307130 0.228860 0.130780
rs0087 8.405210 0.130780 0.098080
rs0088 8.143650 0.098090 0.392340
rs0089 8.601380 0.098090 0.098080
rs0090 7.947480 0.065390 0.490420
rs0092 8.241740 0.261560 0.425040
rs0093 8.764860 0.065390 0.130780
rs0094 8.274430 0.098090 0.130780
rs0095 7.358970 0.588510 -0.032690
rs0096 8.732160 0.032700 0.130780
rs0097 7.947480 0.163480 0.359640
rs0098 8.405210 0.065390 0.065390
rs0099 8.241740 0.392340 0.359650
rs0103 8.862940 0.065390 0.163470
rs0104 8.699470 0.065390 0.130780
rs0105 8.143650 0.098090 0.457730
rs0106 8.176350 0.098080 0.490430
rs0111 7.947480 0.196170 0.392340
rs0113 8.470600 0.065390 0.098080
rs0118 8.307130 0.196170 0.163480
rs0120 8.274430 0.098090 0.130780
rs0121 8.699470 0.065390 0.098090
rs0122 8.143650 0.098090 0.392340
rs0123 8.372520 0.065390 0.065390
rs0124 8.961030 -0.196170 0.751990
rs0126 8.307130 0.098080 0.130780
rs0127 8.274430 0.130780 0.163470
rs0128 8.797550 0.098090 0.098080
rs0129 8.928330 inf 0.098080
rs0130 8.241740 0.098080 0.425040
rs0132 8.176350 0.098080 0.523120
rs0133 8.405210 0.032700 0.098080
rs0134 8.437910 0.065390 0.065390
rs0135 8.568690 0.130780 0.130780
rs0137 8.274430 0.065390 0.163470
rs0138 7.947480 0.261560 0.294250
rs0140 7.358970 0.588510 -0.065390
rs0141 8.143650 0.098090 0.392340
rs0143 8.764860 0.065390 0.098090
rs0145 8.405210 0.098090 0.098080
rs0146 8.176350 0.098080 0.261560
rs0147 8.372520 0.065390 0.065390
rs0148 8.862940 0.065390 0.065390
rs0149 8.307130 0.163470 0.163480
rs0150 7.947480 0.130780 0.392340
rs0153 8.895640 0.032690 0.163480
rs0154 8.176350 0.130780 0.359650
rs0156 8.274430 0.098090 0.163470
rs0158 8.176350 0.130780 0.457730
rs0163 8.568690 0.065390 0.098090
rs0165 8.241740 0.098080 0.196170
rs0166 8.568690 0.098080 0.098090
rs0167 7.980180 0.228860 0.294260
rs0168 7.947480 0.163480 0.359640
rs0170 8.110960 0.098080 0.392340
rs0171 8.209040 0.098090 0.228860
rs0172 8.339820 0.163480 0.163470
rs0174 7.947480 0.228870 0.326950
rs0175 8.307130 0.098080 0.098090
rs0178 8.241740 0.425030 0.326950
rs0179 8.241740 0.359640 0.392340
rs0180 8.339820 0.196170 0.130780
rs0182 8.535990 0.261560 0.130780
rs0183 8.764860 0.032690 0.098090
rs0184 8.241740 0.098080 0.523120
rs0185 8.862940 0.032700 0.228860
rs0188 8.895640 0.032690 0.098090
rs0189 8.241740 0.261560 0.425040
rs0192 8.241740 0.261560 0.425040
rs0193 8.503300 0.098080 0.098090
rs0195 8.241740 0.294250 0.425040
rs0200 7.358970 0.228870 inf
rs0201 8.241740 0.261560 0.425040
rs0203 8.470600 0.065390 0.098080
rs0206 8.764860 0.065390 0.098090
rs0209 8.732160 0.098090 0.098080
rs0210 8.241740 0.130780 0.359650
rs0211 8.601380 0.098090 0.098080
rs0212 8.241740 0.098080 0.294260
rs0215 7.947480 0.163480 0.392340
rs0218 8.241740 0.261560 0.425040
rs0220 7.947480 0.196170 0.326950
rs0221 8.666770 0.065390 0.130780
rs0224 8.372520 0.065390 0.032700
rs0225 8.535990 0.098090 0.098080
rs0226 8.176350 0.098080 0.261560
rs0227 8.764860 0.065390 0.098090
rs0228 8.110960 0.098080 0.392340
rs0231 8.241740 0.098080 0.163480
rs0236 7.947480 0.294260 0.294250
rs0237 8.470600 0.065390 0.098080
rs0240 8.928330 inf 0.032690
rs0241 8.241740 0.065390 0.163480
rs0242 8.307130 0.130780 0.130780
rs0243 8.699470 0.065390 0.130780
rs0246 7.947480 0.261560 0.261560
rs0247 7.391660 0.555820 -0.032700
rs0250 8.601380 0.130780 0.065390
rs0251 8.176350 0.130780 0.392340
rs0255 8.241740 0.065390 0.228870
rs0256 8.241740 0.065390 0.228870
rs0257 8.241740 0.261560 0.425040
rs0259 8.503300 0.065390 0.098090
rs0260 8.568690 0.065390 0.065390
rs0262 7.947480 0.196170 0.294250
rs0263 8.830250 0.065390 0.130780
rs0264 7.358970 0.621210 -0.065390
rs0267 8.241740 0.261560 0.425040
rs0268 8.241740 0.261560 0.425040
rs0269 8.241740 0.326950 0.457730
rs0270 8.928330 0.000000 0.163470
rs0273 8.143650 0.098090 0.326950
rs0274 8.241740 0.098080 0.196170
rs0275 8.241740 0.261560 0.425040
rs0276 8.209040 0.130780 0.163470
rs0277 8.241740 0.261560 0.425040
rs0280 8.830250 0.098080 0.130780
rs0282 8.372520 0.065390 0.065390
rs0283 8.241740 0.130780 0.163480
rs0284 8.176350 0.098080 0.392340
rs0288 8.732160 0.065390 0.228860
rs0289 8.307130 0.130780 0.163480
rs0290 8.241740 0.261560 0.425040
rs0297 8.143650 0.065390 0.457730
rs0303 7.947480 0.261560 0.326950
rs0306 8.339820 0.065390 0.065390
rs0308 8.699470 0.098080 0.098090
rs0313 8.634080 0.098080 0.098090
rs0314 8.307130 0.098080 0.163480
rs0316 8.241740 0.261560 0.425040
rs0318 7.358970 0.621210 -0.098090
rs0320 8.699470 0.065390 0.098090
rs0323 8.241740 0.098080 0.163480
rs0325 7.358970 0.588510 -0.065390
rs0328 8.241740 0.163470 0.425040
rs0330 8.307130 0.359640 0.196170
rs0331 8.339820 0.163480 0.163470
rs0334 8.437910 0.065390 0.098090
rs0336 8.307130 0.228860 0.163480
rs0337 8.307130 0.130780 0.098090
rs0339 8.797550 0.032700 0.098080
rs0340 8.339820 0.163480 0.098080
rs0341 8.143650 0.065390 0.457730
rs0343 8.241740 0.130780 0.196170
rs0344 8.176350 0.098080 0.326950
rs0345 7.358970 0.621210 -0.098090
rs0349 7.391660 0.555820 -0.032700
rs0350 8.372520 0.098080 0.130780
rs0354 8.176350 0.098080 0.359650
rs0358 8.470600 0.065390 0.065390
rs0363 8.209040 0.098090 0.392340
rs0364 7.947480 0.130780 0.457730
rs0365 8.176350 0.098080 0.490430
rs0367 7.555140 0.425040 0.065390
rs0371 8.764860 0.065390 0.098090
rs0372 8.176350 0.098080 0.392340
rs0373 8.307130 0.130780 0.130780
rs0374 8.176350 0.098080 0.425040
rs0376 8.372520 0.294250 0.098090
rs0377 8.437910 0.130780 0.065390
rs0380 8.274430 0.098090 0.163470
rs0384 8.241740 0.098080 0.261560
rs0386 8.241740 0.098080 0.261560
rs0389 7.947480 0.163480 0.359640
rs0391 8.241740 0.261560 0.425040
rs0392 7.947480 0.196170 0.294250
rs0393 8.176350 0.098080 0.326950
rs0394 7.947480 0.065390 0.490420
rs0401 8.634080 0.130780 0.098090
rs0408 8.241740 0.098080 0.163480
rs0409 8.241740 -0.032700 0.653900
rs0410 8.241740 0.261560 0.425040
rs0411 7.947480 0.196170 0.294250
rs0416 8.241740 0.065390 0.523120
rs0417 7.947480 0.228870 0.425030
rs0418 7.947480 0.228870 0.359640
rs0419 8.339820 0.130780 0.130780
rs0420 8.241740 0.294250 0.425040
rs0421 8.961030 -0.098090 0.719290
rs0422 8.241740 0.261560 0.425040
rs0423 8.176350 0.228860 0.425040
rs0424 7.980180 0.163470 0.294260
rs0425 8.241740 0.065390 0.196170
rs0427 8.176350 0.098080 0.425040
rs0428 8.274430 0.261560 0.163470
rs0429 7.947480 0.196170 0.359640
rs0430 7.947480 0.196170 0.392340
rs0432 7.947480 0.000000 0.490420
rs0433 8.372520 0.294250 0.098090
rs0435 8.176350 0.163470 0.326950
rs0437 8.209040 0.065390 0.294250
rs0442 8.241740 0.000000 0.621210
rs0444 7.947480 0.130780 0.425030
rs0449 8.437910 0.163470 0.065390
rs0452 8.503300 0.098080 0.065390
rs0453 8.830250 0.032690 0.228870
rs0454 8.241740 0.261560 0.425040
rs0456 8.241740 0.065390 0.228870
rs0458 8.666770 0.000000 0.588510
rs0460 7.947480 0.163480 0.359640
rs0463 8.241740 0.425030 0.326950
rs0467 8.143650 0.098090 0.425030
rs0468 8.241740 0.261560 0.425040
rs0469 8.241740 0.196170 0.457730
rs0470 7.947480 0.196170 0.359640
rs0472 7.358970 0.555820 -0.032690
rs0473 7.947480 0.196170 0.359640
rs0476 8.241740 0.359640 0.392340
rs0477 8.241740 0.261560 0.425040
rs0480 8.274430 0.098090 0.196170
rs0485 7.947480 0.130780 0.392340
rs0492 8.241740 0.130780 0.555820
rs0493 8.209040 0.098090 0.261560
rs0494 8.241740 0.294250 0.425040
rs0495 7.947480 0.228870 0.294250
rs0496 8.503300 0.163470 0.098090
rs0505 8.764860 0.065390 0.098090
rs0508 7.980180 0.228860 0.294260
rs0512 8.241740 0.261560 0.425040
rs0516 8.143650 0.130780 0.228860
rs0517 8.797550 0.065390 0.098080
rs0519 8.307130 0.098080 0.130780
rs0520 8.143650 0.098090 0.326950
rs0521 8.274430 0.098090 0.130780
rs0522 8.241740 0.000000 0.653900
rs0524 8.241740 0.130780 0.261560
rs0526 8.209040 0.098090 0.196170
rs0528 8.830250 0.032690 0.065390
rs0529 8.209040 0.098090 0.228860
rs0531 8.862940 0.032700 0.065390
rs0532 8.307130 0.098080 0.130780
rs0534 8.241740 0.261560 0.425040
rs0536 8.143650 0.098090 0.359640
rs0538 8.405210 0.065390 0.065390
rs0541 8.797550 0.065390 0.065390
rs0542 8.797550 0.000000 0.653900
rs0543 8.241740 0.228860 0.425040
rs0545 7.947480 0.163480 0.457730
rs0546 8.209040 0.130780 0.228860
rs0548 8.241740 0.098080 0.294260
rs0549 8.209040 0.098090 0.196170
rs0553 8.209040 0.065390 0.392340
rs0554 8.797550 0.032700 0.065390
rs0555 8.568690 0.065390 0.098090
rs0556 7.358970 0.621210 -0.065390
rs0559 8.241740 0.065390 0.228870
rs0560 8.601380 0.065390 0.065390
rs0562 8.274430 0.196170 0.261560
rs0564 8.143650 0.196170 0.359640
rs0566 8.241740 0.065390 0.294260
rs0568 8.176350 0.098080 0.326950
rs0571 7.947480 0.098090 0.457730
rs0572 8.601380 0.163480 0.098080
rs0573 7.947480 0.261560 0.294250
rs0574 8.797550 0.032700 0.130780
rs0578 8.764860 0.098080 0.130780
rs0579 8.307130 0.065390 0.163480
rs0585 8.241740 0.032690 0.555820
rs0586 7.947480 0.163480 0.359640
rs0588 8.241740 0.163470 0.228870
rs0591 8.405210 0.065390 0.065390
rs0598 8.699470 0.098080 0.098090
rs0599 8.372520 0.098080 0.098090
rs0602 8.437910 0.196170 0.163480
rs0609 8.307130 0.098080 0.130780
rs0615 8.470600 0.098090 0.065390
rs0616 8.307130 0.098080 0.294260
rs0617 8.961030 inf 0.196170
rs0618 8.274430 0.163480 0.294250
rs0620 8.241740 0.130780 0.163480
rs0623 7.947480 0.196170 0.359640
rs0626 8.241740 0.098080 0.457730
rs0627 8.601380 0.130780 0.098080
rs0630 8.110960 0.130780 0.326950
rs0637 8.634080 0.130780 0.130780
rs0638 8.764860 0.065390 0.163480
rs0640 8.339820 0.261560 0.163470
rs0641 8.339820 0.163480 0.130780
rs0644 8.241740 0.130780 0.294260
rs0645 8.601380 0.130780 0.130780
rs0656 8.241740 0.261560 0.425040
rs0660 8.764860 0.065390 0.065390
rs0667 8.437910 0.098080 0.065390
rs0670 7.358970 0.065390 inf
rs0671 8.176350 0.098080 0.326950
rs0677 8.339820 0.326950 0.130780
rs0679 8.535990 0.098090 0.098080
rs0691 8.830250 0.065390 0.098090
rs0696 8.961030 inf 0.130780
rs0703 8.797550 0.065390 0.130780
rs0708 8.470600 0.065390 0.098080
rs0710 8.241740 0.130780 0.163480
rs0713 7.358970 0.621210 -0.065390
rs0720 7.653230 0.326950 0.130780
rs0722 8.241740 0.163470 0.261560
rs0724 8.764860 0.065390 0.098090
rs0726 8.209040 0.065390 0.425030
rs0727 8.307130 0.163470 0.130780
rs0731 8.307130 0.130780 0.163480
rs0733 8.470600 0.098090 0.065390
rs0734 8.437910 0.065390 0.098090
rs0738 8.437910 0.098080 0.065390
rs0740 8.209040 0.098090 0.261560
rs0741 8.732160 0.065390 0.098080
rs0743 7.947480 0.196170 0.359640
rs0744 8.535990 0.130780 0.098080
rs0746 8.405210 0.392340 0.163470
rs0747 8.699470 0.098080 0.130780
rs0751 8.830250 0.032690 0.098090
rs0752 8.307130 0.163470 0.196170
rs0754 8.568690 0.130780 0.098090
rs0756 8.143650 0.098090 0.359640
rs0758 8.568690 0.098080 0.065390
rs0763 8.437910 0.196170 0.130780
rs0766 8.241740 0.294250 0.294260
rs0767 8.209040 0.130780 0.425030
rs0768 8.339820 0.098090 0.130780
rs0769 8.307130 0.261560 0.228870
rs0774 8.176350 0.130780 0.392340
rs0775 7.947480 0.065390 0.425030
rs0777 7.947480 0.130780 0.425030
rs0778 8.961030 inf 0.719290
rs0779 8.732160 0.065390 0.130780
rs0781 8.732160 0.032700 0.294250
rs0782 7.947480 0.130780 0.392340
rs0786 8.143650 0.098090 0.425030
rs0788 8.176350 0.065390 0.392340
rs0790 8.176350 0.098080 0.490430
rs0793 8.307130 0.196170 0.130780
rs0794 8.372520 0.326950 0.098090
rs0797 8.470600 0.065390 0.065390
rs0799 7.947480 0.261560 0.326950
rs0800 8.241740 0.098080 0.196170
rs0802 8.143650 0.098090 0.425030
rs0804 7.947480 0.130780 0.392340
rs0805 7.358970 0.555820 -0.032690
rs0806 8.601380 0.065390 0.098080
rs0809 8.797550 0.065390 0.098080
rs0810 8.209040 0.098090 0.457730
rs0811 8.666770 0.065390 0.098080
rs0812 8.797550 0.032700 0.098080
rs0815 7.947480 0.163480 0.359640
rs0818 7.947480 0.261560 0.294250
rs0823 8.862940 0.032700 0.065390
rs0828 8.307130 0.196170 0.163480
rs0831 8.764860 0.065390 0.130780
rs0832 8.176350 0.098080 0.359650
rs0833 8.503300 0.196170 0.098090
rs0834 8.437910 0.098080 0.065390
rs0836 8.830250 0.065390 0.130780
rs0838 8.568690 0.130780 0.098090
rs0839 8.764860 0.032690 0.098090
rs0840 8.209040 0.098090 0.261560
rs0842 7.947480 0.032700 0.490420
rs0843 8.666770 0.130780 0.163470
rs0845 8.503300 0.196170 0.130780
rs0846 8.176350 0.098080 0.130780
rs0847 8.666770 0.032700 0.130780
rs0850 8.732160 0.065390 0.130780
rs0853 8.274430 0.294260 0.130780
rs0854 8.274430 0.196170 0.196170
rs0855 8.699470 0.065390 0.130780
rs0856 8.961030 inf 0.065390
rs0860 8.241740 0.261560 0.425040
rs0865 8.535990 0.163480 0.098080
rs0866 8.601380 0.163480 0.098080
rs0868 8.535990 0.065390 0.098080
rs0869 8.209040 0.098090 0.196170
rs0871 8.307130 0.098080 0.163480
rs0872 8.241740 0.228860 0.196170
rs0880 8.405210 0.098090 0.065390
rs0887 8.568690 0.163470 0.098090
rs0891 8.764860 0.065390 0.130780
rs0892 7.358970 0.163480 inf
rs0893 7.980180 0.196170 0.326950
rs0897 8.307130 0.098080 0.163480
rs0899 8.241740 0.261560 0.425040
rs0900 8.241740 0.261560 0.425040
rs0901 7.653230 0.523120 0.130780
rs0906 7.947480 0.228870 0.294250
rs0907 8.241740 0.261560 0.425040
rs0909 8.110960 0.098080 0.359650
rs0916 8.176350 0.098080 0.228870
rs0919 8.209040 0.098090 0.392340
rs0920 8.241740 0.098080 0.326950
rs0921 8.797550 0.098090 0.098080
rs0922 8.274430 0.098090 0.163470
rs0923 7.947480 0.228870 0.326950
rs0927 8.241740 0.032690 0.621210
rs0930 7.947480 0.163480 0.359640
rs0932 7.947480 0.228870 0.392340
rs0933 8.241740 0.261560 0.359650
rs0934 8.274430 0.098090 0.163470
rs0935 8.405210 0.130780 0.098080
rs0944 8.176350 0.098080 0.294260
rs0945 8.372520 0.294250 0.130780
rs0946 8.339820 0.261560 0.163470
rs0948 8.503300 0.163470 0.098090
rs0950 8.241740 0.261560 0.425040
rs0953 8.830250 0.065390 0.130780
rs0957 7.947480 0.163480 0.392340
rs0958 8.666770 0.065390 0.130780
rs0959 7.947480 0.130780 0.457730
rs0960 7.947480 0.130780 0.457730
rs0962 8.437910 0.098080 0.098090
rs0967 8.274430 0.065390 0.163470
rs0968 7.555140 0.490430 0.065390
rs0970 8.568690 0.098080 0.065390
rs0976 7.947480 0.130780 0.425030
rs0977 7.358970 0.359650 -0.032690
rs0979 8.241740 0.130780 0.425040
rs0980 8.666770 0.065390 0.130780
rs0981 7.947480 0.228870 0.294250
rs0982 7.358970 0.621210 -0.065390
rs0983 8.176350 0.098080 0.359650
rs0984 8.241740 0.098080 0.130780
rs0985 8.241740 0.065390 0.294260
rs0986 8.241740 0.065390 0.523120
rs0989 8.503300 0.098080 0.065390
rs0991 8.732160 0.065390 0.098080
rs0995 8.568690 0.098080 0.098090
rs0996 8.961030 inf 0.719290
rs0997 8.535990 0.065390 0.098080
rs0999 8.209040 0.163480 0.294250
rs1001 8.241740 0.098080 0.163480
rs1002 8.372520 0.326950 0.098090
rs1003 8.372520 0.261560 0.196170
rs1010 8.961030 inf 0.163480
rs1014 7.947480 0.098090 0.457730
rs1016 8.699470 0.065390 0.163480
rs1017 7.947480 0.228870 0.326950
rs1020 8.176350 0.098080 0.490430
rs1021 8.143650 0.065390 0.392340
rs1028 8.307130 0.163470 0.130780
rs1029 8.176350 0.098080 0.228870
rs1030 7.947480 0.032700 0.490420
rs1031 8.274430 0.228870 0.163470
rs1032 8.209040 0.098090 0.392340
rs1034 8.209040 0.098090 0.359640
rs1035 8.176350 0.098080 0.359650
rs1038 8.241740 0.261560 0.425040
rs1040 8.176350 0.098080 0.425040
rs1041 7.358970 0.686600 -0.065390
rs1043 8.241740 0.261560 0.425040
rs1045 8.274430 0.163480 0.130780
rs1047 8.241740 0.261560 0.457730
rs1048 8.405210 0.065390 0.065390
rs1049 8.601380 0.130780 0.130780
rs1050 8.241740 0.261560 0.425040
rs1052 8.241740 0.425030 0.359650
rs1053 7.947480 0.130780 0.326950
rs1054 8.176350 0.065390 0.555820
rs1055 7.980180 0.228860 0.294260
rs1057 8.503300 0.065390 0.098090
rs1058 8.241740 0.098080 0.359650
rs1059 8.405210 0.130780 0.130780
rs1060 8.241740 0.326950 0.392340
rs1062 8.503300 0.098080 0.065390
rs1065 8.241740 0.098080 0.163480
rs1068 8.339820 0.196170 0.130780
rs1070 8.241740 0.098080 0.163480
rs1072 8.274430 0.130780 0.196170
rs1073 8.241740 0.261560 0.457730
rs1074 8.143650 0.098090 0.392340
rs1076 8.503300 0.228860 0.163480
rs1077 7.914790 0.196170 0.359650
rs1078 8.797550 0.032700 0.457730
rs1079 8.568690 0.130780 0.065390
rs1080 8.470600 0.294260 0.130780
rs1081 8.274430 0.098090 0.163470
rs1082 8.732160 0.065390 0.098080
rs1083 8.372520 0.130780 0.130780
rs1084 8.241740 0.098080 0.163480
rs1087 8.535990 0.163480 0.196170
rs1091 8.666770 0.065390 0.130780
rs1098 8.143650 0.098090 0.359640
rs1100 8.503300 0.065390 0.098090
rs1102 8.241740 0.261560 0.425040
rs1103 8.241740 0.261560 0.425040
rs1104 8.274430 0.163480 0.163470
rs1105 7.947480 0.032700 0.457730
rs1108 8.241740 0.228860 0.326950
rs1109 8.241740 0.359640 0.425040
rs1110 8.503300 0.098080 0.098090
rs1113 7.947480 0.261560 0.326950
rs1114 7.947480 0.261560 0.392340
rs1117 8.241740 0.326950 0.392340
rs1118 8.372520 0.065390 0.065390
rs1119 8.209040 0.261560 0.294250
rs1120 8.241740 0.261560 0.425040
rs1121 8.241740 0.098080 0.163480
rs1122 8.241740 0.130780 0.588510
rs1124 8.241740 0.261560 0.425040
rs1125 8.405210 0.098090 0.098080
rs1126 8.176350 0.065390 0.425040
rs1128 7.980180 0.228860 0.261560
rs1131 8.241740 0.261560 0.425040
rs1132 7.947480 0.196170 0.359640
rs1135 8.241740 0.163470 0.359650
rs1137 8.307130 0.130780 0.098090
rs1142 8.241740 0.130780 0.261560
rs1143 7.947480 0.065390 0.457730
rs1145 8.307130 0.130780 0.163480
rs1146 8.830250 0.065390 0.163480
rs1147 8.241740 0.065390 0.555820
rs1149 8.241740 0.392340 0.359650
rs1151 8.274430 0.163480 0.196170
rs1154 8.307130 0.098080 0.130780
rs1156 8.176350 0.065390 0.425040
rs1157 8.241740 0.392340 0.392340
rs1159 7.947480 0.228870 0.294250
rs1163 8.241740 0.425030 0.359650
rs1164 7.358970 0.588510 -0.065390
rs1165 8.241740 0.000000 0.588510
rs1166 8.241740 0.261560 0.425040
rs1169 8.470600 0.098090 0.065390
rs1170 8.274430 0.130780 0.163470
rs1171 8.339820 0.130780 0.098080
rs1172 7.947480 0.065390 0.490420
rs1174 8.339820 0.196170 0.228860
rs1176 7.358970 0.130780 inf
rs1178 8.470600 0.098090 0.065390
rs1179 8.143650 0.130780 0.163470
rs1182 8.470600 0.098090 0.098080
rs1183 8.699470 0.098080 0.130780
rs1184 8.209040 0.065390 0.392340
rs1185 8.503300 0.098080 0.098090
rs1187 8.241740 0.294250 0.294260
rs1188 8.241740 0.261560 0.425040
rs1191 8.241740 0.261560 0.425040
rs1192 7.947480 0.196170 0.359640
rs1193 8.176350 0.130780 0.523120
rs1195 8.110960 0.130780 0.196170
rs1198 8.241740 0.261560 0.425040
rs1200 7.947480 0.163480 0.359640
rs1202 8.241740 0.065390 0.425040
rs1205 8.405210 0.065390 0.065390
rs1206 7.358970 0.163480 inf
rs1207 8.241740 0.261560 0.425040
rs1208 8.209040 0.098090 0.457730
rs1209 8.209040 0.098090 0.130780
rs1210 8.666770 0.130780 0.130780
rs1211 8.241740 0.294250 0.425040
rs1212 8.241740 0.098080 0.163480
rs1213 8.830250 0.065390 0.098090
rs1217 8.862940 0.032700 0.163470
rs1220 8.634080 0.065390 0.130780
rs1229 8.241740 0.261560 0.425040
rs1236 8.143650 0.065390 0.425030
rs1238 8.437910 0.065390 0.065390
rs1245 8.143650 0.098090 0.425030
rs1248 8.666770 0.032700 0.261560
rs1257 7.947480 0.163480 0.359640
rs1258 8.503300 0.098080 0.065390
rs1259 8.209040 0.065390 0.359640
rs1260 8.209040 0.098090 0.425030
rs1261 8.241740 0.098080 0.294260
rs1262 8.176350 0.098080 0.425040
rs1263 7.947480 0.196170 0.359640
rs1264 7.947480 0.163480 0.326950
rs1265 8.372520 0.196170 0.098090
rs1266 8.307130 0.130780 0.130780
rs1267 8.862940 0.032700 0.065390
rs1269 7.947480 0.261560 0.359640
rs1270 8.241740 0.098080 0.163480
rs1276 8.241740 0.261560 0.425040
rs1278 8.568690 0.065390 0.098090
rs1280 8.241740 0.130780 0.457730
rs1281 8.176350 0.098080 0.457730
rs1283 7.947480 0.098090 0.457730
rs1284 7.947480 0.098090 0.425030
rs1285 8.274430 0.163480 0.261560
rs1286 8.535990 0.098090 0.098080
rs1289 8.143650 0.065390 0.457730
rs1290 7.947480 0.228870 0.326950
rs1291 8.176350 0.098080 0.294260
rs1292 8.241740 0.261560 0.425040
rs1293 8.437910 0.098080 0.065390
rs1294 8.666770 0.065390 0.098080
rs1295 7.947480 0.294260 0.326950
rs1296 7.358970 0.588510 -0.065390
rs1297 7.947480 0.196170 0.326950
rs1298 7.947480 0.130780 0.392340
rs1299 8.176350 0.065390 0.490430
rs1301 8.928330 inf 0.130780
rs1302 7.947480 0.228870 0.425030
rs1303 8.339820 0.228870 0.228860
rs1304 7.947480 0.261560 0.294250
rs1310 8.241740 0.130780 0.163480
rs1337 8.241740 0.228860 0.425040
rs1359 7.980180 0.196170 0.294260
rs1368 8.470600 0.130780 0.261560
rs1437 8.437910 0.098080 0.065390
rs1518 8.862940 0.032700 0.098080
