00 00 03.22 -01 06 46.39
02 09 56.99 +00 52 35.59
23 32 25.31 -00 50 48.97
23 52 22.67 -00 37 43.20
09 00 51.01 +01 09 40.43
09 31 46.67 +01 03 24.51
09 44 54.12 +02 27 55.13
09 50 14.44 +04 11 56.65
09 53 45.70 +00 47 12.16
10 45 22.56 +01 07 26.55
11 17 29.58 +02 30 15.47
11 18 41.51 +02 37 19.42
11 26 58.08 +02 19 58.80
11 28 59.99 +03 51 14.44
11 52 33.83 +02 01 36.98
12 13 00.29 +00 02 37.87
12 46 08.26 +04 26 36.79
12 55 32.53 +02 56 23.92
12 57 33.69 +03 55 22.08
13 00 51.32 +02 55 29.02
13 13 30.47 +03 21 43.40
13 20 29.68 +04 26 21.18
13 24 35.64 +01 34 36.74
13 26 33.65 +02 10 30.19
13 27 48.51 +03 05 26.31
13 35 04.55 +03 39 38.67
13 38 29.03 +02 31 42.49
13 40 33.83 +04 49 13.01