	#x	Wavelength	A_lambda/E(B-V)
0	3.333333333	3000	5.376226511
1	3.33000333	3003	5.368465275
2	3.326679973	3006	5.360721083
3	3.323363244	3009	5.352993865
4	3.320053121	3012	5.345283554
5	3.316749585	3015	5.337590081
6	3.313452618	3018	5.329913379
7	3.310162198	3021	5.322253382
8	3.306878307	3024	5.314610024
9	3.303600925	3027	5.306983238
10	3.300330033	3030	5.29937296
11	3.297065612	3033	5.490049927
12	3.293807642	3036	5.483833539
13	3.290556104	3039	5.477629424
14	3.28731098	3042	5.471437546
15	3.28407225	3045	5.465257869
16	3.280839895	3048	5.459090356
17	3.277613897	3051	5.452934972
18	3.274394237	3054	5.446791681
19	3.271180896	3057	5.440660448
20	3.267973856	3060	5.434541237
21	3.264773098	3063	5.428434012
22	3.261578604	3066	5.422338739
23	3.258390355	3069	5.416255383
24	3.255208333	3072	5.410183908
25	3.25203252	3075	5.40412428
26	3.248862898	3078	5.398076464
27	3.245699448	3081	5.392040425
28	3.242542153	3084	5.38601613
29	3.239390994	3087	5.380003544
30	3.236245955	3090	5.374002633
31	3.233107016	3093	5.368013363
32	3.22997416	3096	5.362035699
33	3.22684737	3099	5.35606961
34	3.223726628	3102	5.35011506
35	3.220611916	3105	5.344172016
36	3.217503218	3108	5.338240446
37	3.214400514	3111	5.332320315
38	3.211303789	3114	5.326411591
39	3.208213025	3117	5.320514242
40	3.205128205	3120	5.314628233
41	3.202049312	3123	5.308753532
42	3.198976328	3126	5.302890107
43	3.195909236	3129	5.297037926
44	3.19284802	3132	5.291196956
45	3.189792663	3135	5.285367165
46	3.186743149	3138	5.27954852
47	3.183699459	3141	5.273740991
48	3.180661578	3144	5.267944544
49	3.177629488	3147	5.262159149
50	3.174603175	3150	5.256384773
51	3.17158262	3153	5.250621386
52	3.168567807	3156	5.244868956
53	3.165558721	3159	5.239127452
54	3.162555345	3162	5.233396843
55	3.159557662	3165	5.227677097
56	3.156565657	3168	5.221968184
57	3.153579313	3171	5.216270073
58	3.150598614	3174	5.210582734
59	3.147623544	3177	5.204906135
60	3.144654088	3180	5.199240247
61	3.141690229	3183	5.19358504
62	3.138731952	3186	5.187940482
63	3.135779241	3189	5.182306545
64	3.13283208	3192	5.176683198
65	3.129890454	3195	5.171070411
66	3.126954346	3198	5.165468154
67	3.124023743	3201	5.159876399
68	3.121098627	3204	5.154295115
69	3.118178983	3207	5.148724273
70	3.115264798	3210	5.143163843
71	3.112356054	3213	5.137613798
72	3.109452736	3216	5.132074107
73	3.106554831	3219	5.126544741
74	3.103662322	3222	5.121025673
75	3.100775194	3225	5.115516872
76	3.097893432	3228	5.110018311
77	3.095017023	3231	5.104529961
78	3.092145949	3234	5.099051793
79	3.089280198	3237	5.093583779
80	3.086419753	3240	5.088125891
81	3.083564601	3243	5.082678101
82	3.080714726	3246	5.077240381
83	3.077870114	3249	5.071812703
84	3.07503075	3252	5.066395039
85	3.072196621	3255	5.060987362
86	3.06936771	3258	5.055589643
87	3.066544005	3261	5.050201856
88	3.06372549	3264	5.044823973
89	3.060912152	3267	5.039455967
90	3.058103976	3270	5.03409781
91	3.055300947	3273	5.028749475
92	3.052503053	3276	5.023410937
93	3.049710278	3279	5.018082166
94	3.046922608	3282	5.012763138
95	3.04414003	3285	5.007453824
96	3.04136253	3288	5.0021542
97	3.038590094	3291	4.996864237
98	3.035822708	3294	4.99158391
99	3.033060358	3297	4.986313192
100	3.03030303	3300	4.981052057
101	3.027550711	3303	4.975800479
102	3.024803388	3306	4.970558433
103	3.022061046	3309	4.965325891
104	3.019323671	3312	4.960102829
105	3.016591252	3315	4.95488922
106	3.013863773	3318	4.949685039
107	3.011141223	3321	4.94449026
108	3.008423586	3324	4.939304858
109	3.005710851	3327	4.934128808
110	3.003003003	3330	4.928962084
111	3.00030003	3333	4.923804661
112	2.997601918	3336	4.918656514
113	2.994908655	3339	4.913517617
114	2.992220227	3342	4.908387947
115	2.989536622	3345	4.903267478
116	2.986857826	3348	4.898156186
117	2.984183826	3351	4.893054045
118	2.981514609	3354	4.887961031
119	2.978850164	3357	4.882877121
120	2.976190476	3360	4.877802289
121	2.973535534	3363	4.87273651
122	2.970885324	3366	4.867679762
123	2.968239834	3369	4.86263202
124	2.965599051	3372	4.857593259
125	2.962962963	3375	4.852563456
126	2.960331557	3378	4.847542587
127	2.957704821	3381	4.842530628
128	2.955082742	3384	4.837527556
129	2.952465309	3387	4.832533347
130	2.949852507	3390	4.827547976
131	2.947244327	3393	4.822571422
132	2.944640754	3396	4.81760366
133	2.942041777	3399	4.812644668
134	2.939447384	3402	4.807694421
135	2.936857562	3405	4.802752897
136	2.9342723	3408	4.797820073
137	2.931691586	3411	4.792895927
138	2.929115407	3414	4.787980434
139	2.926543752	3417	4.783073572
140	2.923976608	3420	4.778175319
141	2.921413964	3423	4.773285652
142	2.918855809	3426	4.768404548
143	2.916302129	3429	4.763531985
144	2.913752914	3432	4.75866794
145	2.911208151	3435	4.753812392
146	2.90866783	3438	4.748965317
147	2.906131938	3441	4.744126695
148	2.903600465	3444	4.739296501
149	2.901073397	3447	4.734474716
150	2.898550725	3450	4.729661316
151	2.896032436	3453	4.72485628
152	2.893518519	3456	4.720059587
153	2.891008962	3459	4.715271213
154	2.888503755	3462	4.710491138
155	2.886002886	3465	4.705719341
156	2.883506344	3468	4.700955799
157	2.881014117	3471	4.696200492
158	2.878526195	3474	4.691453397
159	2.876042565	3477	4.686714494
160	2.873563218	3480	4.681983762
161	2.871088142	3483	4.677261179
162	2.868617326	3486	4.672546724
163	2.86615076	3489	4.667840377
164	2.863688431	3492	4.663142117
165	2.861230329	3495	4.658451922
166	2.858776444	3498	4.653769772
167	2.856326764	3501	4.649095646
168	2.853881279	3504	4.644429524
169	2.851439977	3507	4.639771385
170	2.849002849	3510	4.635121209
171	2.846569883	3513	4.630478974
172	2.844141069	3516	4.625844662
173	2.841716397	3519	4.621218251
174	2.839295855	3522	4.616599722
175	2.836879433	3525	4.611989054
176	2.83446712	3528	4.607386228
177	2.832058907	3531	4.602791223
178	2.829654782	3534	4.598204019
179	2.827254736	3537	4.593624596
180	2.824858757	3540	4.589052936
181	2.822466836	3543	4.584489017
182	2.820078962	3546	4.579932821
183	2.817695125	3549	4.575384327
184	2.815315315	3552	4.570843517
185	2.812939522	3555	4.566310371
186	2.810567735	3558	4.561784869
187	2.808199944	3561	4.557266992
188	2.805836139	3564	4.552756721
189	2.803476311	3567	4.548254036
190	2.801120448	3570	4.54375892
191	2.798768542	3573	4.539271351
192	2.796420582	3576	4.534791312
193	2.794076558	3579	4.530318784
194	2.79173646	3582	4.525853747
195	2.789400279	3585	4.521396184
196	2.787068004	3588	4.516946074
197	2.784739627	3591	4.5125034
198	2.782415136	3594	4.508068142
199	2.780094523	3597	4.503640283
200	2.777777778	3600	4.499219804
201	2.77546489	3603	4.494806686
202	2.773155851	3606	4.490400911
203	2.770850651	3609	4.48600246
204	2.76854928	3612	4.481611316
205	2.766251729	3615	4.47722746
206	2.763957988	3618	4.472850874
207	2.761668048	3621	4.468481541
208	2.759381898	3624	4.464119441
209	2.757099531	3627	4.459764557
210	2.754820937	3630	4.455416872
211	2.752546105	3633	4.451076366
212	2.750275028	3636	4.446743024
213	2.748007694	3639	4.442416826
214	2.745744097	3642	4.438097755
215	2.743484225	3645	4.433785794
216	2.74122807	3648	4.429480925
217	2.738975623	3651	4.42518313
218	2.736726875	3654	4.420892393
219	2.734481816	3657	4.416608695
220	2.732240437	3660	4.41233202
221	2.73000273	3663	4.40806235
222	2.727768685	3666	4.403799668
223	2.725538294	3669	4.399543957
224	2.723311547	3672	4.3952952
225	2.721088435	3675	4.391053379
226	2.718868951	3678	4.386818479
227	2.716653083	3681	4.382590481
228	2.714440825	3684	4.378369369
229	2.712232167	3687	4.374155126
230	2.7100271	3690	4.369947736
231	2.707825616	3693	4.365747181
232	2.705627706	3696	4.361553446
233	2.70343336	3699	4.357366513
234	2.701242572	3702	4.353186365
235	2.699055331	3705	4.349012988
236	2.696871629	3708	4.344846363
237	2.694691458	3711	4.340686475
238	2.692514809	3714	4.336533308
239	2.690341673	3717	4.332386844
240	2.688172043	3720	4.328247069
241	2.686005909	3723	4.324113965
242	2.683843264	3726	4.319987516
243	2.681684098	3729	4.315867707
244	2.679528403	3732	4.311754522
245	2.677376171	3735	4.307647944
246	2.675227394	3738	4.303547958
247	2.673082064	3741	4.299454547
248	2.670940171	3744	4.295367696
249	2.668801708	3747	4.29128739
250	2.666666667	3750	4.287213612
251	2.664535039	3753	4.283146347
252	2.662406816	3756	4.279085579
253	2.66028199	3759	4.275031293
254	2.658160553	3762	4.270983473
255	2.656042497	3765	4.266942104
256	2.653927813	3768	4.26290717
257	2.651816494	3771	4.258878656
258	2.649708532	3774	4.254856546
259	2.647603918	3777	4.250840826
260	2.645502646	3780	4.24683148
261	2.643404705	3783	4.242828494
262	2.64131009	3786	4.238831851
263	2.639218791	3789	4.234841536
264	2.637130802	3792	4.230857536
265	2.635046113	3795	4.226879834
266	2.632964718	3798	4.222908417
267	2.630886609	3801	4.218943268
268	2.628811777	3804	4.214984373
269	2.626740215	3807	4.211031718
270	2.624671916	3810	4.207085288
271	2.622606871	3813	4.203145067
272	2.620545073	3816	4.199211042
273	2.618486515	3819	4.195283198
274	2.616431188	3822	4.191361519
275	2.614379085	3825	4.187445993
276	2.612330199	3828	4.183536603
277	2.610284521	3831	4.179633336
278	2.608242045	3834	4.175736178
279	2.606202763	3837	4.171845114
280	2.604166667	3840	4.167960129
281	2.60213375	3843	4.164081211
282	2.600104004	3846	4.160208343
283	2.598077423	3849	4.156341513
284	2.596053998	3852	4.152480705
285	2.594033722	3855	4.148625907
286	2.592016589	3858	4.144777104
287	2.59000259	3861	4.140934282
288	2.587991718	3864	4.137097427
289	2.585983967	3867	4.133266525
290	2.583979328	3870	4.129441563
291	2.581977795	3873	4.125622526
292	2.57997936	3876	4.121809401
293	2.577984016	3879	4.118002174
294	2.575991757	3882	4.114200831
295	2.574002574	3885	4.11040536
296	2.572016461	3888	4.106615745
297	2.57003341	3891	4.102831974
298	2.568053416	3894	4.099054034
299	2.566076469	3897	4.09528191
300	2.564102564	3900	4.091515589
301	2.562131694	3903	4.087755058
302	2.56016385	3906	4.084000304
303	2.558199028	3909	4.080251313
304	2.556237219	3912	4.076508072
305	2.554278416	3915	4.072770568
306	2.552322614	3918	4.069038787
307	2.550369804	3921	4.065312717
308	2.54841998	3924	4.061592344
309	2.546473135	3927	4.057877656
310	2.544529262	3930	4.054168638
311	2.542588355	3933	4.050465279
312	2.540650407	3936	4.046767566
313	2.53871541	3939	4.043075485
314	2.536783359	3942	4.039389023
315	2.534854246	3945	4.035708168
316	2.532928065	3948	4.032032907
317	2.531004809	3951	4.028363228
318	2.529084471	3954	4.024699117
319	2.527167046	3957	4.021040562
320	2.525252525	3960	4.01738755
321	2.523340903	3963	4.013740069
322	2.521432173	3966	4.010098106
323	2.519526329	3969	4.006461649
324	2.517623364	3972	4.002830685
325	2.51572327	3975	3.999205201
326	2.513826043	3978	3.995585186
327	2.511931675	3981	3.991970627
328	2.510040161	3984	3.988361511
329	2.508151492	3987	3.984757826
330	2.506265664	3990	3.981159561
331	2.50438267	3993	3.977566703
332	2.502502503	3996	3.973979239
333	2.500625156	3999	3.970397158
334	2.498750625	4002	3.966820447
335	2.496878901	4005	3.963249095
336	2.49500998	4008	3.959683089
337	2.493143854	4011	3.956122417
338	2.491280518	4014	3.952567068
339	2.489419965	4017	3.949017029
340	2.487562189	4020	3.945472288
341	2.485707184	4023	3.941932835
342	2.483854943	4026	3.938398656
343	2.48200546	4029	3.934869741
344	2.48015873	4032	3.931346076
345	2.478314746	4035	3.927827652
346	2.476473502	4038	3.924314455
347	2.474634991	4041	3.920806475
348	2.472799209	4044	3.917303699
349	2.470966148	4047	3.913806117
350	2.469135802	4050	3.910313716
351	2.467308167	4053	3.906826485
352	2.465483235	4056	3.903344413
353	2.463661	4059	3.899867488
354	2.461841457	4062	3.896395699
355	2.4600246	4065	3.892929035
356	2.458210423	4068	3.889467483
357	2.456398919	4071	3.886011033
358	2.454590083	4074	3.882559674
359	2.45278391	4077	3.879113394
360	2.450980392	4080	3.875672182
361	2.449179525	4083	3.872236026
362	2.447381302	4086	3.868804917
363	2.445585718	4089	3.865378842
364	2.443792766	4092	3.861957791
365	2.442002442	4095	3.858541752
366	2.440214739	4098	3.855130715
367	2.438429651	4101	3.851724669
368	2.436647173	4104	3.848323602
369	2.4348673	4107	3.844927503
370	2.433090024	4110	3.841536363
371	2.431315342	4113	3.838150169
372	2.429543246	4116	3.834768912
373	2.427773731	4119	3.83139258
374	2.426006793	4122	3.828021162
375	2.424242424	4125	3.824654649
376	2.42248062	4128	3.821293028
377	2.420721375	4131	3.817936291
378	2.418964683	4134	3.814584425
379	2.417210539	4137	3.81123742
380	2.415458937	4140	3.807895266
381	2.413709872	4143	3.804557952
382	2.411963338	4146	3.801225468
383	2.41021933	4149	3.797897803
384	2.408477842	4152	3.794574947
385	2.406738869	4155	3.79125689
386	2.405002405	4158	3.78794362
387	2.403268445	4161	3.784635128
388	2.401536984	4164	3.781331403
389	2.399808015	4167	3.778032435
390	2.398081535	4170	3.774738214
391	2.396357537	4173	3.771448729
392	2.394636015	4176	3.768163971
393	2.392916966	4179	3.764883928
394	2.391200383	4182	3.761608592
395	2.38948626	4185	3.758337952
396	2.387774594	4188	3.755071997
397	2.386065378	4191	3.751810718
398	2.384358608	4194	3.748554104
399	2.382654277	4197	3.745302146
400	2.380952381	4200	3.742054834
401	2.379252915	4203	3.738812157
402	2.377555873	4206	3.735574107
403	2.37586125	4209	3.732340672
404	2.374169041	4212	3.729111843
405	2.372479241	4215	3.72588761
406	2.370791844	4218	3.722667964
407	2.369106847	4221	3.719452895
408	2.367424242	4224	3.716242392
409	2.365744026	4227	3.713036446
410	2.364066194	4230	3.709835048
411	2.362390739	4233	3.706638188
412	2.360717658	4236	3.703445855
413	2.359046945	4239	3.700258042
414	2.357378595	4242	3.697074737
415	2.355712603	4245	3.693895931
416	2.354048964	4248	3.690721616
417	2.352387673	4251	3.68755178
418	2.350728726	4254	3.684386416
419	2.349072117	4257	3.681225513
420	2.34741784	4260	3.678069062
421	2.345765893	4263	3.674917053
422	2.344116268	4266	3.671769478
423	2.342468962	4269	3.668626327
424	2.34082397	4272	3.66548759
425	2.339181287	4275	3.662353258
426	2.337540907	4278	3.659223323
427	2.335902826	4281	3.656097774
428	2.33426704	4284	3.652976602
429	2.332633543	4287	3.649859799
430	2.331002331	4290	3.646747355
431	2.329373399	4293	3.643639261
432	2.327746741	4296	3.640535508
433	2.326122354	4299	3.637436087
434	2.324500232	4302	3.634340989
435	2.322880372	4305	3.631250204
436	2.321262767	4308	3.628163724
437	2.319647414	4311	3.62508154
438	2.318034307	4314	3.622003643
439	2.316423442	4317	3.618930023
440	2.314814815	4320	3.615860672
441	2.31320842	4323	3.612795582
442	2.311604253	4326	3.609734742
443	2.31000231	4329	3.606678145
444	2.308402585	4332	3.603625781
445	2.306805075	4335	3.600577642
446	2.305209774	4338	3.597533719
447	2.303616678	4341	3.594494004
448	2.302025783	4344	3.591458486
449	2.300437083	4347	3.588427159
450	2.298850575	4350	3.585400013
451	2.297266253	4353	3.582377039
452	2.295684114	4356	3.579358229
453	2.294104152	4359	3.576343574
454	2.292526364	4362	3.573333066
455	2.290950745	4365	3.570326696
456	2.289377289	4368	3.567324456
457	2.287805994	4371	3.564326337
458	2.286236854	4374	3.561332331
459	2.284669865	4377	3.558342429
460	2.283105023	4380	3.555356622
461	2.281542323	4383	3.552374903
462	2.27998176	4386	3.549397263
463	2.278423331	4389	3.546423693
464	2.276867031	4392	3.543454186
465	2.275312856	4395	3.540488733
466	2.2737608	4398	3.537527325
467	2.272210861	4401	3.534569955
468	2.270663034	4404	3.531616613
469	2.269117313	4407	3.528667293
470	2.267573696	4410	3.525721985
471	2.266032178	4413	3.522780682
472	2.264492754	4416	3.519843375
473	2.26295542	4419	3.516910057
474	2.261420172	4422	3.513980718
475	2.259887006	4425	3.511055352
476	2.258355917	4428	3.508133949
477	2.256826901	4431	3.505216502
478	2.255299955	4434	3.502303003
479	2.253775073	4437	3.499393444
480	2.252252252	4440	3.496487817
481	2.250731488	4443	3.493586113
482	2.249212776	4446	3.490688326
483	2.247696111	4449	3.487794446
484	2.246181491	4452	3.484904467
485	2.244668911	4455	3.48201838
486	2.243158367	4458	3.479136177
487	2.241649854	4461	3.476257851
488	2.240143369	4464	3.473383393
489	2.238638908	4467	3.470512796
490	2.237136465	4470	3.467646053
491	2.235636038	4473	3.464783155
492	2.234137623	4476	3.461924094
493	2.232641215	4479	3.459068864
494	2.231146809	4482	3.456217456
495	2.229654404	4485	3.453369862
496	2.228163993	4488	3.450526076
497	2.226675573	4491	3.447686088
498	2.225189141	4494	3.444849893
499	2.223704692	4497	3.442017481
500	2.222222222	4500	3.439188846
501	2.220741728	4503	3.43636398
502	2.219263205	4506	3.433542876
503	2.217786649	4509	3.430725525
504	2.216312057	4512	3.427911921
505	2.214839424	4515	3.425102056
506	2.213368747	4518	3.422295922
507	2.211900022	4521	3.419493513
508	2.210433245	4524	3.41669482
509	2.208968412	4527	3.413899837
510	2.207505519	4530	3.411108556
511	2.206044562	4533	3.408320969
512	2.204585538	4536	3.40553707
513	2.203128442	4539	3.40275685
514	2.201673272	4542	3.399980303
515	2.200220022	4545	3.397207422
516	2.19876869	4548	3.394438199
517	2.19731927	4551	3.391672626
518	2.195871761	4554	3.388910698
519	2.194426158	4557	3.386152406
520	2.192982456	4560	3.383397743
521	2.191540653	4563	3.380646702
522	2.190100745	4566	3.377899277
523	2.188662727	4569	3.375155459
524	2.187226597	4572	3.372415242
525	2.18579235	4575	3.369678619
526	2.184359983	4578	3.366945583
527	2.182929491	4581	3.364216126
528	2.181500873	4584	3.361490242
529	2.180074123	4587	3.358767923
530	2.178649237	4590	3.356049163
531	2.177226214	4593	3.353333955
532	2.175805048	4596	3.350622291
533	2.174385736	4599	3.347914165
534	2.172968275	4602	3.345209569
535	2.17155266	4605	3.342508498
536	2.170138889	4608	3.339810944
537	2.168726957	4611	3.3371169
538	2.167316862	4614	3.334426359
539	2.165908599	4617	3.331739314
540	2.164502165	4620	3.32905576
541	2.163097556	4623	3.326375688
542	2.161694769	4626	3.323699092
543	2.1602938	4629	3.321025965
544	2.158894646	4632	3.318356302
545	2.157497303	4635	3.315690094
546	2.156101768	4638	3.313027335
547	2.154708037	4641	3.310368019
548	2.153316107	4644	3.307712138
549	2.151925974	4647	3.305059687
550	2.150537634	4650	3.302410658
551	2.149151085	4653	3.299765045
552	2.147766323	4656	3.297122841
553	2.146383344	4659	3.29448404
554	2.145002145	4662	3.291848636
555	2.143622722	4665	3.28921662
556	2.142245073	4668	3.286587988
557	2.140869193	4671	3.283962733
558	2.139495079	4674	3.281340847
559	2.138122728	4677	3.278722325
560	2.136752137	4680	3.27610716
561	2.135383301	4683	3.273495346
562	2.134016219	4686	3.270886876
563	2.132650885	4689	3.268281743
564	2.131287298	4692	3.265679942
565	2.129925453	4695	3.263081466
566	2.128565347	4698	3.260486309
567	2.127206977	4701	3.257894464
568	2.12585034	4704	3.255305925
569	2.124495432	4707	3.252720685
570	2.123142251	4710	3.250138739
571	2.121790791	4713	3.24756008
572	2.120441052	4716	3.244984701
573	2.119093028	4719	3.242412597
574	2.117746717	4722	3.239843761
575	2.116402116	4725	3.237278187
576	2.115059222	4728	3.234715869
577	2.11371803	4731	3.232156801
578	2.112378538	4734	3.229600976
579	2.111040743	4737	3.227048388
580	2.109704641	4740	3.224499032
581	2.10837023	4743	3.2219529
582	2.107037505	4746	3.219409988
583	2.105706465	4749	3.216870288
584	2.104377104	4752	3.214333794
585	2.103049422	4755	3.211800502
586	2.101723413	4758	3.209270404
587	2.100399076	4761	3.206743494
588	2.099076406	4764	3.204219767
589	2.097755402	4767	3.201699217
590	2.096436059	4770	3.199181837
591	2.095118374	4773	3.196667621
592	2.093802345	4776	3.194156564
593	2.092487968	4779	3.19164866
594	2.09117524	4782	3.189143902
595	2.089864159	4785	3.186642286
596	2.08855472	4788	3.184143804
597	2.087246921	4791	3.181648451
598	2.085940759	4794	3.179156221
599	2.084636231	4797	3.176667108
600	2.083333333	4800	3.174181107
601	2.082032063	4803	3.171698211
602	2.080732418	4806	3.169218415
603	2.079434394	4809	3.166741713
604	2.078137988	4812	3.164268099
605	2.076843198	4815	3.161797567
606	2.075550021	4818	3.159330112
607	2.074258453	4821	3.156865728
608	2.072968491	4824	3.15440441
609	2.071680133	4827	3.15194615
610	2.070393375	4830	3.149490945
611	2.069108214	4833	3.147038787
612	2.067824648	4836	3.144589672
613	2.066542674	4839	3.142143593
614	2.065262288	4842	3.139700546
615	2.063983488	4845	3.137260524
616	2.062706271	4848	3.134823522
617	2.061430633	4851	3.132389534
618	2.060156572	4854	3.129958554
619	2.058884085	4857	3.127530578
620	2.057613169	4860	3.125105599
621	2.056343821	4863	3.122683613
622	2.055076038	4866	3.120264612
623	2.053809817	4869	3.117848593
624	2.052545156	4872	3.115435549
625	2.051282051	4875	3.113025474
626	2.0500205	4878	3.110618365
627	2.0487605	4881	3.108214214
628	2.047502048	4884	3.105813017
629	2.04624514	4887	3.103414767
630	2.044989775	4890	3.101019461
631	2.043735949	4893	3.098627091
632	2.04248366	4896	3.096237654
633	2.041232905	4899	3.093851143
634	2.03998368	4902	3.091467553
635	2.038735984	4905	3.089086878
636	2.037489813	4908	3.086709114
637	2.036245164	4911	3.084334255
638	2.035002035	4914	3.081962296
639	2.033760423	4917	3.079593231
640	2.032520325	4920	3.077227056
641	2.031281739	4923	3.074863764
642	2.030044661	4926	3.07250335
643	2.028809089	4929	3.07014581
644	2.02757502	4932	3.067791138
645	2.026342452	4935	3.065439329
646	2.025111381	4938	3.063090377
647	2.023881805	4941	3.060744278
648	2.022653722	4944	3.058401026
649	2.021427128	4947	3.056060616
650	2.02020202	4950	3.053723043
651	2.018978397	4953	3.051388302
652	2.017756255	4956	3.049056387
653	2.016535592	4959	3.046727294
654	2.015316405	4962	3.044401017
655	2.014098691	4965	3.042077551
656	2.012882448	4968	3.039756891
657	2.011667673	4971	3.037439032
658	2.010454363	4974	3.03512397
659	2.009242516	4977	3.032811698
660	2.008032129	4980	3.030502212
661	2.006823199	4983	3.028195507
662	2.005615724	4986	3.025891577
663	2.004409701	4989	3.023590419
664	2.003205128	4992	3.021292026
665	2.002002002	4995	3.018996394
666	2.00080032	4998	3.016703518
667	1.99960008	5001	3.014413393
668	1.998401279	5004	3.012126014
669	1.997203915	5007	3.009841376
670	1.996007984	5010	3.007559474
671	1.994813485	5013	3.005280303
672	1.993620415	5016	3.003003859
673	1.992428771	5019	3.000730135
674	1.99123855	5022	2.998459129
675	1.990049751	5025	2.996190834
676	1.988862371	5028	2.993925246
677	1.987676406	5031	2.991662359
678	1.986491855	5034	2.98940217
679	1.985308716	5037	2.987144673
680	1.984126984	5040	2.984889864
681	1.982946659	5043	2.982637738
682	1.981767737	5046	2.980388289
683	1.980590216	5049	2.978141513
684	1.979414093	5052	2.975897406
685	1.978239367	5055	2.973655963
686	1.977066034	5058	2.971417178
687	1.975894092	5061	2.969181047
688	1.974723539	5064	2.966947566
689	1.973554371	5067	2.96471673
690	1.972386588	5070	2.962488534
691	1.971220185	5073	2.960262973
692	1.970055162	5076	2.958040043
693	1.968891514	5079	2.955819738
694	1.96772924	5082	2.953602055
695	1.966568338	5085	2.951386989
696	1.965408805	5088	2.949174535
697	1.964250638	5091	2.946964689
698	1.963093836	5094	2.944757445
699	1.961938395	5097	2.9425528
700	1.960784314	5100	2.940350748
701	1.959631589	5103	2.938151286
702	1.958480219	5106	2.935954408
703	1.957330202	5109	2.93376011
704	1.956181534	5112	2.931568387
705	1.955034213	5115	2.929379236
706	1.953888238	5118	2.927192651
707	1.952743605	5121	2.925008628
708	1.951600312	5124	2.922827162
709	1.950458358	5127	2.920648249
710	1.949317739	5130	2.918471884
711	1.948178453	5133	2.916298064
712	1.947040498	5136	2.914126783
713	1.945903872	5139	2.911958037
714	1.944768573	5142	2.909791822
715	1.943634597	5145	2.907628133
716	1.942501943	5148	2.905466965
717	1.941370608	5151	2.903308315
718	1.94024059	5154	2.901152178
719	1.939111887	5157	2.89899855
720	1.937984496	5160	2.896847426
721	1.936858416	5163	2.894698802
722	1.935733643	5166	2.892552673
723	1.934610176	5169	2.890409035
724	1.933488012	5172	2.888267884
725	1.93236715	5175	2.886129216
726	1.931247586	5178	2.883993026
727	1.930129319	5181	2.88185931
728	1.929012346	5184	2.879728063
729	1.927896665	5187	2.877599281
730	1.926782274	5190	2.875472961
731	1.92566917	5193	2.873349097
732	1.924557352	5196	2.871227686
733	1.923446817	5199	2.869108723
734	1.922337562	5202	2.866992205
735	1.921229587	5205	2.864878125
736	1.920122888	5208	2.862766482
737	1.919017463	5211	2.86065727
738	1.91791331	5214	2.858550485
739	1.916810427	5217	2.856446123
740	1.915708812	5220	2.85434418
741	1.914608463	5223	2.852244651
742	1.913509376	5226	2.850147533
743	1.912411551	5229	2.848052821
744	1.911314985	5232	2.845960512
745	1.910219675	5235	2.8438706
746	1.90912562	5238	2.841783083
747	1.908032818	5241	2.839697955
748	1.906941266	5244	2.837615213
749	1.905850962	5247	2.835534853
750	1.904761905	5250	2.83345687
751	1.903674091	5253	2.831381261
752	1.902587519	5256	2.829308021
753	1.901502187	5259	2.827237147
754	1.900418092	5262	2.825168633
755	1.899335233	5265	2.823102477
756	1.898253607	5268	2.821038675
757	1.897173212	5271	2.818977221
758	1.896094046	5274	2.816918113
759	1.895016108	5277	2.814861346
760	1.893939394	5280	2.812806916
761	1.892863903	5283	2.81075482
762	1.891789633	5286	2.808705053
763	1.890716582	5289	2.806657611
764	1.889644747	5292	2.80461249
765	1.888574127	5295	2.802569687
766	1.887504719	5298	2.800529198
767	1.886436521	5301	2.798491018
768	1.885369532	5304	2.796455143
769	1.88430375	5307	2.79442157
770	1.883239171	5310	2.792390296
771	1.882175795	5313	2.790361315
772	1.881113619	5316	2.788334624
773	1.880052641	5319	2.786310219
774	1.87899286	5322	2.784288097
775	1.877934272	5325	2.782268253
776	1.876876877	5328	2.780250683
777	1.875820672	5331	2.778235385
778	1.874765654	5334	2.776222353
779	1.873711823	5337	2.774211584
780	1.872659176	5340	2.772203075
781	1.871607711	5343	2.770196821
782	1.870557426	5346	2.768192819
783	1.869508319	5349	2.766191065
784	1.868460389	5352	2.764191555
785	1.867413632	5355	2.762194285
786	1.866368048	5358	2.760199252
787	1.865323634	5361	2.758206451
788	1.864280388	5364	2.75621588
789	1.863238308	5367	2.754227534
790	1.862197393	5370	2.75224141
791	1.86115764	5373	2.750257503
792	1.860119048	5376	2.748275811
793	1.859081614	5379	2.746296329
794	1.858045336	5382	2.744319054
795	1.857010214	5385	2.742343982
796	1.855976244	5388	2.74037111
797	1.854943424	5391	2.738400433
798	1.853911754	5394	2.736431949
799	1.85288123	5397	2.734465652
800	1.851851852	5400	2.732501541
801	1.850823617	5403	2.730539611
802	1.849796522	5406	2.728579858
803	1.848770568	5409	2.726622279
804	1.84774575	5412	2.72466687
805	1.846722068	5415	2.722713628
806	1.84569952	5418	2.720762549
807	1.844678104	5421	2.71881363
808	1.843657817	5424	2.716866866
809	1.842638659	5427	2.714922255
810	1.841620626	5430	2.712979792
811	1.840603718	5433	2.711039475
812	1.839587932	5436	2.709101299
813	1.838573267	5439	2.707165261
814	1.837559721	5442	2.705231358
815	1.836547291	5445	2.703299586
816	1.835535977	5448	2.701369942
817	1.834525775	5451	2.699442421
818	1.833516685	5454	2.697517021
819	1.832508704	5457	2.695593738
820	1.831501832	5460	2.693672568
821	1.830496064	5463	2.691753508
822	1.829491401	5466	2.689836555
823	1.828487841	5469	2.687921705
824	1.82748538	5472	2.686008955
825	1.826484018	5475	2.684098301
826	1.825483753	5478	2.682189739
827	1.824484583	5481	2.680283267
828	1.823486506	5484	2.678378881
829	1.822489521	5487	2.676476577
830	1.821493625	5490	2.674576352
831	1.820498817	5493	2.672678203
832	1.819505095	5496	2.670782126
833	1.818512457	5499	2.668888117
834	1.817520901	5502	2.666996175
835	1.816530427	5505	2.665106294
836	1.815541031	5508	2.663218472
837	1.814552713	5511	2.661332705
838	1.81356547	5514	2.65944899
839	1.8125793	5517	2.657567324
840	1.811594203	5520	2.655687703
841	1.810610176	5523	2.653810125
842	1.809627217	5526	2.651934584
843	1.808645325	5529	2.650061079
844	1.807664497	5532	2.648189606
845	1.806684734	5535	2.646320162
846	1.805706031	5538	2.644452743
847	1.804728388	5541	2.642587347
848	1.803751804	5544	2.640723969
849	1.802776275	5547	2.638862606
850	1.801801802	5550	2.637003256
851	1.800828381	5553	2.635145915
852	1.799856012	5556	2.63329058
853	1.798884691	5559	2.631437247
854	1.797914419	5562	2.629585914
855	1.796945193	5565	2.627736577
856	1.795977011	5568	2.625889232
857	1.795009873	5571	2.624043877
858	1.794043775	5574	2.622200508
859	1.793078716	5577	2.620359123
860	1.792114695	5580	2.618519718
861	1.791151711	5583	2.616682289
862	1.79018976	5586	2.614846834
863	1.789228842	5589	2.613013349
864	1.788268956	5592	2.611181832
865	1.787310098	5595	2.609352279
866	1.786352269	5598	2.607524686
867	1.785395465	5601	2.605699052
868	1.784439686	5604	2.603875372
869	1.78348493	5607	2.602053644
870	1.782531194	5610	2.600233863
871	1.781578479	5613	2.598416029
872	1.780626781	5616	2.596600136
873	1.779676099	5619	2.594786182
874	1.778726432	5622	2.592974165
875	1.777777778	5625	2.59116408
876	1.776830135	5628	2.589355925
877	1.775883502	5631	2.587549696
878	1.774937877	5634	2.585745391
879	1.773993259	5637	2.583943007
880	1.773049645	5640	2.58214254
881	1.772107035	5643	2.580343987
882	1.771165427	5646	2.578547346
883	1.770224819	5649	2.576752613
884	1.769285209	5652	2.574959785
885	1.768346596	5655	2.573168859
886	1.767408978	5658	2.571379833
887	1.766472355	5661	2.569592703
888	1.765536723	5664	2.567807466
889	1.764602082	5667	2.566024119
890	1.76366843	5670	2.564242659
891	1.762735766	5673	2.562463083
892	1.761804087	5676	2.560685389
893	1.760873393	5679	2.558909572
894	1.759943682	5682	2.557135631
895	1.759014952	5685	2.555363562
896	1.758087201	5688	2.553593362
897	1.757160429	5691	2.551825029
898	1.756234633	5694	2.550058559
899	1.755309812	5697	2.54829395
900	1.754385965	5700	2.546531197
901	1.75346309	5703	2.5447703
902	1.752541185	5706	2.543011254
903	1.751620249	5709	2.541254057
904	1.75070028	5712	2.539498705
905	1.749781277	5715	2.537745197
906	1.748863239	5718	2.535993528
907	1.747946163	5721	2.534243697
908	1.747030049	5724	2.5324957
909	1.746114894	5727	2.530749534
910	1.745200698	5730	2.529005197
911	1.744287459	5733	2.527262685
912	1.743375174	5736	2.525521995
913	1.742463844	5739	2.523783126
914	1.741553466	5742	2.522046074
915	1.740644038	5745	2.520310836
916	1.73973556	5748	2.518577409
917	1.73882803	5751	2.516845791
918	1.737921446	5754	2.515115978
919	1.737015807	5757	2.513387968
920	1.736111111	5760	2.511661758
921	1.735207357	5763	2.509937345
922	1.734304544	5766	2.508214727
923	1.733402669	5769	2.5064939
924	1.732501733	5772	2.504774863
925	1.731601732	5775	2.503057611
926	1.730702665	5778	2.501342142
927	1.729804532	5781	2.499628454
928	1.728907331	5784	2.497916543
929	1.728011059	5787	2.496206408
930	1.727115717	5790	2.494498044
931	1.726221302	5793	2.49279145
932	1.725327812	5796	2.491086623
933	1.724435247	5799	2.48938356
934	1.723543606	5802	2.487682257
935	1.722652885	5805	2.485982714
936	1.721763085	5808	2.484284925
937	1.720874204	5811	2.48258889
938	1.71998624	5814	2.480894606
939	1.719099192	5817	2.479202068
940	1.718213058	5820	2.477511276
941	1.717327838	5823	2.475822226
942	1.716443529	5826	2.474134915
943	1.71556013	5829	2.472449342
944	1.714677641	5832	2.470765502
945	1.713796058	5835	2.469083394
946	1.712915382	5838	2.467403014
947	1.71203561	5841	2.465724361
948	1.711156742	5844	2.464047431
949	1.710278775	5847	2.462372222
950	1.709401709	5850	2.460698731
951	1.708525542	5853	2.459026956
952	1.707650273	5856	2.457356893
953	1.7067759	5859	2.455688541
954	1.705902422	5862	2.454021897
955	1.705029838	5865	2.452356957
956	1.704158146	5868	2.45069372
957	1.703287345	5871	2.449032182
958	1.702417433	5874	2.447372342
959	1.701548409	5877	2.445714197
960	1.700680272	5880	2.444057743
961	1.699813021	5883	2.442402979
962	1.698946653	5886	2.440749901
963	1.698081168	5889	2.439098508
964	1.697216565	5892	2.437448796
965	1.696352841	5895	2.435800764
966	1.695489997	5898	2.434154408
967	1.694628029	5901	2.432509726
968	1.693766938	5904	2.430866716
969	1.692906721	5907	2.429225374
970	1.692047377	5910	2.427585699
971	1.691188906	5913	2.425947687
972	1.690331305	5916	2.424311337
973	1.689474573	5919	2.422676645
974	1.68861871	5922	2.42104361
975	1.687763713	5925	2.419412229
976	1.686909582	5928	2.417782498
977	1.686056314	5931	2.416154416
978	1.68520391	5934	2.414527981
979	1.684352367	5937	2.412903189
980	1.683501684	5940	2.411280039
981	1.682651859	5943	2.409658527
982	1.681802893	5946	2.408038651
983	1.680954782	5949	2.406420409
984	1.680107527	5952	2.404803799
985	1.679261125	5955	2.403188817
986	1.678415576	5958	2.401575461
987	1.677570877	5961	2.39996373
988	1.676727029	5964	2.39835362
989	1.675884029	5967	2.396745129
990	1.675041876	5970	2.395138255
991	1.674200569	5973	2.393532994
992	1.673360107	5976	2.391929346
993	1.672520488	5979	2.390327306
994	1.671681712	5982	2.388726874
995	1.670843776	5985	2.387128046
996	1.67000668	5988	2.38553082
997	1.669170422	5991	2.383935194
998	1.668335002	5994	2.382341165
999	1.667500417	5997	2.38074873
1000	1.666666667	6000	2.379157888
1001	1.66583375	6003	2.377568637
1002	1.665001665	6006	2.375980972
1003	1.664170411	6009	2.374394894
1004	1.663339987	6012	2.372810398
1005	1.662510391	6015	2.371227482
1006	1.661681622	6018	2.369646145
1007	1.660853679	6021	2.368066384
1008	1.66002656	6024	2.366488196
1009	1.659200265	6027	2.364911579
1010	1.658374793	6030	2.363336531
1011	1.657550141	6033	2.361763049
1012	1.656726309	6036	2.360191132
1013	1.655903295	6039	2.358620776
1014	1.655081099	6042	2.35705198
1015	1.654259719	6045	2.35548474
1016	1.653439153	6048	2.353919056
1017	1.652619402	6051	2.352354924
1018	1.651800463	6054	2.350792342
1019	1.650982334	6057	2.349231309
1020	1.650165017	6060	2.34767182
1021	1.649348507	6063	2.346113875
1022	1.648532806	6066	2.344557471
1023	1.647717911	6069	2.343002606
1024	1.646903821	6072	2.341449277
1025	1.646090535	6075	2.339897483
1026	1.645278052	6078	2.33834722
1027	1.644466371	6081	2.336798486
1028	1.64365549	6084	2.335251281
1029	1.642845408	6087	2.3337056
1030	1.642036125	6090	2.332161442
1031	1.641227638	6093	2.330618805
1032	1.640419948	6096	2.329077686
1033	1.639613051	6099	2.327538083
1034	1.638806949	6102	2.325999994
1035	1.638001638	6105	2.324463416
1036	1.637197119	6108	2.322928348
1037	1.636393389	6111	2.321394788
1038	1.635590448	6114	2.319862732
1039	1.634788295	6117	2.318332179
1040	1.633986928	6120	2.316803126
1041	1.633186347	6123	2.315275572
1042	1.632386549	6126	2.313749514
1043	1.631587535	6129	2.31222495
1044	1.630789302	6132	2.310701877
1045	1.62999185	6135	2.309180295
1046	1.629195178	6138	2.307660199
1047	1.628399284	6141	2.306141589
1048	1.627604167	6144	2.304624462
1049	1.626809826	6147	2.303108815
1050	1.62601626	6150	2.301594648
1051	1.625223468	6153	2.300081956
1052	1.624431449	6156	2.29857074
1053	1.623640201	6159	2.297060995
1054	1.622849724	6162	2.29555272
1055	1.622060016	6165	2.294045914
1056	1.621271077	6168	2.292540573
1057	1.620482904	6171	2.291036695
1058	1.619695497	6174	2.28953428
1059	1.618908855	6177	2.288033323
1060	1.618122977	6180	2.286533824
1061	1.617337862	6183	2.28503578
1062	1.616553508	6186	2.283539189
1063	1.615769914	6189	2.282044049
1064	1.61498708	6192	2.280550357
1065	1.614205004	6195	2.279058113
1066	1.613423685	6198	2.277567313
1067	1.612643122	6201	2.276077955
1068	1.611863314	6204	2.274590038
1069	1.61108426	6207	2.273103559
1070	1.610305958	6210	2.271618516
1071	1.609528408	6213	2.270134907
1072	1.608751609	6216	2.268652731
1073	1.607975559	6219	2.267171984
1074	1.607200257	6222	2.265692665
1075	1.606425703	6225	2.264214772
1076	1.605651895	6228	2.262738303
1077	1.604878832	6231	2.261263256
1078	1.604106513	6234	2.259789628
1079	1.603334937	6237	2.258317418
1080	1.602564103	6240	2.256846624
1081	1.601794009	6243	2.255377243
1082	1.601024656	6246	2.253909274
1083	1.600256041	6249	2.252442714
1084	1.599488164	6252	2.250977561
1085	1.598721023	6255	2.249513814
1086	1.597954618	6258	2.248051471
1087	1.597188947	6261	2.246590529
1088	1.59642401	6264	2.245130986
1089	1.595659805	6267	2.24367284
1090	1.594896332	6270	2.24221609
1091	1.594133588	6273	2.240760733
1092	1.593371574	6276	2.239306768
1093	1.592610288	6279	2.237854192
1094	1.591849729	6282	2.236403003
1095	1.591089897	6285	2.2349532
1096	1.590330789	6288	2.23350478
1097	1.589572405	6291	2.232057741
1098	1.588814744	6294	2.230612082
1099	1.588057805	6297	2.2291678
1100	1.587301587	6300	2.227724894
1101	1.586546089	6303	2.226283362
1102	1.58579131	6306	2.224843201
1103	1.585037248	6309	2.22340441
1104	1.584283904	6312	2.221966986
1105	1.583531275	6315	2.220530928
1106	1.582779361	6318	2.219096234
1107	1.58202816	6321	2.217662901
1108	1.581277672	6324	2.216230929
1109	1.580527896	6327	2.214800315
1110	1.579778831	6330	2.213371056
1111	1.579030475	6333	2.211943152
1112	1.578282828	6336	2.2105166
1113	1.577535889	6339	2.209091398
1114	1.576789656	6342	2.207667544
1115	1.576044129	6345	2.206245037
1116	1.575299307	6348	2.204823875
1117	1.574555188	6351	2.203404055
1118	1.573811772	6354	2.201985575
1119	1.573069058	6357	2.200568435
1120	1.572327044	6360	2.199152631
1121	1.57158573	6363	2.197738163
1122	1.570845115	6366	2.196325028
1123	1.570105197	6369	2.194913224
1124	1.569365976	6372	2.193502749
1125	1.568627451	6375	2.192093602
1126	1.567889621	6378	2.19068578
1127	1.567152484	6381	2.189279282
1128	1.56641604	6384	2.187874107
1129	1.565680288	6387	2.186470251
1130	1.564945227	6390	2.185067713
1131	1.564210856	6393	2.183666492
1132	1.563477173	6396	2.182266585
1133	1.562744179	6399	2.180867991
1134	1.562011871	6402	2.179470707
1135	1.56128025	6405	2.178074732
1136	1.560549313	6408	2.176680065
1137	1.559819061	6411	2.175286703
1138	1.559089492	6414	2.173894644
1139	1.558360605	6417	2.172503887
1140	1.557632399	6420	2.171114429
1141	1.556904873	6423	2.16972627
1142	1.556178027	6426	2.168339407
1143	1.555451859	6429	2.166953838
1144	1.554726368	6432	2.165569561
1145	1.554001554	6435	2.164186575
1146	1.553277415	6438	2.162804878
1147	1.552553951	6441	2.161424469
1148	1.551831161	6444	2.160045344
1149	1.551109043	6447	2.158667503
1150	1.550387597	6450	2.157290944
1151	1.549666822	6453	2.155915664
1152	1.548946716	6456	2.154541663
1153	1.54822728	6459	2.153168938
1154	1.547508511	6462	2.151797488
1155	1.54679041	6465	2.15042731
1156	1.546072975	6468	2.149058404
1157	1.545356205	6471	2.147690767
1158	1.544640099	6474	2.146324397
1159	1.543924656	6477	2.144959293
1160	1.543209877	6480	2.143595453
1161	1.542495758	6483	2.142232876
1162	1.5417823	6486	2.140871558
1163	1.541069502	6489	2.1395115
1164	1.540357363	6492	2.138152698
1165	1.539645881	6495	2.136795152
1166	1.538935057	6498	2.135438859
1167	1.538224888	6501	2.134083818
1168	1.537515375	6504	2.132730027
1169	1.536806516	6507	2.131377485
1170	1.53609831	6510	2.130026189
1171	1.535390757	6513	2.128676137
1172	1.534683855	6516	2.127327329
1173	1.533977604	6519	2.125979763
1174	1.533272002	6522	2.124633436
1175	1.53256705	6525	2.123288347
1176	1.531862745	6528	2.121944494
1177	1.531159087	6531	2.120601876
1178	1.530456076	6534	2.119260491
1179	1.52975371	6537	2.117920337
1180	1.529051988	6540	2.116581413
1181	1.528350909	6543	2.115243716
1182	1.527650474	6546	2.113907245
1183	1.526950679	6549	2.112571999
1184	1.526251526	6552	2.111237976
1185	1.525553013	6555	2.109905174
1186	1.524855139	6558	2.108573591
1187	1.524157903	6561	2.107243226
1188	1.523461304	6564	2.105914077
1189	1.522765342	6567	2.104586142
1190	1.522070015	6570	2.10325942
1191	1.521375323	6573	2.101933909
1192	1.520681265	6576	2.100609608
1193	1.51998784	6579	2.099286514
1194	1.519295047	6582	2.097964626
1195	1.518602885	6585	2.096643943
1196	1.517911354	6588	2.095324463
1197	1.517220452	6591	2.094006183
1198	1.516530179	6594	2.092689104
1199	1.515840534	6597	2.091373222
1200	1.515151515	6600	2.090058536
1201	1.514463123	6603	2.088745045
1202	1.513775356	6606	2.087432747
1203	1.513088213	6609	2.086121641
1204	1.512401694	6612	2.084811724
1205	1.511715797	6615	2.083502995
1206	1.511030523	6618	2.082195453
1207	1.510345869	6621	2.080889096
1208	1.509661836	6624	2.079583922
1209	1.508978422	6627	2.07827993
1210	1.508295626	6630	2.076977118
1211	1.507613448	6633	2.075675484
1212	1.506931887	6636	2.074375027
1213	1.506250941	6639	2.073075746
1214	1.505570611	6642	2.071777638
1215	1.504890895	6645	2.070480702
1216	1.504211793	6648	2.069184937
1217	1.503533303	6651	2.067890341
1218	1.502855425	6654	2.066596912
1219	1.502178158	6657	2.065304649
1220	1.501501502	6660	2.06401355
1221	1.500825454	6663	2.062723613
1222	1.500150015	6666	2.061434838
1223	1.499475184	6669	2.060147222
1224	1.498800959	6672	2.058860764
1225	1.498127341	6675	2.057575463
1226	1.497454328	6678	2.056291316
1227	1.496781919	6681	2.055008323
1228	1.496110114	6684	2.053726481
1229	1.495438911	6687	2.05244579
1230	1.494768311	6690	2.051166247
1231	1.494098312	6693	2.049887851
1232	1.493428913	6696	2.0486106
1233	1.492760113	6699	2.047334494
1234	1.492091913	6702	2.04605953
1235	1.49142431	6705	2.044785707
1236	1.490757305	6708	2.043513023
1237	1.490090896	6711	2.042241478
1238	1.489425082	6714	2.040971068
1239	1.488759863	6717	2.039701793
1240	1.488095238	6720	2.038433652
1241	1.487431206	6723	2.037166642
1242	1.486767767	6726	2.035900763
1243	1.486104919	6729	2.034636012
1244	1.485442662	6732	2.033372389
1245	1.484780995	6735	2.032109891
1246	1.484119917	6738	2.030848518
1247	1.483459427	6741	2.029588267
1248	1.482799526	6744	2.028329137
1249	1.48214021	6747	2.027071127
1250	1.481481481	6750	2.025814236
1251	1.480823338	6753	2.024558461
1252	1.480165779	6756	2.023303801
1253	1.479508803	6759	2.022050255
1254	1.478852411	6762	2.020797822
1255	1.4781966	6765	2.019546499
1256	1.477541371	6768	2.018296286
1257	1.476886723	6771	2.01704718
1258	1.476232654	6774	2.015799181
1259	1.475579165	6777	2.014552287
1260	1.474926254	6780	2.013306496
1261	1.47427392	6783	2.012061807
1262	1.473622163	6786	2.010818219
1263	1.472970982	6789	2.009575729
1264	1.472320377	6792	2.008334338
1265	1.471670346	6795	2.007094042
1266	1.471020888	6798	2.005854841
1267	1.470372004	6801	2.004616734
1268	1.469723692	6804	2.003379718
1269	1.469075951	6807	2.002143793
1270	1.468428781	6810	2.000908956
1271	1.467782181	6813	1.999675207
1272	1.46713615	6816	1.998442544
1273	1.466490688	6819	1.997210966
1274	1.465845793	6822	1.995980471
1275	1.465201465	6825	1.994751058
1276	1.464557704	6828	1.993522725
1277	1.463914507	6831	1.99229547
1278	1.463271876	6834	1.991069294
1279	1.462629808	6837	1.989844193
1280	1.461988304	6840	1.988620167
1281	1.461347362	6843	1.987397214
1282	1.460706982	6846	1.986175334
1283	1.460067163	6849	1.984954523
1284	1.459427904	6852	1.983734782
1285	1.458789205	6855	1.982516108
1286	1.458151064	6858	1.9812985
1287	1.457513482	6861	1.980081957
1288	1.456876457	6864	1.978866478
1289	1.456239988	6867	1.97765206
1290	1.455604076	6870	1.976438704
1291	1.454968718	6873	1.975226406
1292	1.454333915	6876	1.974015166
1293	1.453699666	6879	1.972804983
1294	1.453065969	6882	1.971595855
1295	1.452432825	6885	1.970387781
1296	1.451800232	6888	1.969180758
1297	1.45116819	6891	1.967974787
1298	1.450536699	6894	1.966769866
1299	1.449905756	6897	1.965565992
1300	1.449275362	6900	1.964363166
1301	1.448645516	6903	1.963161385
1302	1.448016218	6906	1.961960648
1303	1.447387466	6909	1.960760954
1304	1.446759259	6912	1.959562301
1305	1.446131598	6915	1.958364688
1306	1.445504481	6918	1.957168114
1307	1.444877908	6921	1.955972578
1308	1.444251878	6924	1.954778077
1309	1.443626389	6927	1.953584611
1310	1.443001443	6930	1.952392178
1311	1.442377037	6933	1.951200777
1312	1.441753172	6936	1.950010407
1313	1.441129846	6939	1.948821066
1314	1.440507058	6942	1.947632753
1315	1.439884809	6945	1.946445467
1316	1.439263097	6948	1.945259206
1317	1.438641922	6951	1.944073969
1318	1.438021283	6954	1.942889755
1319	1.437401179	6957	1.941706562
1320	1.436781609	6960	1.940524389
1321	1.436162574	6963	1.939343234
1322	1.435544071	6966	1.938163097
1323	1.434926101	6969	1.936983976
1324	1.434308663	6972	1.93580587
1325	1.433691756	6975	1.934628777
1326	1.43307538	6978	1.933452696
1327	1.432459533	6981	1.932277626
1328	1.431844215	6984	1.931103566
1329	1.431229426	6987	1.929930514
1330	1.430615165	6990	1.928758469
1331	1.43000143	6993	1.927587429
1332	1.429388222	6996	1.926417394
1333	1.428775539	6999	1.925248361
1334	1.428163382	7002	1.924080331
1335	1.427551749	7005	1.922913301
1336	1.426940639	7008	1.92174727
1337	1.426330053	7011	1.920582237
1338	1.425719989	7014	1.9194182
1339	1.425110446	7017	1.918255159
1340	1.424501425	7020	1.917093112
1341	1.423892923	7023	1.915932058
1342	1.423284942	7026	1.914771995
1343	1.422677479	7029	1.913612922
1344	1.422070535	7032	1.912454839
1345	1.421464108	7035	1.911297743
1346	1.420858198	7038	1.910141633
1347	1.420252805	7041	1.908986509
1348	1.419647927	7044	1.907832369
1349	1.419043565	7047	1.906679211
1350	1.418439716	7050	1.905527035
1351	1.417836382	7053	1.904375839
1352	1.41723356	7056	1.903225622
1353	1.416631251	7059	1.902076382
1354	1.416029453	7062	1.900928119
1355	1.415428167	7065	1.899780831
1356	1.414827391	7068	1.898634517
1357	1.414227125	7071	1.897489176
1358	1.413627368	7074	1.896344806
1359	1.413028119	7077	1.895201406
1360	1.412429379	7080	1.894058976
1361	1.411831145	7083	1.892917513
1362	1.411233418	7086	1.891777016
1363	1.410636197	7089	1.890637485
1364	1.410039481	7092	1.889498918
1365	1.40944327	7095	1.888361314
1366	1.408847563	7098	1.887224671
1367	1.408252359	7101	1.886088989
1368	1.407657658	7104	1.884954266
1369	1.407063459	7107	1.883820501
1370	1.406469761	7110	1.882687693
1371	1.405876564	7113	1.88155584
1372	1.405283867	7116	1.880424942
1373	1.40469167	7119	1.879294997
1374	1.404099972	7122	1.878166004
1375	1.403508772	7125	1.877037961
1376	1.40291807	7128	1.875910868
1377	1.402327864	7131	1.874784723
1378	1.401738155	7134	1.873659526
1379	1.401148942	7137	1.872535274
1380	1.400560224	7140	1.871411967
1381	1.399972001	7143	1.870289604
1382	1.399384271	7146	1.869168183
1383	1.398797035	7149	1.868047704
1384	1.398210291	7152	1.866928164
1385	1.397624039	7155	1.865809563
1386	1.397038279	7158	1.8646919
1387	1.396453009	7161	1.863575173
1388	1.39586823	7164	1.862459381
1389	1.39528394	7167	1.861344524
1390	1.394700139	7170	1.860230599
1391	1.394116827	7173	1.859117607
1392	1.393534002	7176	1.858005545
1393	1.392951665	7179	1.856894412
1394	1.392369813	7182	1.855784208
1395	1.391788448	7185	1.85467493
1396	1.391207568	7188	1.853566579
1397	1.390627173	7191	1.852459152
1398	1.390047262	7194	1.851352649
1399	1.389467834	7197	1.850247069
1400	1.388888889	7200	1.84914241
1401	1.388310426	7203	1.848038671
1402	1.387732445	7206	1.846935851
1403	1.387154945	7209	1.845833948
1404	1.386577926	7212	1.844732963
1405	1.386001386	7215	1.843632893
1406	1.385425326	7218	1.842533738
1407	1.384849744	7221	1.841435496
1408	1.38427464	7224	1.840338166
1409	1.383700014	7227	1.839241747
1410	1.383125864	7230	1.838146238
1411	1.382552191	7233	1.837051638
1412	1.381978994	7236	1.835957945
1413	1.381406272	7239	1.834865159
1414	1.380834024	7242	1.833773278
1415	1.38026225	7245	1.832682301
1416	1.379690949	7248	1.831592228
1417	1.379120121	7251	1.830503057
1418	1.378549766	7254	1.829414786
1419	1.377979881	7257	1.828327416
1420	1.377410468	7260	1.827240943
1421	1.376841526	7263	1.826155369
1422	1.376273053	7266	1.825070691
1423	1.375705049	7269	1.823986908
1424	1.375137514	7272	1.822904019
1425	1.374570447	7275	1.821822024
1426	1.374003847	7278	1.820740921
1427	1.373437715	7281	1.819660708
1428	1.372872048	7284	1.818581385
1429	1.372306848	7287	1.817502951
1430	1.371742112	7290	1.816425405
1431	1.371177842	7293	1.815348745
1432	1.370614035	7296	1.81427297
1433	1.370050692	7299	1.81319808
1434	1.369487812	7302	1.812124073
1435	1.368925394	7305	1.811050948
1436	1.368363437	7308	1.809978704
1437	1.367801942	7311	1.80890734
1438	1.367240908	7314	1.807836855
1439	1.366680333	7317	1.806767248
1440	1.366120219	7320	1.805698518
1441	1.365560563	7323	1.804630663
1442	1.365001365	7326	1.803563683
1443	1.364442625	7329	1.802497576
1444	1.363884343	7332	1.801432342
1445	1.363326517	7335	1.800367979
1446	1.362769147	7338	1.799304486
1447	1.362212233	7341	1.798241863
1448	1.361655773	7344	1.797180108
1449	1.361099769	7347	1.79611922
1450	1.360544218	7350	1.795059197
1451	1.35998912	7353	1.79400004
1452	1.359434475	7356	1.792941747
1453	1.358880283	7359	1.791884317
1454	1.358326542	7362	1.790827748
1455	1.357773252	7365	1.78977204
1456	1.357220413	7368	1.788717192
1457	1.356668023	7371	1.787663203
1458	1.356116084	7374	1.786610071
1459	1.355564593	7377	1.785557795
1460	1.35501355	7380	1.784506376
1461	1.354462955	7383	1.78345581
1462	1.353912808	7386	1.782406098
1463	1.353363107	7389	1.781357239
1464	1.352813853	7392	1.78030923
1465	1.352265044	7395	1.779262073
1466	1.35171668	7398	1.778215764
1467	1.351168761	7401	1.777170304
1468	1.350621286	7404	1.77612569
1469	1.350074254	7407	1.775081923
1470	1.349527665	7410	1.774039002
1471	1.348981519	7413	1.772996924
1472	1.348435814	7416	1.771955689
1473	1.347890551	7419	1.770915297
1474	1.347345729	7422	1.769875745
1475	1.346801347	7425	1.768837034
1476	1.346257404	7428	1.767799162
1477	1.345713901	7431	1.766762127
1478	1.345170837	7434	1.76572593
1479	1.34462821	7437	1.764690568
1480	1.344086022	7440	1.763656042
1481	1.34354427	7443	1.76262235
1482	1.343002955	7446	1.76158949
1483	1.342462075	7449	1.760557462
1484	1.341921632	7452	1.759526266
1485	1.341381623	7455	1.758495899
1486	1.340842049	7458	1.757466361
1487	1.340302908	7461	1.756437651
1488	1.339764202	7464	1.755409769
1489	1.339225927	7467	1.754382712
1490	1.338688086	7470	1.75335648
1491	1.338150676	7473	1.752331072
1492	1.337613697	7476	1.751306486
1493	1.337077149	7479	1.750282723
1494	1.336541032	7482	1.749259781
1495	1.336005344	7485	1.748237659
1496	1.335470085	7488	1.747216356
1497	1.334935256	7491	1.746195871
1498	1.334400854	7494	1.745176203
1499	1.33386688	7497	1.744157351
1500	1.333333333	7500	1.743139314
1501	1.332800213	7503	1.742122091
1502	1.332267519	7506	1.741105681
1503	1.331735251	7509	1.740090084
1504	1.331203408	7512	1.739075297
1505	1.330671989	7515	1.738061321
1506	1.330140995	7518	1.737048154
1507	1.329610424	7521	1.736035796
1508	1.329080276	7524	1.735024244
1509	1.328550551	7527	1.734013499
1510	1.328021248	7530	1.73300356
1511	1.327492367	7533	1.731994424
1512	1.326963907	7536	1.730986093
1513	1.326435867	7539	1.729978563
1514	1.325908247	7542	1.728971836
1515	1.325381047	7545	1.727965908
1516	1.324854266	7548	1.726960781
1517	1.324327904	7551	1.725956452
1518	1.323801959	7554	1.724952921
1519	1.323276432	7557	1.723950186
1520	1.322751323	7560	1.722948248
1521	1.32222663	7563	1.721947104
1522	1.321702353	7566	1.720946754
1523	1.321178491	7569	1.719947198
1524	1.320655045	7572	1.718948433
1525	1.320132013	7575	1.717950459
1526	1.319609396	7578	1.716953276
1527	1.319087192	7581	1.715956882
1528	1.318565401	7584	1.714961276
1529	1.318044023	7587	1.713966457
1530	1.317523057	7590	1.712972425
1531	1.317002502	7593	1.711979178
1532	1.316482359	7596	1.710986716
1533	1.315962627	7599	1.709995037
1534	1.315443304	7602	1.709004142
1535	1.314924392	7605	1.708014028
1536	1.314405889	7608	1.707024694
1537	1.313887794	7611	1.706036141
1538	1.313370108	7614	1.705048367
1539	1.312852829	7617	1.704061371
1540	1.312335958	7620	1.703075152
1541	1.311819494	7623	1.702089709
1542	1.311303436	7626	1.701105041
1543	1.310787783	7629	1.700121148
1544	1.310272537	7632	1.699138029
1545	1.309757695	7635	1.698155682
1546	1.309243257	7638	1.697174106
1547	1.308729224	7641	1.696193302
1548	1.308215594	7644	1.695213267
1549	1.307702367	7647	1.694234002
1550	1.307189542	7650	1.693255504
1551	1.30667712	7653	1.692277773
1552	1.306165099	7656	1.691300809
1553	1.30565348	7659	1.69032461
1554	1.305142261	7662	1.689349176
1555	1.304631442	7665	1.688374505
1556	1.304121022	7668	1.687400597
1557	1.303611002	7671	1.68642745
1558	1.303101381	7674	1.685455065
1559	1.302592158	7677	1.684483439
1560	1.302083333	7680	1.683512572
1561	1.301574906	7683	1.682542464
1562	1.301066875	7686	1.681573113
1563	1.30055924	7689	1.680604518
1564	1.300052002	7692	1.679636679
1565	1.299545159	7695	1.678669595
1566	1.299038711	7698	1.677703264
1567	1.298532658	7701	1.676737686
1568	1.298026999	7704	1.67577286
1569	1.297521733	7707	1.674808786
1570	1.297016861	7710	1.673845461
1571	1.296512382	7713	1.672882886
1572	1.296008294	7716	1.67192106
1573	1.295504599	7719	1.670959981
1574	1.295001295	7722	1.669999649
1575	1.294498382	7725	1.669040062
1576	1.293995859	7728	1.668081221
1577	1.293493727	7731	1.667123124
1578	1.292991983	7734	1.66616577
1579	1.292490629	7737	1.665209159
1580	1.291989664	7740	1.664253289
1581	1.291489087	7743	1.66329816
1582	1.290988897	7746	1.662343771
1583	1.290489095	7749	1.66139012
1584	1.28998968	7752	1.660437208
1585	1.289490651	7755	1.659485033
1586	1.288992008	7758	1.658533595
1587	1.288493751	7761	1.657582892
1588	1.287995878	7764	1.656632923
1589	1.287498391	7767	1.655683689
1590	1.287001287	7770	1.654735188
1591	1.286504567	7773	1.653787418
1592	1.28600823	7776	1.65284038
1593	1.285512277	7779	1.651894073
1594	1.285016705	7782	1.650948495
1595	1.284521516	7785	1.650003646
1596	1.284026708	7788	1.649059525
1597	1.283532281	7791	1.64811613
1598	1.283038235	7794	1.647173463
1599	1.282544568	7797	1.64623152
1600	1.282051282	7800	1.645290302
1601	1.281558375	7803	1.644349808
1602	1.281065847	7806	1.643410037
1603	1.280573697	7809	1.642470988
1604	1.280081925	7812	1.64153266
1605	1.279590531	7815	1.640595052
1606	1.279099514	7818	1.639658164
1607	1.278608874	7821	1.638721995
1608	1.278118609	7824	1.637786544
1609	1.277628721	7827	1.63685181
1610	1.277139208	7830	1.635917792
1611	1.27665007	7833	1.634984489
1612	1.276161307	7836	1.634051901
1613	1.275672917	7839	1.633120027
1614	1.275184902	7842	1.632188866
1615	1.274697259	7845	1.631258417
1616	1.27420999	7848	1.63032868
1617	1.273723093	7851	1.629399653
1618	1.273236567	7854	1.628471335
1619	1.272750414	7857	1.627543727
1620	1.272264631	7860	1.626616827
1621	1.271779219	7863	1.625690634
1622	1.271294177	7866	1.624765147
1623	1.270809506	7869	1.623840366
1624	1.270325203	7872	1.622916291
1625	1.26984127	7875	1.621992919
1626	1.269357705	7878	1.62107025
1627	1.268874508	7881	1.620148284
1628	1.268391679	7884	1.619227019
1629	1.267909218	7887	1.618306455
1630	1.267427123	7890	1.617386592
1631	1.266945395	7893	1.616467427
1632	1.266464032	7896	1.615548961
1633	1.265983036	7899	1.614631193
1634	1.265502404	7902	1.613714122
1635	1.265022138	7905	1.612797746
1636	1.264542236	7908	1.611882066
1637	1.264062698	7911	1.610967081
1638	1.263583523	7914	1.610052789
1639	1.263104711	7917	1.60913919
1640	1.262626263	7920	1.608226283
1641	1.262148176	7923	1.607314067
1642	1.261670452	7926	1.606402542
1643	1.261193089	7929	1.605491707
1644	1.260716087	7932	1.604581561
1645	1.260239445	7935	1.603672103
1646	1.259763165	7938	1.602763332
1647	1.259287243	7941	1.601855248
1648	1.258811682	7944	1.60094785
1649	1.258336479	7947	1.600041137
1650	1.257861635	7950	1.599135108
1651	1.25738715	7953	1.598229763
1652	1.256913022	7956	1.597325101
1653	1.256439251	7959	1.59642112
1654	1.255965838	7962	1.595517821
1655	1.255492781	7965	1.594615202
1656	1.25502008	7968	1.593713263
1657	1.254547736	7971	1.592812003
1658	1.254075746	7974	1.591911421
1659	1.253604112	7977	1.591011516
1660	1.253132832	7980	1.590112288
1661	1.252661907	7983	1.589213736
1662	1.252191335	7986	1.588315859
1663	1.251721117	7989	1.587418656
1664	1.251251251	7992	1.586522127
1665	1.250781739	7995	1.585626271
1666	1.250312578	7998	1.584731087
