rs0001      133.071      3.72980   636224194404706304
rs0002      133.386      4.78240   1339941605339064320
rs0003      133.686      4.30190   1339862440501864448
rs0004      134.010      1.88350   528137798113323008
rs1313      134.455      1.32290   527081167422253056
rs0005      134.609      3.39410   636284667544233984
rs1314      134.620      3.36940   636282193643071488
rs0006      134.824     0.690100   529270295358367744
rs0007      134.995      3.47910   636308856800045056
rs0009      135.208      2.89070   636141731032623104
rs0010      135.213      1.16110   529265347556042752
rs0011      135.265      3.60450   636303359241906176
rs0012      135.438     0.521900   529279916085110784
rs0013      135.478      1.17200   528077874729609216
rs0014      135.588      3.61570   637364113302906880
rs0015      135.787      3.72210   637376757686626304
rs0016      136.408   0.00330000   529215044899072000
rs0017      136.770      3.14610   637306938698262528
rs0018      137.174     0.484700   530324726925518848
rs0019      137.227      1.43260   530340394966214656
rs0020      137.439      1.79410   530438251501086720
rs0021      137.476      1.68540   530439625890621440
rs0022      139.176     0.205600   531455300276873216
rs0023      139.568     0.385000   531584767771043840
rs0024      139.757     0.172500   531434409555945472
rs0025      139.776     0.677600   531596312643135488
rs0026      139.793      1.05550   532606213637040128
rs0027      139.926      1.32580   532591370230065152
rs0028      139.935     0.913400   532588896328902656
rs0029      139.980     0.945100   532575427311462400
rs0030      139.995     0.960800   -9999
rs0031      139.999     0.931000   532573228288206848
rs0032      140.009      1.03830   532574327799834624
rs0033      140.065      1.28880   532590820474251264
rs0034      140.092     0.823400   11111
rs0035      140.124      1.84820   -9999
rs0037      140.131     0.937000   532576526823090176
rs0038      140.139     0.721100   532573778044020736
rs0039      140.143      1.55110   532589720962623488
rs0040      140.155     0.822700   532576801700997120
rs0041      140.160      3.75640   639606842414098432
rs0042      140.192     0.604700   533765924717619200
rs0043      140.286    0.0806000   533782967147849728
rs0044      140.293      1.47270   532582024381229056
rs0045      140.359      3.91900   639605193146656768
rs0046      140.389      1.58460   -9999
rs1315      140.430      2.69090   639592548762937344
rs0047      140.433      4.37400   639599420710610944
rs0048      140.590      4.06120   639618387286190080
rs0049      140.737      1.43400   532568280485881856
rs1316      140.751      2.86860   639579079745497088
rs0050      140.784      2.48610   532709017974237184
rs0051      140.805      2.06010   532714790410283008
rs0052      140.806      2.60130   532705994317260800
rs0053      140.902      2.13650   532713690898655232
rs0054      140.943      2.75300   639580729012938752
rs0055      140.950      2.11270   532713965776562176
rs0056      141.027      2.08250   532725510648653824
rs0057      141.294      1.65390   534886051601213440
rs0058      141.352      2.06370   11111
rs1317      141.375      2.07830   534910515734931456
rs0059      141.395      2.34200   534894572816328704
rs0060      141.432      3.10100   639548568297826304
rs1318      141.446      2.22910   11111
rs1319      141.448      2.08960   534911340368652288
rs0062      141.617      2.30030   534895672327956480
rs0063      141.686      1.15430   534876430874470400
rs0064      141.870      3.92960   639650273123395584
rs0065      141.879      3.71140   639651647512930304
rs0066      141.962      3.47370   639544170251315200
rs0067      142.091      1.74890   534939652793067520
rs0068      142.126      2.43350   534917112804698112
rs0069      142.312      4.91190   11111
rs0070      142.357     0.355400   533847288578074624
rs0071      142.359      2.07070   534943501083764736
rs1320      142.422      2.20550   534941027182602240
rs0072      142.441      2.20150   534941851816323072
rs0073      142.456      2.14390   534953671566321664
rs0074      142.472      2.16070   534953396688414720
rs0075      142.473      2.28040   534926458653534208
rs0076      142.479      2.23210   534952846932600832
rs0077      142.563      4.14420   640733842000340992
rs0078      142.816      4.62600   640730543465457664
rs0080      142.923      4.50000   640726145418946560
rs0081      142.944      1.05670   534818431636105216
rs0082      143.055      3.80260   640757756378245120
rs0083      143.096      2.54860   -9999
rs0084      143.469      3.12330   640694259581741056
rs0085      143.502      2.47730   534968514973296640
rs0086      143.517     0.383600   536046317101672448
rs0088      143.544     0.257900   536045492467951616
rs0087      143.544     0.241700   536046591979579392
rs0089      143.643    0.0898000   536046866857486336
rs0090      143.654    0.0461000   536044942712137728
rs0091      143.691      3.09640   640674468372441088
rs0092      143.764      4.69020   640760780035221504
rs0093      143.969      4.01680   640776448075917312
rs0094      144.029      3.01170   640660174721280000
rs0095      144.111      1.19140   537120810008078336
rs0096      144.147      1.11660   537122734153426944
rs0097      144.165     0.409300   11111
rs0098      144.170      2.70360   537142800240633856
rs0099      144.249      4.52000   640793215628240896
rs0100      144.434      2.76080   11111
rs0101      144.438      2.74740   537154345112725504
rs0102      144.447      2.73600   640650828872443904
rs0103      144.490      3.46290   641846547801204736
rs0104      144.545      3.07890   640640383511980032
rs0105      144.562      4.15260   640799262942193664
rs0106      144.573      4.08030   11111
rs0107      144.577      4.09410   640798713186379776
rs0108      144.599      4.01440   640809708302657536
rs0109      144.628      2.57330   640637909610817536
rs0110      144.649      2.66820   537165889984817152
rs0111      144.754      4.72110   641853144870971392
rs1321      144.789     0.984500   536095795124922368
rs0112      145.152      3.57700   -9999
rs1322      145.316      1.52360   537096070996453376
rs0113      145.480      1.31870   537070507351107584
rs0114      145.613      3.34690   641814661963999232
rs0115      145.658      1.30050   540515826415986688
rs0117      145.782      3.43000   641807240260511744
rs0118      145.786      3.94030   641898774603524096
rs0119      145.827     0.373100   299608974456547328
rs0120      146.039      3.40410   641802842214000640
rs0121      146.043      2.41030   537229936537135104
rs0122      146.143      4.00160   641904272161662976
rs0123      146.212      4.58090   -9999
rs0124      146.225      2.46550   537228012391786496
rs0125      146.232    0.0682000   299537231322834944
rs0126      146.283    0.0640000   299536681567021056
rs0127      146.301    0.0355000   299532558398416896
rs0128      146.398      4.41060   641921589469800448
rs0129      146.495      3.14520   641777553446561792
rs0130      146.509      3.13430   641779477591910400
rs0131      146.515      4.40340   642983992915683328
rs0132      146.531     0.781900   299635637613520896
rs0133      146.585      3.04560   641778652958189568
rs0134      146.588      3.07140   641777003690747904
rs0135      146.750      2.56140   540576299555514368
rs0136      146.807     0.665600   299638661270497280
rs0137      146.842     0.740800   299658727357704192
rs0138      146.901      3.28380   642967775119173632
rs0139      146.921      3.33710   641769307109353472
rs0140      147.040      2.52890   540591142962489344
rs0141      147.041      2.53940   541649146667362304
rs0142      147.068      3.90590   642963102194755584
rs0143      147.171      3.37470   642956230247081984
rs0145      147.193     0.271900   299664774671656960
rs0146      147.248      2.46300   540601038567139328
rs0147      147.253      4.30310   642994713154054144
rs0148      147.286      2.48080   540602138078767104
rs0149      147.306     0.217700   299665324427470848
rs1323      147.310      3.78500   642963377072662528
rs1324      147.361      4.00320   642961727805220864
rs0150      147.560      4.19880   643009831438936064
rs0151      147.643      3.54120   642940837084293120
rs0152      147.680      4.95090   1119201727724152832
rs0153      147.746      4.27330   643016428508702720
rs0154      147.835     0.899700   300730201069873152
rs1325      147.860      1.93050   540602962712487936
rs0155      147.896      1.11210   300738447407081472
rs0156      147.897     0.434700   300745594232662016
rs0157      147.948      3.12280   642922970020341760
rs0158      147.999      1.04660   300737347895453696
rs0159      148.048      1.09540   300758788372195328
rs0160      148.104      2.18100   563048942921607168
rs0161      148.112      2.27890   541690928109217792
rs0162      148.124      2.15440   541691752742938624
rs0163      148.321      1.97790   541699724202240000
rs0164      148.324      1.21930   -9999
rs0165      148.335     0.720600   300754115447777280
rs0166      148.433      2.37410   541706596149913600
rs0167      148.441     0.786700   300774456412891136
rs0168      148.444     0.494400   300758238616381440
rs1326      148.544      2.28720   563059663159977984
rs0169      148.585      2.29760   563054715357652992
rs0170      148.675      4.97540   643056010927302656
rs0171      148.847     0.878800   301832187018242048
rs0172      148.943      3.40480   644094499710068736
rs0173      149.218      3.14930   644093949954254848
rs0174      149.234      3.38280   642890259549415424
rs0175      149.245      3.35630   642893558084298752
rs0176      149.448      4.52080   644132157983320064
rs0177      149.821      3.44140   644066462163560448
rs0178      149.918      3.29300   644051618756585472
rs0179      150.158      3.12720   644037325105424384
rs0180      150.210      1.33560   564145984691529728
rs0181      150.529      3.05770   564176496139200512
rs0182      150.547      2.02160   563125084101830656
rs0183      150.689      4.45490   645247063377864704
rs0184      151.022      3.49440   645202808034846720
rs0185      151.079     0.120400   302999048380508160
rs0186      151.109     0.601700   302985854240974848
rs0187      151.164     0.281500   302997948868880384
rs0188      151.305      4.16360   644190432099592192
rs0189      151.311      2.74350   645200059255777280
rs0190      151.328      2.49570   564225424406636544
rs0191      151.350     0.543900   302999598136322048
rs0192      151.352      2.54910   564224874650822656
rs0193      151.365      2.63310   564226249040357376
rs0194      151.383     0.611000   303000697647949824
rs0195      151.396      3.05360   564231746598496256
rs0196      151.458     0.633400   564099805203163136
rs0197      151.461     0.631800   303004271060740096
rs0198      151.480     0.652200   303025711537481728
rs0200      151.484     0.617200   303003446427019264
rs0199      151.484     0.590800   -9999
rs0201      151.509      4.52210   645269328488327168
rs0202      151.513      3.10980   564231471720589312
rs0203      151.535      2.96900   564245490493843456
rs0204      151.536     0.688400   303026536171202560
rs0205      151.544      2.91290   564244940738029568
rs0206      151.551      2.52390   564236694400821248
rs0207      151.557      4.03390   -9999
rs0208      151.570      3.82780   645192087796475904
rs0209      151.584      3.12460   564241092447332352
rs0210      151.631      2.48240   564236144645007360
rs0211      151.655     0.632600   303007569595623424
rs0212      151.786      2.65670   564239168301983744
rs0213      151.799     0.809100   303036156897945600
rs0214      151.807      2.90250   564244665860122624
rs0215      151.809    0.0558000   302885523804940288
rs0216      151.848      3.07070   564244116104308736
rs0217      151.856      1.26510   -9999
rs0218      151.941      3.37160   -9999
rs0219      151.944      2.87460   564241367325239296
rs0220      151.954      2.87840   565295244556396544
rs0221      152.071      2.27310   565308438695929856
rs0222      152.616      2.22820   565330154050578432
rs0223      152.631      2.23280   -9999
rs0224      152.710     0.280500   -9999
rs0225      152.735      1.07210   565258960672679936
rs1327      153.088      1.05000   -9999
rs0226      153.105      1.24580   565228724102916096
rs0227      153.469     0.550900   304131820218247168
rs1328      153.618     0.224100   -9999
rs0228      153.760     0.968200   305210165810980864
rs0230      153.882     0.307700   -9999
rs0231      154.039      1.19120   566405477127186432
rs1329      154.171      2.07460   566392282987653120
rs0232      154.309      1.72000   -9999
rs0233      154.359      1.70210   -9999
rs0234      154.374     0.200600   305247274328418304
rs0235      154.510     0.763700   -9999
rs0236      154.606      1.18210   566395856400443392
rs0237      154.823     0.344400   305257444810975232
rs0238      155.227      1.91360   -9999
rs0239      155.465     0.410100   305279984799344640
rs0240      155.472     0.295400   305279160165623808
rs0241      155.574    0.0103000   306320673528113152
rs0242      155.586      3.96160   647455982137403392
rs0243      155.601      1.19820   566339231551612928
rs0244      155.602      3.99740   647457906282752000
rs0246      155.779      1.00610   306345137661831168
rs0247      155.983      1.03340   306359431312992256
rs0248      156.007     0.621500   -9999
rs0249      156.012     0.207700   -9999
rs0250      156.032     0.141900   -9999
rs0251      156.059     0.147800   306380596911826944
rs0252      156.085      4.01880   -9999
rs0253      156.149      1.10980   306369876673456128
rs0254      156.221      3.84660   647436740683917312
rs0255      156.313     0.892600   306369052039735296
rs0256      156.332     0.636300   306383620568803328
rs0257      156.366     0.883600   306393241295546368
rs0258      156.379     0.380800   -9999
rs0259      156.426     0.763000   306391866906011648
rs0260      156.537      4.37280   647545317457160192
rs0261      156.588     0.684900   306393791051360256
rs0262      156.661     0.983500   306399013731592192
rs0263      156.681      1.00610   306413857138567168
rs0264      156.838     0.422300   306408634458335232
rs0265      156.841      1.27770   -9999
rs0266      156.854      1.24180   306410283725776896
rs0267      156.873      1.24670   567479705305901056
rs0268      156.874      1.25460   -9999
rs0269      156.878      2.76810   11111
rs0270      156.890      4.46680   647564833788553216
rs0271      156.919      1.43720   567476956526831616
rs0272      156.921      1.20080   -9999
rs0273      156.932      1.19400   306411932993218560
rs0274      156.960      2.11910   567590755980306432
rs0275      157.066      4.40630   648626137487927296
rs0276      157.121      1.24990   307459218087110656
rs0277      157.156      1.30440   567478330916366336
rs0278      157.169      1.34830   11111
rs0279      157.208      4.96050   648634383825135616
rs1330      157.238      2.18580   567594054515189760
rs0280      157.405     0.951100   307471037837109248
rs0281      157.949      2.22660   -9999
rs0282      157.985      3.08180   568671026171373568
rs0283      158.112      2.55500   568676523729512448
rs0284      158.116      3.91410   649724275430811648
rs0285      158.206      2.77720   568684495188813824
rs0286      158.510      1.31130   -9999
rs0288      158.837      3.55840   649699536419186688
rs0289      158.855      3.29440   568704836153927680
rs0290      158.884      1.44860   568639140334168064
rs0291      158.932   0.00860000   307533984877799424
rs0292      159.009     0.989000   307537008534775808
rs0293      159.160      1.02470   -9999
rs0295      159.438     0.477600   -9999
rs0296      159.469      2.38910   -9999
rs0297      159.471      4.81320   649786947593594880
rs0298      159.509     0.526700   -9999
rs0299      159.530      4.89440   649784198814525440
rs0300      159.568     0.119800   -9999
rs0301      159.571      1.09770   -9999
rs0302      159.852      2.44420   568741944671365120
rs0303      159.884      2.18770   569801594053355520
rs0304      160.040    0.0701000   -9999
rs0305      160.167     0.375300   -9999
rs0306      160.255     0.632600   11111
rs0307      160.326      1.34800   -9999
rs0308      160.473     0.793200   308636519424354304
rs0309      160.556     0.774700   -9999
rs0310      160.614      2.76130   569840626716141568
rs1331      160.687     0.149100   308649988441794560
rs0311      160.710     0.879900   -9999
rs0312      160.887      1.19730   -9999
rs0313      160.913      4.97050   650910098251606016
rs0314      160.993      1.93580   569747443105687552
rs0315      161.069      2.78770   569852446466140160
rs0316      161.089      2.79330   569851346954512384
rs0317      161.167      2.25920   569868664262649856
rs0318      161.202      3.29840   569849147931256832
rs0320      161.282      3.67460   650782005146970112
rs0321      161.321      1.46700   569733424332433408
rs0322      161.342      1.98530   569737272623130624
rs0323      161.343      1.12330   569716931658016768
rs0324      161.442      1.99730   -9999
rs0325      161.457      2.08980   570914305373923328
rs0326      161.470      1.64920   -9999
rs0327      161.482      2.58570   -9999
rs0328      161.494      2.83250   569862342070790144
rs0329      161.559      2.55610   570928049269270528
rs0330      161.643      1.77440   570916504397178880
rs0331      161.662      3.24370   569873886942881792
rs0332      161.695      3.16190   569873612064974848
rs0333      161.934     0.871900   -9999
rs0334      161.977     0.812500   309775338542491648
rs0335      162.079     0.840800   -9999
rs0336      162.382      4.00700   650776507588831232
rs0337      162.572      3.51260   651951885502146560
rs0338      162.603      4.99290   -9999
rs0339      162.688      3.51350   651953809647495168
rs0340      162.847      2.21820   570878571246020608
rs0341      162.906      2.09500   570879670757648384
rs0342      162.933      3.99780   651942539653310464
rs0343      162.969     0.554000   310877873810466816
rs0344      163.137      3.01920   570977527292520448
rs0345      163.223      4.50620   651938966240520192
rs0346      163.240      4.62410   11111
rs0347      163.266      4.63190   -9999
rs0348      163.358      4.50400   653104998825093120
rs0349      163.531      4.94020   652058538130040832
rs0350      163.699      2.94790   571001441670424576
rs0351      163.900      4.37760   653108572237883392
rs0352      163.915      4.36890   651915326740523008
rs0353      163.970      4.46510   653108022482069504
rs0354      164.011     0.662000   310897115263952896
rs0355      164.324     0.501700   -9999
rs0356      164.568      4.58360   653094003708815360
rs0357      164.575      4.66070   653097851999512576
rs0358      164.628      4.63100   653094278586722304
rs0360      164.833     0.301800   -9999
rs0361      165.080      4.17190   653071188842539008
rs0362      165.098      4.19650   653067340551841792
rs0363      165.153      4.19830   653068440063469568
rs0364      165.212      4.39160   653065416406493184
rs0365      165.301      3.55350   653046449830914048
rs0366      165.383      4.37730   653063217383237632
rs0367      165.476      4.04640   653037378859984896
rs0368      165.487      4.02650   -9999
rs0369      165.529      4.25750   -9999
rs0370      165.576     0.233000   -9999
rs0371      165.635      4.06150   653038478371612672
rs0372      165.767      3.70060   653022260575102976
rs0373      165.811      3.72480   653024734476265472
rs0374      166.053      4.33050   653031331546032128
rs0375      166.286      4.82230   -9999
rs0376      166.312     0.989200   573160882859698176
rs0377      166.387      4.19790   654208908298053632
rs0378      166.417      4.61270   654212756588750848
rs0379      166.457      1.74460   571973959923296256
rs0380      166.458     0.403100   312046654654015488
rs0381      166.499      4.51410   654210282687588352
rs0382      166.510      4.42940   654213306344564736
rs0383      166.545      4.33610   654213856100378624
rs0384      166.558      2.61680   572130640330254336
rs0385      166.578      4.46300   654200112205031424
rs0386      166.580      4.63690   654202586106193920
rs0387      166.673      4.44460   654198188059682816
rs0388      166.689      4.86400   654202036350380032
rs0389      166.834      4.54220   654194614646892544
rs0390      167.141      4.83190   654191041234102272
rs0391      167.269      4.77590   654187742699218944
rs0392      167.278      3.92780   654170700268988416
rs0393      167.494     0.181400   313134071519668224
rs0394      167.546      4.97830   654310613123622912
rs0395      167.682      4.49280   -9999
rs0396      167.687      4.84640   654158880518989824
rs0397      167.735      4.73200   -9999
rs0398      167.737      4.72930   654156406617827328
rs0399      167.782      4.33790   654155856862013440
rs0401      168.090      3.76120   940205900952528896
rs0402      168.316      3.65730   940196005347878912
rs0403      168.334      3.62040   940194630958344192
rs0404      168.433      4.24060   940201228028110848
rs0405      168.469      4.29080   940189133400205312
rs0406      168.472      4.80170   940258127754848256
rs0407      168.568      4.19230   940189683156019200
rs0408      168.575      4.70980   940253454830430208
rs0409      168.601      4.16030   940187484132763648
rs0410      168.623      2.60550   574339834320021504
rs0411      168.706     0.905600   314240731382310912
rs0412      168.766      1.70030   -9999
rs0413      168.772      1.28670   -9999
rs0414      168.801      1.18590   -9999
rs1332      168.832      4.20650   940171541214160896
rs0415      169.016      3.56750   574353303337461760
rs0416      169.079      4.13910   940166593411835904
rs0417      169.144      4.08030   940149276103698432
rs0418      169.205      4.36130   940156697807185920
rs0419      169.331      2.88170   575431103888779264
rs0420      169.335      2.44720   575411037801572352
rs0421      169.373      2.50430   575433852667848704
rs0422      169.393      2.77250   575430554132965376
rs0423      169.503      3.81070   940141304644397056
rs0424      169.544      2.60080   574369521133971456
rs0425      169.551      3.80380   940141029766490112
rs0426      169.605     0.195900   -9999
rs0427      169.619      1.66400   574211741215385600
rs0428      169.630      3.38340   575426705842268160
rs0429      169.665      3.69740   940130309528119296
rs0430      169.673      2.62210   575444572906219520
rs0431      169.685      2.03280   -9999
rs0432      169.686      2.90840   11111
rs0433      169.732    0.0898000   314279214289283072
rs0434      169.763      4.44420   941327953407535104
rs0435      169.771      1.25220   315341611158497280
rs0436      169.781      3.23110   -9999
rs0437      169.791      3.22900   574379141860714496
rs0438      169.794      3.20830   575437151202732032
rs0439      169.817      3.56180   575435501935290368
rs0440      169.859      3.20160   575434402423662592
rs0441      169.983      1.19900   -9999
rs0442      170.056     0.942800   315355629931751424
rs0443      170.074     0.886000   -9999
rs0444      170.107      1.06680   315355904809658368
rs0445      170.164     0.457500   315356729443379200
rs0446      170.194     0.470600   -9999
rs1333      170.200     0.468600   315360852611983360
rs1334      170.204     0.459300   314299005498583040
rs1335      170.205     0.390200   314298455742769152
rs0447      170.230      2.02560   575386848545761280
rs1336      170.249     0.534200   314297905986955264
rs0448      170.317      1.78450   575381076109715456
rs0449      170.362      3.44490   11111
rs0450      170.366      1.46790   -9999
rs0451      170.387      2.81040   575467937528309760
rs0452      170.505      4.96020   941373308262180864
rs0453      170.534      4.69280   941298541471492096
rs0454      170.611     0.424700   316473833290754048
rs0455      170.663     0.556000   -9999
rs0456      170.676     0.591800   315385591623608320
rs0457      170.905     0.981800   316466686465173504
rs0458      170.961      1.73430   575340943935301632
rs0459      170.991     0.621600   -9999
rs0460      170.995      2.93690   575507794824816640
rs0461      170.999      2.69190   576555068845746176
rs0462      171.061      2.01020   -9999
rs0463      171.065      2.95870   576552594944583680
rs0464      171.157      1.16850   -9999
rs0465      171.176      1.21500   -9999
rs0466      171.504      1.98410   576537476659701760
rs0467      171.535      2.83310   576592177363183616
rs0468      171.540      1.89600   576522358374819840
rs0469      171.575      2.57980   576592452241090560
rs0470      171.674      1.24150   316489226453542912
rs0471      171.721      2.18020   -9999
rs0472      171.742      2.33300   576593276874811392
rs0473      171.918      3.58990   576575959566673920
rs0474      171.985      3.71090   942457706067814400
rs0475      171.987      1.29950   576518510084122624
rs0476      172.060      2.40000   576603172479461376
rs0477      172.067      2.63410   576602622723647488
rs0478      172.074      2.65400   11111
rs0479      172.114      1.08280   -9999
rs0480      172.129     0.782500   316500771325634560
rs0481      172.170      4.77180   -9999
rs0482      172.193      1.61790   576499268630636544
rs0483      172.206      1.82380   -9999
rs0484      172.242     0.879100   316522761558190080
rs0485      172.250      3.85390   942445886317815808
rs0486      172.331      3.08950   576586130049230848
rs0487      172.369     0.113600   -9999
rs0488      172.382      1.03480   -9999
rs0489      172.394      4.34740   -9999
rs0490      172.395      1.06810   316521936924469248
rs0491      172.406      3.15620   576603997113182208
rs0492      172.450      1.13780   316522486680283136
rs0493      172.552      3.80100   942435715835258880
rs0494      172.657      3.75660   942434066567817216
rs0495      172.723      4.53380   942441763149211648
rs0496      172.736      2.28700   576636432706201600
rs0497      172.868     0.494600   317608804906723328
rs0498      172.921      3.48800   576626262223644672
rs0499      172.956     0.330900   -9999
rs0500      172.981     0.992400   -9999
rs0501      173.024      3.56230   576629560758528000
rs0502      173.043      1.20710   -9999
rs0503      173.056     0.819300   316544751790745600
rs0504      173.069     0.511400   -9999
rs0505      173.090     0.804000   11111
rs0506      173.143     0.801300   -9999
rs0507      173.217      1.17270   -9999
rs0508      173.223     0.568000   11111
rs0509      173.339     0.798700   -9999
rs0510      173.495      4.34500   -9999
rs0511      173.516      2.97340   577688940161558528
rs0512      173.572      3.84150   942392834881775616
rs0513      173.602      1.15430   317627771482302464
rs0514      173.633      3.63480   577698835766208512
rs0515      173.769      1.67600   -9999
rs0516      173.771      2.55120   577714778684811264
rs0517      173.781      4.22100   942397507806193664
rs0518      173.795      1.98680   -9999
rs0519      173.904     0.127400   -9999
rs0520      173.912      1.35760   577646883841796096
rs0521      174.114      3.97530   942380190498056192
rs0522      174.226      4.12370   942382389521311744
rs0523      174.382     0.273700   -9999
rs0524      174.408      3.32450   577710105760393216
rs0525      174.410      1.08660   -9999
rs0526      174.436      4.07510   943586625202448384
rs0527      174.619     0.300500   -9999
rs0528      174.729      3.58090   577752436958062592
rs0529      174.731      3.60070   577751887202248704
rs0530      174.801      1.15790   -9999
rs0531      174.862      3.47110   577756285248759808
rs0532      174.874     0.116500   317679448528807936
rs0533      174.910      4.46550   943551715708266496
rs0534      175.050      3.56770   943537696935012352
rs0535      175.050      2.18510   -9999
rs0536      175.079      4.26950   943541545225709568
rs0537      175.207      1.75880   578792575041824768
rs0538      175.214      4.81030   11111
rs0539      175.236      1.46100   -9999
rs0540      175.257      1.49340   -9999
rs0541      175.291      4.62570   943545943272220672
rs0542      175.342     0.127500   318726463526299648
rs0543      175.431      3.78160   943516806214084608
rs0545      175.462      2.39290   578788726751127552
rs0546      175.467      2.58200   578829408681355264
rs0547      175.551     0.334500   318736634008856576
rs0548      175.687     0.282300   318747904003041280
rs0549      175.725     0.161900   318746804491413504
rs0550      175.789     0.558800   318745704979785728
rs0551      175.838    0.0287000   -9999
rs0552      175.855    0.0140000   -9999
rs0553      175.903      4.92980   944694383083546624
rs0554      176.397      3.23180   578837380140656640
rs0555      176.442      3.02970   578851673791817728
rs0556      176.488      4.74790   11111
rs0557      176.723      2.10070   -9999
rs0558      176.770      1.81420   -9999
rs0559      176.804      2.53380   578865967442978816
rs0560      176.884      2.78770   578863768419723264
rs0561      177.001      4.48810   944669094316107776
rs0562      177.157    0.0245000   319852088286799872
rs0564      177.230      4.16500   944635559211460608
rs0565      177.347      2.69260   579936068091013120
rs0566      177.414      3.22170   579932769556129792
rs0567      177.628      1.98330   578720282152298496
rs0568      177.883      4.85250   944640232135878656
rs0569      178.006      1.99770   -9999
rs0570      178.047      4.35650   945820832762980352
rs0571      178.063      2.53260   579903907375900672
rs0572      178.098      3.97440   945792245460658176
rs0573      178.141      2.02700   579888239335204864
rs0574      178.181      1.74080   579897585184040960
rs0575      178.223      1.57820   -9999
rs0576      178.490      1.83460   -9999
rs0577      178.509      1.54890   -9999
rs0578      178.714      2.95930   579979773678217216
rs0579      178.742      4.66060   946968173163341824
rs0580      178.747      1.85810   -9999
rs0581      178.867      4.14740   -9999
rs0582      179.109      3.76680   11111
rs0583      179.191      1.01420   -9999
rs0584      179.215      4.83840   -9999
rs0585      179.236      2.80650   581059218648360960
rs0586      179.260     0.498300   320990357481351168
rs0587      179.348      4.54300   945765307425777664
rs0588      179.396      4.55590   945762283768801280
rs0589      179.681      4.36160   946933263669159936
rs0590      179.895      3.33810   11111
rs0591      180.075     0.295000   321023342830184448
rs0592      180.111      1.66880   581022934764644352
rs0593      180.153      2.14660   581014963305342976
rs0594      180.245      2.10370   581016887450691584
rs0595      180.271     0.113700   322106088063264768
rs0596      180.305      2.04990   581013863793715200
rs0597      180.321      2.08820   581013588915808256
rs0598      180.335      2.52390   581113644473935872
rs0599      180.345      1.92570   581009740625111040
rs0600      180.382      1.29590   580998745508833280
rs0601      180.397      4.59200   11111
rs0602      180.397      4.59270   948092148941613056
rs0603      180.421      4.76980   948091324307892224
rs0605      180.456      4.40540   948094073086961664
rs0604      180.456      2.42150   581008366235576320
rs0606      180.462      1.56980   -9999
rs0607      180.484      2.09600   -9999
rs0608      180.523      1.52590   581000669654181888
rs0609      180.540      3.31060   581121615933237248
rs0610      180.573      4.71650   948082253336963072
rs0611      180.584      1.79800   -9999
rs0612      180.596      4.32980   946910998558697472
rs0613      180.609      1.35270   -9999
rs0614      180.620      2.28860   580994897218136064
rs0615      180.628      4.40530   948081978459056128
rs0616      180.636      1.74880   580991048927438848
rs0617      180.642      1.86100   580992423316973568
rs0618      180.651      4.54990   946911823192418304
rs0619      180.678      1.95220   580993522828601344
rs0620      180.679      1.52610   580987475514648576
rs0621      180.704      4.20800   948080329191614464
rs0622      180.732      4.23410   946909899047069696
rs0623      180.737      1.39380   580990224293718016
rs0624      180.739      2.13530   582173848678459392
rs0625      180.741      4.84590   948127608191608832
rs0626      180.754      2.83640   581117492764633088
rs0627      180.758      4.11860   948088575528822784
rs0628      180.771      1.47820   -9999
rs0629      180.805      1.95090   -9999
rs0630      180.845      4.22980   948083077970683904
rs0631      180.847      2.83450   582184019161016320
rs0632      180.870      1.97640   582174123556366336
rs0633      180.873      1.22940   322108561964427264
rs0634      180.881      4.16760   946882411256375296
rs0635      180.882      2.00850   -9999
rs0636      180.884      3.39770   581133435683235840
rs0637      180.887      1.80280   580982527712323584
rs0638      180.893      2.17900   582177696969156608
rs0639      180.900      2.04990   582177422091249664
rs0640      180.901      3.75640   948076206023010304
rs0641      180.904      2.63050   581127938125096960
rs0642      180.907      2.04690   580983352346044416
rs0643      180.913      3.64590   581130961782073344
rs0644      180.913      4.44040   946900553198233600
rs0645      180.926      1.45730   580977854787905536
rs0646      180.934      4.21530   -9999
rs0647      180.935      1.83600   582176047701714944
rs0648      180.936      1.69510   582171924533110784
rs0649      180.948      2.01720   582174948190087168
rs0650      180.953      4.22180   948071533098592256
rs0651      180.954      3.54830   -9999
rs0652      180.966      1.83610   582163128440088576
rs1337      180.976      1.89130   582164502829623296
rs0653      180.978      2.18100   582165602341251072
rs0654      180.990      1.96090   582166152097064960
rs0655      180.992      1.48280   -9999
rs0656      180.998      1.41080   580980328689068032
rs0657      181.020      1.97180   -9999
rs0658      181.025      1.84700   582166976730785792
rs0659      181.031      1.58310   -9999
rs0660      181.041      1.82600   582163403317995520
rs0661      181.046      2.32130   580981153322788864
rs0662      181.055      1.90020   582167251608692736
rs0663      181.062      1.86670   582162853562181632
rs0664      181.069      1.54620   582168900876134400
rs0665      181.070      2.00230   582166701852878848
rs0666      181.072      1.91750   582152133323810816
rs0667      181.072      3.87290   948075106511382528
rs0668      181.076      1.69990   582172474288924672
rs0669      181.079      1.84840   582152683079624704
rs0670      181.083      1.56760   580968234061162496
rs0671      181.102      2.45910   582195564033107968
rs0672      181.105      1.64730   582172199411017728
rs0673      181.113      1.89600   580974281375115264
rs0674      181.115      1.74850   580967134549534720
rs0675      181.121      1.89410   582155431858694144
rs0676      181.123      1.94000   582155156980787200
rs0677      181.124      2.44850   580974006497208320
rs0678      181.126      1.68400   582170275265669120
rs0679      181.128      2.34340   582154332347066368
rs0680      181.134      2.45310   582211232073803776
rs0681      181.142      1.80160   582152408201717760
rs0682      181.142      1.73820   580968508939069440
rs0683      181.145      1.84240   582152957957531648
rs0684      181.152      2.04750   582151033812183040
rs0685      181.153      1.89270   582151308690089984
rs0686      181.153      1.91900   -9999
rs0687      181.158      2.07250   -9999
rs0688      181.159      1.78770   582153507713345536
rs0689      181.169      2.13880   582140588451719168
rs0690      181.172      1.99690   580974556253022208
rs0691      181.174      1.60270   582171374777296896
rs0692      181.191      1.80400   582141962841253888
rs0693      181.193      2.00520   582144711620323328
rs0694      181.222      1.94230   580970707962324992
rs0695      181.226      1.82130   580971807473952768
rs0696      181.228      1.21560   322130827074889728
rs0697      181.233      1.90090   580972082351859712
rs0698      181.237      1.50820   582168625998227456
rs0699      181.239      1.63520   582171649655203840
rs0700      181.266      2.56710   582206559149385728
rs0701      181.285      2.34570   582144436742416384
rs0702      181.288      1.84600   582140313573812224
rs0703      181.289      1.55930   582160929416833024
rs0704      181.299      2.41580   582208208416827392
rs0705      181.325      2.28950   582143337230788608
rs0706      181.329      1.63760   582157630881949696
rs0707      181.334      1.77870   582142237719160832
rs0708      181.337      2.53430   582208758172641280
rs0709      181.340      2.08630   582142787474974720
rs0710      181.353      2.20870   582143886986602496
rs0711      181.365      1.94810   582136740161021952
rs0712      181.366      1.86140   580975380886743040
rs0713      181.383    0.0391000   322137424144656384
rs0714      181.407      1.82820   582135640649394176
rs0715      181.414     0.408500   -9999
rs0716      181.419      1.59350   582160654538926080
rs0717      181.420      1.57510   582160379661019136
rs0718      181.450      1.97170   -9999
rs0719      181.498      2.49820   582221402556360704
rs0720      181.499      1.88580   582137564794742784
rs0721      181.513      1.55490   -9999
rs0722      181.527      2.19210   582134541137766400
rs0723      181.605      1.12510   322150618284189696
rs0724      181.632      1.61660   582150209178462208
rs0725      181.664      1.28420   582146910643578880
rs0726      181.668      1.33400   582146635765671936
rs0727      181.883      1.63740   582127119434278912
rs0728      181.909      1.57420   582127669190092800
rs0729      181.917     0.246400   -9999
rs0730      182.002      1.36180   -9999
rs0731      182.016     0.697600   322157765109770240
rs0732      182.129     0.752600   -9999
rs0733      182.130      1.90940   582120247486605312
rs0734      182.178      1.45640   582115299684280320
rs0735      182.221     0.705600   -9999
rs0736      182.278     0.473300   322167385836513280
rs0737      182.299      1.73150   -9999
rs0738      182.305      1.83660   582111451393583104
rs0739      182.322      1.15160   -9999
rs0740      182.356     0.308200   323242983489038336
rs0741      182.370     0.533300   322168760226048000
rs0742      182.404     0.536100   322167660714420224
rs0743      182.411     0.957000   322173982906279936
rs0744      182.421     0.657700   322169584859768832
rs0745      182.475     0.928500   322174532662093824
rs0746      182.480      2.06860   582109802126141440
rs0747      182.551     0.754000   322180305098139648
rs0748      182.569     0.626600   322178380952791040
rs0749      182.630     0.672800   323236661297178624
rs0750      182.636     0.677500   -9999
rs0751      182.647      1.02870   323234462273923072
rs0752      182.655      1.06490   323246007146014720
rs0753      182.682     0.951800   -9999
rs0754      182.685     0.625900   323237485930899456
rs0755      182.710     0.595900   -9999
rs0756      182.764     0.624100   323247381535549440
rs0757      182.767     0.972300   323246831779735552
rs0758      182.783     0.956900   323245182512293888
rs0759      182.791     0.785800   -9999
rs0761      182.795      2.25550   583302501692893184
rs0760      182.795      1.44170   582102930178467840
rs0762      182.833     0.804200   -9999
rs0763      182.869     0.378600   323252054459967488
rs0764      182.904     0.322500   323249580558804992
rs0765      182.921     0.252700   -9999
rs0766      182.945     0.989500   323243808122759168
rs0767      182.990      1.48920   582094408963352576
rs0768      182.998      1.35000   582095233597073408
rs0769      183.038      1.31150   582091660184283136
rs0770      183.091     0.296400   -9999
rs0771      183.128     0.894200   323254528361129984
rs0772      183.144     0.186100   -9999
rs0773      183.158     0.893400   -9999
rs0774      183.193     0.409100   323266622989035520
rs0775      183.251    0.0438000   323269921523918848
rs0776      183.291      1.19230   323278717616941056
rs0777      183.509      2.99260   11111
rs0778      183.533      2.08260   583267592198711296
rs0779      183.622     0.830100   323291087122753536
rs0780      183.637     0.984300   -9999
rs0781      183.689     0.743500   323271295913453568
rs0782      183.895      1.28640   583254672937084928
rs0783      183.969     0.400700   324365034719307776
rs0784      183.991      3.30590   583357752152188928
rs0785      183.995      2.03980   583263743908014080
rs0786      184.139      3.52150   583318994367309824
rs0787      184.177      1.40510   -9999
rs0788      184.339      2.57960   583367922634745856
rs0789      184.372      1.19890   324349641556518912
rs0790      184.446      4.78300   949154277207599104
rs0791      184.570     0.552000   -9999
rs0792      184.607      2.00380   -9999
rs0793      184.625      4.30680   950282101259790336
rs0794      184.627    0.0132000   323308404430891008
rs0795      184.667      3.02710   583377268483581952
rs0796      184.699      2.09970   -9999
rs0797      184.723      3.01430   583377818239395840
rs0798      184.723      2.99230   583380017262651392
rs0799      184.739      2.99070   583389912867301376
rs0800      184.817     0.648200   324386200318142464
rs0801      184.855     0.631000   324396645678606336
rs0802      184.899      1.21660   324380427882096640
rs0803      185.112      4.59210   -9999
rs0804      185.168      2.75820   584448467703719936
rs0805      185.479      4.87550   3242667673657567232
rs0806      185.503      2.89940   584458088430462976
rs0807      185.537      1.11280   -9999
rs0808      185.676      3.14180   584456164285114368
rs0809      185.707      3.10400   584455614529300480
rs0810      185.730      3.13180   584452865750231040
rs0811      185.732      3.67990   584454240139765760
rs0812      185.768      3.66590   584452590872324096
rs0813      185.796      3.11160   584455339651393536
rs0814      185.819      4.83610   3242655029273847808
rs0815      185.835      4.89480   3242655304151754752
rs0816      185.837      4.81080   3242654479518033920
rs0817      185.851      2.67900   584475955494414336
rs0818      185.858      4.52500   3242646508058732544
rs0819      185.887      4.48400   3242641560256407552
rs0820      185.893      4.10690   3242663000733149184
rs0821      185.899      3.76820   3242647332692453376
rs0822      185.911      4.81630   3242646782936639488
rs1338      185.928     0.962200   324427432004184064
rs0823      185.961      4.08710   3242648707081988096
rs1339      185.977     0.830500   324426332492556288
rs0824      186.020      1.18980   325489010313029632
rs0825      186.058      3.72610   584464685500229632
rs0826      186.128    0.0704000   -9999
rs0827      186.146      1.89230   584369852622333952
rs0828      186.262      1.79400   584371501889775616
rs0829      186.278      3.79150   3242625067581990912
rs0830      186.430      4.41820   3242631389773850624
rs0831      186.445      4.50990   3242634413430827008
rs0832      186.461      1.44300   584353634825824256
rs0833      186.494      4.47400   3242621494169200640
rs0834      186.560     0.267200   325500830063028224
rs0835      186.582      1.72430   584358032872335360
rs1340      186.982      1.11630   325510725667678208
rs0836      187.113     0.142400   325525019318839296
rs0837      187.119    0.0604000   -9999
rs0838      187.279     0.581100   325525294196746240
rs0839      187.340      1.05690   325541511993255936
rs0840      187.421     0.253400   325533815411861504
rs0841      187.503     0.605500   -9999
rs0842      187.550      3.57770   585572443549100032
rs0843      187.653     0.846300   325550857842092032
rs0844      187.658     0.343900   326609411839649792
rs1341      187.698     0.635800   325554156376975360
rs0845      187.706     0.745100   325542061749069824
rs0846      187.717     0.527200   325544810528139264
rs0847      187.729      3.49190   585578215985145856
rs0848      187.744     0.651300   -9999
rs0849      187.748     0.542100   325547834185115648
rs0850      187.781     0.463100   325548383940929536
rs0851      187.785     0.613700   326605563548952576
rs0852      187.796     0.606200   325550033208371200
rs0853      187.836      3.12490   585602405240956928
rs0854      187.840     0.239800   325549758330464256
rs0855      187.842     0.610000   325547284429301760
rs0856      187.855      4.02000   -9999
rs0857      187.875      3.13300   11111
rs0858      187.903      1.34840   585524889671198720
rs1342      187.920      3.92630   951452806315796480
rs0859      187.922     0.959200   326601990136162304
rs0860      187.923      1.30600   585506472851433472
rs0861      187.938     0.511900   325546459795580928
rs0862      187.940     0.452600   325561028324648960
rs0863      187.987      3.88940   951456379728586752
rs0864      188.020      4.12700   -9999
rs0865      188.107     0.457100   325557180033951744
rs0866      188.207      3.29990   585589211101423616
rs0867      188.311      3.23310   585616149136304128
rs0868      188.670      3.32370   585627144252581888
rs0869      188.688     0.366600   326628928171042816
rs0870      188.695      3.01000   585632641810720768
rs1343      188.716      1.88320   11111
rs0871      188.759    0.0376000   326630027682670592
rs1344      188.999      1.80700   -9999
rs0872      189.380      3.38450   586682126296967168
rs0873      189.390      4.36770   952575408123963392
rs0874      189.397     0.476800   -9999
rs0875      189.402      1.58890   586673879959758848
rs0876      189.512      2.05960   585478985060739072
rs0877      189.592      1.67920   586664808988829696
rs0879      189.620      1.75430   586662884843481088
rs0880      189.650      1.40230   586660685820225536
rs0881      189.653     0.624500   326650918403598336
rs0882      189.694     0.322500   326648719380342784
rs0883      189.701     0.270000   326662188397783040
rs0884      189.755     0.365600   326659989374527488
rs0885      189.759     0.257100   326663837665224704
rs0886      189.773     0.282900   326663287909410816
rs0887      189.797     0.717500   327730638603970560
rs0888      189.814     0.291800   -9999
rs0889      189.844     0.460200   326660539130341376
rs0890      189.923     0.544100   -9999
rs0891      189.941     0.898200   327727340069087232
rs0892      189.969     0.125500   326674008147781632
rs0893      190.084      1.27330   586629074860926976
rs0894      190.155      4.34450   -9999
rs0895      190.182     0.797800   326678406194292736
rs0896      190.223      1.00840   327736960795830272
rs0897      190.239     0.987200   327738610063271936
rs0898      190.279      3.61070   -9999
rs0899      190.284      3.75590   952549294722803712
rs0900      190.310      3.65740   586737926512076800
rs0901      190.340     0.220900   326681704729176064
rs0903      190.670      1.34580   586605710238836736
rs0904      190.717     0.898800   -9999
rs0905      191.120      4.17220   952515484740249600
rs0906      191.318      2.44910   586604335849302016
rs0907      191.404      2.72190   587839632096389120
rs0908      191.491      1.29800   587754694823143424
rs0909      191.535      4.44350   953702957617014784
rs0910      191.784      4.13610   -9999
rs0911      191.847     0.644200   -9999
rs0912      191.867      3.03880   11111
rs0913      191.873     0.726300   -9999
rs0914      191.902      1.66540   -9999
rs0915      191.941      3.14760   587867394764990464
rs0916      192.118      3.44040   587878389881268224
rs0917      192.137      3.48450   587875366224291840
rs0918      192.171     0.833000   -9999
rs0919      192.249      1.98820   587751396288260096
rs0920      192.384      3.63200   587887185974290432
rs0921      192.398      3.60430   587890209631266816
rs0922      192.878      1.19510   328907660449572864
rs0923      192.911      1.67080   587721984352217088
rs0924      193.097      2.28890   588930622542604288
rs0926      193.382      2.70170   588954262042601472
rs0927      193.522     0.175300   328926077269338112
rs0930      193.886      2.93980   588977351786784768
rs0931      193.987      1.98550   588899011583305728
rs0932      194.343      2.37030   588888291344934912
rs0933      194.390      3.92260   954776085042587648
rs0934      194.403      3.44530   588990820804225024
rs0935      194.471      3.72310   954778009187936256
rs0936      194.665      4.39350   954783506746075136
rs0937      194.742      1.82450   -9999
rs0938      194.823      1.49940   -9999
rs0939      194.824      1.31110   -9999
rs0940      194.908      4.97570   955996539090659328
rs1345      194.952      4.99950   954926718135592960
rs1346      194.956      4.96600   955995164701124608
rs0941      194.986      4.15480   955971250323220480
rs0942      195.020     0.453000   330030263163709440
rs0943      195.068      1.55760   588847609414707200
rs0944      195.214      2.92460   589019133228640256
rs0945      195.250      2.83250   589017209083291648
rs0946      195.354      4.46950   955941288631363584
rs0947      195.494      3.10070   -9999
rs0948      195.601      3.37590   590074939285989376
rs0949      195.717     0.406900   330060499733473280
rs1347      195.719      3.54900   590082086111569920
rs0950      196.117      4.53170   955920397910435840
rs0951      196.174      2.96370   590104076344125440
rs0952      196.307      4.89990   957100447070447616
rs0953      196.492      1.79250   590012267123206144
rs0954      196.494      3.95640   955893734753462272
rs0955      196.584      4.14990   -9999
rs0956      196.640      1.53190   -9999
rs0957      196.648      4.46150   955906654015088640
rs0958      196.829      2.00370   591180227846105088
rs0959      196.879      2.32700   591196445642614784
rs0960      197.049      4.75130   957088077564635136
rs0961      197.057      4.36760   957087802686728192
rs1348      197.114      4.37020   955896758410438656
rs1349      197.123      4.36800   957086703175100416
rs1350      197.139      4.37520   957075708058822656
rs0962      197.209      1.00220   332235888455084032
rs0963      197.212     0.795300   11111
rs1351      197.228      4.09930   957085878541379584
rs0964      197.332     0.883700   331173210483615744
rs0965      197.383     0.857000   331182281454544896
rs0966      197.388      1.67310   589974059094140928
rs0967      197.393      1.62370   591168408096106496
rs1352      197.395      4.95050   957124636326258688
rs0968      197.421      2.28470   589981480797628416
rs0969      197.519     0.948800   331181181942917120
rs0970      197.581      2.02590   591172256386803712
rs0971      197.752     0.875200   -9999
rs0972      197.871      3.68750   957041623198361600
rs0973      197.887      1.52540   591156038590294016
rs0974      197.906     0.665800   332232864798107648
rs0975      197.956      2.11110   591150541032155136
rs0976      197.992      1.95700   591149716398434304
rs0977      198.008     0.592400   332232589920200704
rs1353      198.047      4.77810   957058940506499072
rs0978      198.054      2.12090   591151090787969024
rs0979      198.068      3.78330   957029253692549120
rs0980      198.177      4.72970   957047395634407424
rs0981      198.377      3.36200   591245099032143872
rs0982      198.588      4.45610   958213428353198080
rs0983      198.636      2.56470   591248947322841088
rs1354      198.637     0.592000   -9999
rs0984      198.642      3.04140   591247298055399424
rs0985      198.668      3.01970   591247847811213312
rs0986      198.689      2.97340   591248397567027200
rs0987      198.748     0.962700   -9999
rs0988      198.759      3.01680   591246473421678592
rs0989      198.775      3.04520   591253070491445248
rs1355      198.857     0.973500   332295262082983936
rs0990      198.861      3.01670   592317123154438144
rs0991      198.886      3.50080   591263790729816064
rs0992      198.924      2.87900   -9999
rs0993      198.949      2.91380   591259667561211904
rs0994      198.986      1.01860   -9999
rs0995      198.994      2.95140   592318222666065920
rs0996      199.131      3.06020   592314374375368704
rs0997      199.149      3.06440   591266539508885504
rs1356      199.251     0.639600   332305157687633920
rs0998      199.292      2.06770   592295407799789568
rs1357      199.295     0.527600   332293063059728384
rs0999      199.391      4.85680   958271152713656320
rs1000      199.406      4.48550   958204357382268928
rs1001      199.427      3.60360   592313824619554816
rs1002      199.463      4.36350   958191438120642560
rs1358      199.471     0.718400   333362063223056384
rs1003      199.485      4.52180   958195286411339776
rs1004      199.490      3.80230   958198035190409216
rs1005      199.494      4.40340   958193362265991168
rs1006      199.499      2.81380   592330317293971456
rs1007      199.568      4.46430   958190613486921728
rs1008      199.597     0.655500   -9999
rs1009      199.605      3.97680   958175770079946752
rs1010      199.644      4.48630   958193912021805056
rs1011      199.672      4.43190   958186490318317568
rs1012      199.690      1.38630   592294033410254848
rs1013      199.754     0.764800   -9999
rs1014      199.819      3.92650   958179068614830080
rs1015      199.867      1.82930   592275066834675712
rs1016      199.904      3.03260   592336914363738112
rs1017      199.920      3.40940   592338013875365888
rs1018      199.929     0.743000   333384603211425792
rs1019      199.939      1.51420   -9999
rs1020      200.023      3.07200   592336364607924224
rs1021      200.124      4.43920   958181817393899520
rs1022      200.176      4.42390   -9999
rs1023      200.234      1.50370   592259398793979904
rs1024      200.305      1.63900   -9999
rs1025      200.346     0.342400   334486588320933888
rs1026      200.376      2.22770   592264621474211840
rs1027      200.379     0.965900   -9999
rs1028      200.400     0.573000   333398896862586880
rs1029      200.581      2.42080   593447971366922240
rs1030      200.702      3.11760   592380345073035264
rs1031      200.720      4.49790   959350048481634304
rs1032      200.834      3.72000   959345650435123200
rs1033      200.889      4.46120   959340702632798208
rs1034      200.918      4.51470   11111
rs1035      200.964      2.14390   593435326983202816
rs1036      201.118      4.77490   959375062371166208
rs1037      201.120     0.989500   -9999
rs1038      201.149      1.57730   11111
rs1039      201.154      4.87890   -9999
rs1040      201.200      3.53160   593437800884365312
rs1041      201.231      3.54850   593442748686690304
rs1042      201.279     0.517400   -9999
rs1043      201.303      2.41810   11111
rs1044      201.310    0.0600000   -9999
rs1045      201.423      4.46390   959319537033963520
rs1046      201.600      4.46550   959314314353731584
rs1047      201.640      2.17510   593467762576222208
rs1048      201.641      4.45250   959315413865359360
rs1049      201.662      2.31370   593465838430873600
rs1050      201.692      2.24390   593480956715755520
rs1051      201.751      2.03590   -9999
rs1052      201.761      2.84780   593476833547151360
rs1053      201.816      4.20870   959305518260709376
rs1054      201.919     0.688000   334531668297672704
rs1055      201.952      3.09040   593472985256454144
rs1056      201.998      2.99430   593472160622733312
rs1057      202.067      2.98270   593496075000637440
rs1058      202.262      4.84400   959409696987441152
rs1059      202.308     0.728500   335606990602528768
rs1060      202.334      4.19970   11111
rs1061      202.400      4.47830   -9999
rs1062      202.438      1.18300   334558331454646272
rs1063      202.448     0.510600   334553658530228224
rs1064      202.457      1.02390   -9999
rs1065      202.461      2.40590   593501297680869376
rs1066      202.500     0.305100   335624582788573184
rs1067      202.509     0.317100   334556407309297664
rs1068      202.516     0.299800   -9999
rs1069      202.629     0.271000   -9999
rs1070      202.724     0.938000   335607540358342656
rs1071      202.787     0.692600   -9999
rs1072      202.854      1.98110   593370180919257088
rs1073      202.987      3.11770   594564794934126592
rs1074      203.071      4.28030   959275006813038592
rs1075      203.105      3.06120   594570292492265472
rs1076      203.130      4.80250   960497388848441344
rs1077      203.137    0.0608000   335579777689741312
rs1078      203.152      2.76780   593524662302959616
rs1079      203.186     0.768900   335641900096710656
rs1080      203.234      4.94690   960497663726348288
rs1081      203.242      3.53250   594565069812033536
rs1082      203.268      4.98170   959440758190925824
rs1083      203.274      3.88350   960473474470537216
rs1084      203.386      1.30700   594542529823664128
rs1085      203.446      2.04570   594550501282965504
rs1087      203.458      4.44490   960456157162399744
rs1086      203.458      3.31580   594578813707380736
rs1088      203.459      2.35850   594548302259709952
rs1089      203.472      3.29310   594578263951566848
rs1090      203.477      3.28350   -9999
rs1091      203.507      1.09610   335661966183917568
rs1092      203.515      4.75370   960522952493787136
rs1093      203.520      3.34710   594574690538776576
rs1094      203.524      4.78050   960524326883321856
rs1095      203.539      4.98800   -9999
rs1096      203.542      1.98760   -9999
rs1097      203.543      4.86850   960524052005414912
rs1098      203.597      4.92860   960523777127507968
rs1099      203.640      4.94610   -9999
rs1100      203.641      4.91870   960519653958903808
rs1101      203.653     0.596000   -9999
rs1102      203.664      4.13000   960443237900773376
rs1103      203.712      4.23680   960446536435656704
rs1104      203.730      4.96500   960524876639135744
rs1105      203.769      3.66050   960452858627516416
rs1106      203.852      1.41060   594512843009714176
rs1107      203.909      1.55640   -9999
rs1109      203.918      3.29310   594585685655054336
rs1108      203.918      1.50810   594512293253900288
rs1110      203.928      3.00190   594591183213193216
rs1111      203.951      2.99890   594592832480634880
rs1112      203.994      1.73010   594511468620179456
rs1113      204.000      3.63880   960430043761240064
rs1114      204.033      3.50950   594597780282959872
rs1115      204.043      3.31210   594599429550401536
rs1116      204.088      3.33090   594596955649239040
rs1117      204.156      1.25940   594497449846925312
rs1118      204.156      4.18840   960437465464727552
rs1119      204.183      3.27610   594621144905050112
rs1120      204.201      3.28020   594622519294584832
rs1121      204.209      3.52530   594618945881794560
rs1122      204.239      3.49310   594619220759701504
rs1123      204.244     0.225700   335682307149031424
rs1124      204.261      4.93000   -9999
rs1125      204.281      4.69240   960545767360063488
rs1126      204.313      2.42970   594517790812039168
rs1127      204.328      3.93860   960418224011241472
rs1128      204.341      4.68900   960546591993784320
rs1129      204.347      3.89740   960417949133334528
rs1130      204.367      2.22040   -9999
rs1131      204.372      4.10440   960432792540309504
rs1132      204.375      1.08280   335684506172286976
rs1133      204.396     0.782200   -9999
rs1134      204.426      3.47250   594633239532955648
rs1135      204.469      3.79550   960408603284498432
rs1136      204.520      4.14140   -9999
rs1137      204.527    0.0205000   336743056227198976
rs1138      204.547      4.51460   960425370836822016
rs1139      204.566      4.54260   960423171813566464
rs1140      204.584      1.89080   -9999
rs1141      204.603      1.04490   336734809889990656
rs1142      204.619     0.510300   335690003730425856
rs1143      204.621      2.52840   11111
rs1144      204.634     0.540200   335689179096705024
rs1145      204.666     0.545800   335691103242053632
rs1146      204.684      4.45900   960421522546124800
rs1359      204.714      4.43170   961604322162927616
rs1147      204.726      4.13060   960420697912403968
rs1148      204.734      4.22910   960420423034497024
rs1149      204.736      2.15080   594505146428319744
rs1150      204.769      2.16380   594502947405064192
rs1151      204.796      4.97970   960555937842620416
rs1152      204.805      4.62330   961616416790833152
rs1153      204.822     0.336600   -9999
rs1154      204.864      4.51060   961605421674555392
rs1155      204.871      1.07320   -9999
rs1156      204.874      4.51140   960413825964730368
rs1157      204.884      2.98130   594625542951561216
rs1360      204.945      2.62650   594634888800397312
rs1158      204.971     0.840000   -9999
rs1159      204.977      2.12230   594494426189948928
rs1160      204.990     0.830800   -9999
rs1161      204.993     0.846600   -9999
rs1162      205.052      2.48010   595709936344786944
rs1163      205.071      2.44380   594638462213187584
rs1164      205.071      3.83990   961598824604788736
rs1165      205.075      1.29270   594476009370183680
rs1166      205.089      1.54230   594477658637625344
rs1168      205.113      4.77380   961612293622228992
rs1167      205.113      2.00220   -9999
rs1169      205.118      3.75870   961596350703626240
rs1170      205.129      4.75460   961626312395483136
rs1171      205.130      4.61890   960402006214731776
rs1172      205.141      4.82030   961626037517576192
rs1173      205.144      4.69980   -9999
rs1174      205.148      4.81680   960566658080991232
rs1175      205.150      2.08430   595674751972698112
rs1176      205.177      4.81320   960568307348432896
rs1177      205.240     0.926100   336757075000453120
rs1178      205.246      3.06950   595704438786648064
rs1179      205.333      4.95630   961628511418738688
rs1180      205.386      4.19420   960400082069383168
rs1181      205.404      4.84600   -9999
rs1182      205.426      4.44990   960401731336824832
rs1183      205.428      4.27410   961595251191998464
rs1184      205.466      4.93390   961623563616413696
rs1185      205.495      2.31240   595652486862235648
rs1186      205.495      4.76350   961623288738506752
rs1187      205.521     0.718300   336768070116730880
rs1188      205.542      3.69640   -9999
rs1189      205.545      4.26260   -9999
rs1190      205.572      4.61980   961637582389667840
rs1191      205.608      3.85610   961587554610604032
rs1361      205.641      3.19850   595725329507575808
rs1192      205.644      4.52890   961579858029209600
rs1193      205.678      3.30200   595722580728506368
rs1194      205.717     0.945900   -9999
rs1195      205.742      3.25350   961574910226884608
rs1196      205.831      1.32240   595626373461075968
rs1197      205.917      3.89650   11111
rs1198      205.937      3.88910   961555393895491584
rs1199      205.990     0.797300   -9999
rs1200      206.002      4.73450   961649127261759488
rs1362      206.008      4.04750   961558692430374912
rs1201      206.020      3.90560   961557043162933248
rs1202      206.021      3.05060   595744021205248000
rs1204      206.140      4.77560   -9999
rs1205      206.172      4.94210   961655724331526144
rs1206      206.210      4.02380   961547147558283264
rs1207      206.553      3.50590   961543299267586048
rs1208      206.600      1.57880   596806974088177664
rs1209      206.623      3.87830   961544123901306880
rs1210      206.676      3.45970   961531204639680512
rs1211      206.716      3.74780   962723350155651072
rs1212      206.725      3.66080   961534778052470784
rs1213      206.780      3.62230   961534503174563840
rs1214      206.788      3.64390   961533403662936064
rs1363      206.811      3.13850   596830888466081792
rs1364      206.827      3.76750   962725824056813568
rs1215      206.882     0.367000   -9999
rs1217      206.910      3.33410   596830613588174848
rs1365      206.925      3.36620   596826215541663744
rs1218      206.930      3.41150   596829239198640128
rs1219      206.990      3.44960   596839684559104000
rs1220      207.001      4.98820   961681287976871936
rs1221      207.026      3.78030   962724174789371904
rs1222      207.066      4.37060   961529005616424960
rs1366      207.244      3.52250   962723075277744128
rs1223      207.317      4.17530   962717302841698304
rs1224      207.346      4.25920   961528180982704128
rs1225      207.372      4.21480   962707132359141376
rs1226      207.412      4.23830   961528730738518016
rs1227      207.420      4.23520   962709606260303872
rs1228      207.472      4.17800   961529280494331904
rs1367      207.484      4.13980   962707682114955264
rs1368      207.645      4.25400   -9999
rs1229      207.794      4.36180   962698886021933056
rs1369      207.978      2.43780   596880916245145600
rs1230      207.989      2.00340   596757496064927744
rs1231      207.999      2.46990   596880366489331712
rs1370      208.017      3.36900   596871570396309504
rs1371      208.041      3.63670   962677720423098368
rs1232      208.042      2.32510   -9999
rs1233      208.048      2.31530   596747875338184704
rs1372      208.051      2.40370   596880641367238656
rs1373      208.052      3.65520   962680194324260864
rs1234      208.061      2.35960   596748699971905536
rs1235      208.095      2.34580   596748974849812480
rs1236      208.101    0.0888000   337790895371872256
rs1237      208.144      1.77820   -9999
rs1374      208.150     0.818400   -9999
rs1375      208.154    0.0225000   338994860587509760
rs1238      208.161      3.46360   -9999
rs1239      208.184     0.802700   337939604319528960
rs1240      208.186     0.130300   338990737418905600
rs1376      208.200      1.96350   596745676314929152
rs1241      208.202     0.800100   -9999
rs1377      208.209      2.26370   596747600460277760
rs1242      208.214      1.67750   596741003390511104
rs1243      208.236      2.81430   596887788192819200
rs1378      208.254      2.26230   596737429977720832
rs1244      208.258      1.43680   -9999
rs1245      208.290      4.96090   962798116946339840
rs1246      208.310      3.89830   11111
rs1247      208.352     0.909700   -9999
rs1379      208.382      2.60880   596900982332352512
rs1380      208.385      2.25970   -9999
rs1248      208.425      3.37740   596884764535842816
rs1381      208.425     0.121600   338993486197975040
rs1249      208.435      1.18810   -9999
rs1250      208.437    0.0558000   -9999
rs1251      208.516      3.95140   963857495795722240
rs1382      208.542      3.77300   963853647505025024
rs1252      208.587      4.03540   -9999
rs1383      208.736      2.09570   597929850371598336
rs1384      208.771      3.29610   596892186239330304
rs1385      208.810      1.90780   597926826714621952
rs1386      208.924      2.87110   596898508431190016
rs1387      208.926      4.39490   963839353853863936
rs1388      208.991      3.04620   597942219877410816
rs1389      208.996     0.754200   339000358145648640
rs1253      209.044      1.79760   -9999
rs1390      209.457      2.45350   597983726441359360
rs1391      209.686      2.45680   597979603272755200
rs1254      209.690      2.84430   597988949121591296
rs1392      209.707      2.03620   597902637458810880
rs1393      209.966      2.09180   597895215755323392
rs1394      209.981      4.56190   963797572412008448
rs1395      209.983      1.99440   597891917220440064
rs1396      210.345      1.99120   599066195051702272
rs1397      210.365      1.97300   597872400889047040
rs1398      210.444      1.15680   339061930796804096
rs1399      210.508     0.993200   339062755430524928
rs1400      210.555      4.09520   655359541998807040
rs1401      210.674      1.88980   597871851133233152
rs1256      210.747     0.516100   -9999
rs1257      211.360      3.03320   599082962604025856
rs1258      212.137      3.02430   599125843557509120
rs1259      212.195      4.90980   655424138306938880
rs1260      212.594      4.01550   655292196911605760
rs1261      212.889      4.48270   -9999
rs1262      212.941      1.94730   598988129726130176
rs1263      213.167      1.75490   598985655824967680
rs1264      213.205      1.48920   600175052545091584
rs1402      213.783      3.11270   600248170068338688
rs1265      213.800      4.87210   656534920096671744
rs1266      213.801      4.82430   -9999
rs1267      213.849      4.40850   656448608433891328
rs1268      213.855      4.93400   656537668875741184
rs1269      213.948      4.16000   656443110875752448
rs1270      216.073      4.69960   657676213065639936
rs1403      216.852      3.07230   602447193407776768
rs1271      216.858      2.94550   601399908548765696
rs1404      216.898      2.95450   602457913646147584
rs1272      216.987    0.0226000   344621881103509504
rs1405      218.389      3.27470   659856269309405184
rs1275      218.610     0.830300   -9999
rs1276      219.175      2.38570   603598657379395584
rs1277      219.788      4.55180   659927187809396736
rs1406      219.894      2.65100   603630268338694144
rs1278      220.027      3.87370   659798544948946944
rs1279      220.154      3.46470   659792222757087232
rs1407      220.159      3.35640   659790298611738624
rs1408      220.373      3.19520   660969524882860032
rs1409      220.589      3.27080   659779303495460864
rs1280      221.837    0.0107000   346913538633132032
rs1281      222.348      4.23110   661077002144475136
rs1282      222.848   0.00710000   347988041941411840
rs1283      223.288      4.85110   662140230207301632
rs1284      223.579      4.93650   2060423294305200128
rs1285      223.630      4.93790   2060424118938920960
rs1286      223.802      2.81680   605859528247896064
rs1287      223.807      3.61200   662057217079404544
rs1288      223.887      3.03720   662042373672429568
rs1289      224.029      1.92500   605874371654871040
rs1290      224.110      2.34750   605883442625800192
rs1291      224.230      4.20510   662190807742179328
rs1292      224.377      3.77580   662038525381732352
rs1293      224.535      3.42320   663238367613315072
rs1294      224.641      3.51850   662035776602662912
rs1295      225.960     0.565400   349163419804395520
rs1296      227.653      3.30890   664343651710691328
rs1297      230.941      2.67030   666606995859597312
rs1298      230.946      4.26170   666648777301452800
rs1299      231.245      4.79010   2066108594104854528
rs1300      231.268      4.82980   2064906827878918144
rs1301      231.271      4.90630   2066108868982761472
rs1302      231.716      3.59740   666680663138658304
rs1303      231.736      4.07350   -9999
rs1304      232.171      1.37760   3325971073496803328
rs1305      233.399      3.87510   667797492091348992
rs1306      233.894      4.78500   -9999
rs1307      233.913      2.42690   3326074427589814272
rs1308      234.544      4.78040   2067206181654390784
rs1309      234.729      4.58310   -9999
rs1310      235.084      3.63430   668881885753010176
rs1311      235.874      4.79450   2067303488433448960
rs1312      235.998      4.02630   -9999
rs0079      142.853      4.34300   640728894198016000
rs0245      155.660     0.620000   -9999
rs0287      158.773     0.281000   -9999
rs0294      159.383     0.523000   -9999
rs0878      189.606      1.78400   -9999
rs0902      190.662     0.686000   -9999
rs1203      206.044      4.14700   -9999
rs1216      206.882      4.09700   -9999                 
