 	ra	dec
 	133.0709381	3.729882257
 	133.386287	4.782328213
 	133.6863495	4.301955239
 	134.0094245	1.883546299
 	134.4549226	1.323039135
 	134.6091256	3.394205686
 	134.6197837	3.369426516
 	134.8240349	0.690122997
 	134.9949119	3.479064495
 	135.207587	2.890758861
 	135.212556	1.161232214
 	135.2652892	3.604523456
 	135.4379653	0.52181125
 	135.477895	1.172049016
 	135.5883075	3.615775574
 	135.7865289	3.722129713
 	136.4076178	0.003429183
 	136.7698076	3.146084182
 	137.1742492	0.484768722
 	137.2265147	1.432599888
 	137.4391804	1.793335117
 	137.476111	1.685438048
 	139.1756489	0.205671809
 	139.5684628	0.385125323
 	139.7567289	0.172083274
 	139.7759765	0.677654845
 	139.7932502	1.055476823
 	139.9255121	1.325922671
 	139.9348504	0.913503275
 	139.9799013	0.945227237
 	139.9950948	0.960955391
 	139.9987464	0.93103104
 	140.0088754	1.038421634
 	140.0649676	1.288917997
 	140.0916075	0.82318083
 	140.1238814	1.848214513
 	140.1310731	0.937133282
 	140.1386286	0.721144406
 	140.1430882	1.551115561
 	140.1550841	0.822884479
 	140.1599831	3.756562109
 	140.1922687	0.604928084
 	140.2860245	0.080623476
 	140.2928798	1.472742917
 	140.3588014	3.918912471
 	140.3893589	1.585221304
 	140.4300842	2.690941013
 	140.4330042	4.374134172
 	140.5893445	4.061382817
 	140.7371645	1.434059491
 	140.7505783	2.868709968
 	140.7833613	2.485983538
 	140.8050153	2.060196875
 	140.8056756	2.60142789
 	140.9020952	2.136587901
 	140.942724	2.752770498
 	140.9498112	2.112986476
 	141.026978	2.082650901
 	141.2943732	1.65390663
 	141.3518506	2.063781464
 	141.3746847	2.07836065
 	141.3949989	2.341917673
 	141.4321454	3.101108286
 	141.4456964	2.229194093
 	141.4476189	2.089685451
 	141.6175906	2.300328625
 	141.686332	1.154413259
 	141.8700534	3.929662446
 	141.878775	3.711560309
 	141.9625088	3.473615432
 	142.090907	1.749027842
 	142.1255629	2.433666097
 	142.3116771	4.911961963
 	142.3566035	0.355518188
 	142.3592138	2.070798592
 	142.4214473	2.205650514
 	142.4413621	2.201608051
 	142.4556145	2.143958839
 	142.4718677	2.160732979
 	142.4730712	2.280397706
 	142.5630046	4.14401544
 	142.8163026	4.625958864
 	142.9233959	4.50009702
 	142.9444929	1.056808615
 	143.0549977	3.802711133
 	143.0959779	2.548147272
 	143.4691273	3.123254255
 	143.5018443	2.47722667
 	143.5170793	0.383768272
 	143.5435978	0.257996401
 	143.5440004	0.241677415
 	143.6426899	0.089693258
 	143.6543248	0.046154029
 	143.6907018	3.096399513
 	143.7639738	4.690371067
 	143.9687044	4.016779598
 	144.029174	3.011560658
 	144.1116431	1.191707437
 	144.1474039	1.116552676
 	144.1660068	0.40727285
 	144.1696947	2.703572881
 	144.2494541	4.520150241
 	144.4330818	2.759081341
 	144.4375877	2.747599964
 	144.4468596	2.736013354
 	144.4895553	3.462975215
 	144.5450497	3.078957763
 	144.5621307	4.15271552
 	144.5729137	4.08061558
 	144.5764432	4.09426929
 	144.5993113	4.014711559
 	144.6278715	2.57337533
 	144.6488897	2.668194993
 	144.7536997	4.721475987
 	144.7890011	0.984475358
 	145.1515517	3.577070414
 	145.3161129	1.523262068
 	145.4795832	1.318851784
 	145.613283	3.346834396
 	145.6578286	1.300665421
 	145.7819404	3.430127792
 	145.7854155	3.940351634
 	145.8265458	0.373108309
 	146.0390844	3.403886638
 	146.0433145	2.410194669
 	146.1433792	4.001767436
 	146.2123007	4.580779694
 	146.2255023	2.465314312
 	146.2317394	0.068229997
 	146.2829491	0.06411431
 	146.3008738	0.035460408
 	146.3976731	4.41068243
 	146.4949452	3.145201852
 	146.5091582	3.13437719
 	146.5146486	4.403554424
 	146.530701	0.781925651
 	146.5843821	3.045795431
 	146.587837	3.071418264
 	146.7496712	2.56149115
 	146.8068923	0.665652257
 	146.8422072	0.740948554
 	146.9006192	3.283821006
 	146.9203598	3.337294238
 	147.0395704	2.529208018
 	147.0410544	2.539370094
 	147.0676295	3.905856169
 	147.1714734	3.374743324
 	147.1928483	0.271867682
 	147.2486404	2.462699425
 	147.2528153	4.303152267
 	147.2864176	2.481084032
 	147.3054651	0.217619715
 	147.3104204	3.785058138
 	147.3610568	4.0032056
 	147.5601781	4.199071639
 	147.6431285	3.541206738
 	147.6802766	4.950774076
 	147.7463914	4.273307975
 	147.8353045	0.899807289
 	147.8599502	1.93069406
 	147.8958106	1.112128782
 	147.8972661	0.434888548
 	147.9482537	3.122836463
 	147.9987969	1.046505731
 	148.047637	1.095509619
 	148.1040989	2.180924145
 	148.1117932	2.278966581
 	148.123446	2.154496557
 	148.3205589	1.977824182
 	148.3236165	1.219357283
 	148.3352017	0.720706689
 	148.432622	2.374096739
 	148.440433	0.786711292
 	148.4433597	0.494503705
 	148.5444538	2.287462241
 	148.5845444	2.297633505
 	148.6753344	4.975585601
 	148.8469037	0.879338003
 	148.9427623	3.405111303
 	149.2181855	3.149316425
 	149.2337964	3.382875994
 	149.2448952	3.356440142
 	149.4481127	4.520699533
 	149.8209616	3.441383137
 	149.9179646	3.29307014
 	150.1580385	3.127203385
 	150.2102503	1.335597369
 	150.5292166	3.057813872
 	150.5467632	2.021716688
 	150.6891786	4.455051163
 	151.0221621	3.494487925
 	151.0790834	0.120510503
 	151.1089764	0.60184866
 	151.1637839	0.281584042
 	151.3045742	4.163544252
 	151.3106258	2.74325959
 	151.3281329	2.495804535
 	151.350282	0.544000089
 	151.3523329	2.549100659
 	151.365261	2.633514442
 	151.3828991	0.611070611
 	151.3957206	3.053753239
 	151.4575637	0.633463247
 	151.4610114	0.631908429
 	151.4804912	0.652279732
 	151.4837322	0.61739999
 	151.4838197	0.590884009
 	151.508782	4.52221754
 	151.5129543	3.109831881
 	151.5348201	2.969204427
 	151.5361811	0.688398416
 	151.5437057	2.913034091
 	151.5514671	2.523729715
 	151.5565919	4.033672419
 	151.5703599	3.827863515
 	151.5839877	3.124611171
 	151.630775	2.482617822
 	151.6545628	0.632650333
 	151.7858288	2.65672575
 	151.7993067	0.80913237
 	151.8069411	2.902545126
 	151.8094632	0.05601157
 	151.8480863	3.070889601
 	151.8555222	1.265020799
 	151.9415743	3.371230728
 	151.9437604	2.874631496
 	151.9533786	2.878635861
 	152.0707584	2.273217679
 	152.6162972	2.228394158
 	152.6306419	2.23288577
 	152.7097891	0.280562872
 	152.734962	1.072083278
 	153.1050828	1.245907982
 	153.4689213	0.550928437
 	153.7595881	0.96831712
 	153.8821257	0.307795483
 	154.0389068	1.191145955
 	154.1713154	2.074674801
 	154.309213	1.720189371
 	154.3587139	1.702145093
 	154.3741212	0.200657435
 	154.5096018	0.763845215
 	154.605664	1.182255953
 	154.8228858	0.344484193
 	155.2266694	1.913446865
 	155.4648615	0.410201395
 	155.471526	0.295482696
 	155.5737962	0.010365953
 	155.5858911	3.961663547
 	155.6003977	1.19881379
 	155.6012392	3.997313673
 	155.7791352	1.006142203
 	155.982619	1.033427506
 	156.0069676	0.621499552
 	156.0115983	0.207833237
 	156.0318718	0.141982494
 	156.0590018	0.147841162
 	156.0849814	4.019050833
 	156.1490032	1.10984476
 	156.2210527	3.846691648
 	156.3132286	0.892687069
 	156.3323159	0.636262801
 	156.3658919	0.883658472
 	156.3793862	0.381222771
 	156.4252148	0.763038815
 	156.5365843	4.373026371
 	156.5880666	0.684955489
 	156.6616887	0.983487088
 	156.6809288	1.006148555
 	156.837748	0.422363552
 	156.8404895	1.277449286
 	156.8541703	1.241783222
 	156.872955	1.24678259
 	156.873686	1.254642617
 	156.8776684	2.768252481
 	156.8896495	4.466703815
 	156.919231	1.437376964
 	156.9208905	1.200823063
 	156.9316716	1.193958286
 	156.9605734	2.119057518
 	157.0656992	4.406556348
 	157.1206441	1.249912349
 	157.1557242	1.30433523
 	157.1688975	1.348602148
 	157.2081123	4.960572459
 	157.2384232	2.18576432
 	157.4045909	0.951159588
 	157.948684	2.226646826
 	157.9854301	3.081778387
 	158.1120811	2.55486663
 	158.1159894	3.914082118
 	158.2064431	2.777219891
 	158.5094058	1.311377764
 	158.8374128	3.558427099
 	158.8545135	3.294476273
 	158.8843157	1.448726512
 	158.931866	0.008613521
 	159.0086279	0.989121997
 	159.1600183	1.024601831
 	159.4380737	0.477367193
 	159.4660309	2.388958519
 	159.4706893	4.813226812
 	159.5092665	0.526738253
 	159.5294309	4.894517232
 	159.5678388	0.119753062
 	159.5705424	1.096789429
 	159.8515974	2.444244376
 	159.8849012	2.187962105
 	160.0399485	0.070160359
 	160.1680577	0.375537305
 	160.2553422	0.632518358
 	160.3258775	1.348213099
 	160.4725555	0.794099176
 	160.5561988	0.774773919
 	160.6143176	2.761373267
 	160.6866022	0.149162426
 	160.7098225	0.879966378
 	160.8870983	1.197305297
 	160.9124788	4.970605256
 	160.9930359	1.935726661
 	161.06939	2.78783026
 	161.0888677	2.793308476
 	161.1667362	2.259090882
 	161.2023859	3.298321466
 	161.281737	3.674659841
 	161.320893	1.467510752
 	161.3423367	1.985383513
 	161.3440251	1.124041832
 	161.442388	1.99737277
 	161.456564	2.089624069
 	161.4699993	1.649215842
 	161.4836102	2.587135791
 	161.4938632	2.83252565
 	161.5588955	2.556224592
 	161.642866	1.774475123
 	161.661846	3.24386268
 	161.6948311	3.161784231
 	161.9344032	0.871902821
 	161.9774328	0.812544488
 	162.0792191	0.840835439
 	162.3820267	4.007246129
 	162.5717347	3.512545589
 	162.6023971	4.993077018
 	162.68759	3.513527183
 	162.8473711	2.218329998
 	162.906267	2.094962067
 	162.9329009	3.99786297
 	162.9690033	0.554377518
 	163.1371077	3.019206669
 	163.2231669	4.506264361
 	163.2403916	4.624119877
 	163.2658127	4.631858658
 	163.3582802	4.504060785
 	163.5302048	4.94016371
 	163.6994294	2.947964305
 	163.8995371	4.377631886
 	163.9153159	4.368874625
 	163.9695313	4.465274906
 	164.0107663	0.662214048
 	164.5676331	4.583679586
 	164.5745889	4.660676385
 	164.6281871	4.631132821
 	164.8309888	0.302529013
 	165.0798228	4.171939695
 	165.0981671	4.196620941
 	165.1527259	4.198377909
 	165.2113858	4.39154594
 	165.3010475	3.553628359
 	165.3831152	4.377392148
 	165.4757202	4.046525022
 	165.4874791	4.026387856
 	165.5285764	4.257448584
 	165.5755891	0.23312566
 	165.635435	4.061546793
 	165.7672196	3.700692889
 	165.8107886	3.724862976
 	166.0529707	4.330590424
 	166.2859569	4.822295391
 	166.312048	0.989255136
 	166.3882591	4.196376804
 	166.4169945	4.612756252
 	166.4569723	1.744534105
 	166.4582357	0.403163833
 	166.498992	4.514247092
 	166.5096435	4.429568997
 	166.5453789	4.336263794
 	166.5575473	2.616809065
 	166.5781512	4.463051862
 	166.5798883	4.636887203
 	166.6722268	4.444810318
 	166.6886389	4.86410548
 	166.8335874	4.542277543
 	167.1414465	4.831886665
 	167.2687687	4.776211821
 	167.2782423	3.927872055
 	167.4938834	0.181421627
 	167.5457806	4.97835892
 	167.6815077	4.492819827
 	167.686721	4.846660207
 	167.7347422	4.731981185
 	167.7355729	4.729481879
 	167.7815356	4.337920033
 	168.0904661	3.761367508
 	168.3163206	3.657440002
 	168.3340004	3.620406022
 	168.4334125	4.240669261
 	168.4691274	4.290769999
 	168.4717577	4.801769415
 	168.5684219	4.192332496
 	168.5751413	4.709809341
 	168.6012422	4.160341698
 	168.6231459	2.605774865
 	168.7058755	0.905622738
 	168.7657878	1.700352675
 	168.7720773	1.286830021
 	168.8010765	1.185965529
 	168.8316768	4.206875544
 	169.0162854	3.567560797
 	169.0789243	4.139184502
 	169.1433124	4.080460205
 	169.2052898	4.361473771
 	169.330966	2.881706964
 	169.3351605	2.446932399
 	169.3732793	2.504299934
 	169.3930387	2.772623595
 	169.5025853	3.810843602
 	169.544016	2.60079925
 	169.551384	3.803849727
 	169.6052952	0.195922866
 	169.6188062	1.664065978
 	169.6297802	3.383531989
 	169.6651968	3.697472558
 	169.6729705	2.622061548
 	169.6852992	2.03281035
 	169.6861674	2.90923398
 	169.7315755	0.089917006
 	169.7625531	4.444243312
 	169.7711739	1.252181862
 	169.7814538	3.231175539
 	169.790485	3.229073248
 	169.7940804	3.208336788
 	169.8169685	3.561888106
 	169.8592476	3.201671036
 	169.9829263	1.198925925
 	170.0557952	0.942706114
 	170.0734907	0.886063914
 	170.1064884	1.066964649
 	170.1643143	0.457499782
 	170.1940137	0.470624402
 	170.1999399	0.468795876
 	170.2040965	0.459300606
 	170.2053724	0.390250226
 	170.2298816	2.025676055
 	170.2488363	0.534370541
 	170.3168284	1.784609634
 	170.3617653	3.445880895
 	170.3656493	1.467739812
 	170.3870768	2.810576584
 	170.5047731	4.96032787
 	170.5338251	4.692874537
 	170.6104192	0.424736456
 	170.6632585	0.55598014
 	170.6754462	0.591794922
 	170.9050026	0.981930613
 	170.9609865	1.734258834
 	170.9907131	0.621744279
 	170.9944888	2.937071435
 	170.9984772	2.691846178
 	171.0609813	2.010184912
 	171.0652004	2.958599793
 	171.1567664	1.16868419
 	171.1760189	1.215132784
 	171.5040534	1.984265315
 	171.5342235	2.833177766
 	171.5397492	1.895599239
 	171.574848	2.579780395
 	171.6740746	1.241439662
 	171.7209795	2.180208418
 	171.7420004	2.333001841
 	171.9176338	3.58997779
 	171.9846166	3.71070433
 	171.9872406	1.299542579
 	172.0597941	2.400230359
 	172.0667516	2.633686024
 	172.0734174	2.654048548
 	172.1139707	1.082566077
 	172.128732	0.78263236
 	172.170267	4.771808693
 	172.1931382	1.617942769
 	172.206507	1.823796581
 	172.2420309	0.878980245
 	172.2499911	3.854011961
 	172.331459	3.089445138
 	172.3691276	0.113052905
 	172.3821007	1.034712288
 	172.3934445	4.347507659
 	172.3944642	1.067983439
 	172.405467	3.156244256
 	172.4498976	1.137945427
 	172.5517791	3.801092983
 	172.6566424	3.756659592
 	172.7225495	4.533750096
 	172.7363448	2.287166851
 	172.8678533	0.494547471
 	172.9212881	3.488061463
 	172.9562342	0.330953343
 	172.9807659	0.992429709
 	173.02419	3.56239236
 	173.0432713	1.207392707
 	173.0558832	0.819345115
 	173.0688215	0.512290417
 	173.0899259	0.804036711
 	173.1433009	0.801343349
 	173.2181512	1.172649931
 	173.2232263	0.568148117
 	173.3396471	0.798795103
 	173.4947421	4.345107923
 	173.5162143	2.973465959
 	173.5716746	3.84164815
 	173.6021123	1.154360765
 	173.6323387	3.634891296
 	173.7689272	1.675869463
 	173.770432	2.551439463
 	173.7810871	4.221012017
 	173.7952041	1.98678437
 	173.9038684	0.127776812
 	173.9116983	1.357617752
 	174.1138593	3.97546209
 	174.2260419	4.123688788
 	174.3821125	0.273995689
 	174.4072667	3.324542704
 	174.4098651	1.08665547
 	174.4362056	4.075058957
 	174.6185061	0.300514115
 	174.7288579	3.580987715
 	174.7305165	3.600788603
 	174.8012345	1.157923754
 	174.8618036	3.471143404
 	174.8736191	0.116622293
 	174.9100496	4.465690305
 	175.0493327	3.56785268
 	175.0499894	2.185217035
 	175.0789833	4.269714398
 	175.207209	1.758903252
 	175.2139061	4.80968748
 	175.2363914	1.461095533
 	175.2566702	1.4934047
 	175.2906759	4.625740296
 	175.3424144	0.1275775
 	175.4311387	3.781905851
 	175.4621225	2.393087208
 	175.4672662	2.582031502
 	175.5511903	0.334114581
 	175.686749	0.282299898
 	175.7245358	0.161852495
 	175.7886803	0.559068849
 	175.837405	0.02854149
 	175.8548019	0.013868062
 	175.9028083	4.929749232
 	176.3968975	3.231924019
 	176.442122	3.029794783
 	176.4882583	4.747142938
 	176.7226347	2.100688204
 	176.769613	1.814233845
 	176.8036788	2.533934072
 	176.8835323	2.787636381
 	177.0007679	4.488203625
 	177.1574845	0.024448559
 	177.2301552	4.164813842
 	177.3469932	2.692625164
 	177.4138126	3.221846433
 	177.6280255	1.983330401
 	177.883326	4.852649256
 	178.0060629	1.997886145
 	178.0467153	4.356564549
 	178.0626074	2.533174962
 	178.0979497	3.974462616
 	178.1409779	2.026940934
 	178.1808847	1.740867068
 	178.2229165	1.578375765
 	178.4902969	1.834743287
 	178.5088908	1.548482704
 	178.7138179	2.95936021
 	178.741768	4.660662261
 	178.7474683	1.858424127
 	178.8664452	4.147352662
 	179.108835	3.766668964
 	179.1905151	1.014294588
 	179.2155219	4.838332949
 	179.2360414	2.806409104
 	179.2599443	0.498463954
 	179.3478653	4.54311273
 	179.3959167	4.556220037
 	179.6811026	4.361633076
 	179.8952648	3.338147703
 	180.0749133	0.294943293
 	180.1108325	1.66880755
 	180.1528879	2.146689361
 	180.2444761	2.103763471
 	180.2708374	0.113770612
 	180.3050375	2.049967089
 	180.3212115	2.08813965
 	180.3344292	2.52394244
 	180.3452285	1.925588145
 	180.3817589	1.295842969
 	180.3972137	4.592553132
 	180.4208942	4.769993954
 	180.4561847	4.405409505
 	180.4560917	2.421478859
 	180.4622016	1.569819268
 	180.4838185	2.096023414
 	180.5225069	1.525965996
 	180.5397943	3.310654128
 	180.5733062	4.716542465
 	180.5840944	1.798078929
 	180.5956164	4.329907536
 	180.6093252	1.352703707
 	180.6196129	2.288573983
 	180.6283925	4.405292051
 	180.6362805	1.74886803
 	180.6414201	1.861136748
 	180.6514495	4.550023089
 	180.677828	1.952158391
 	180.6788241	1.526343788
 	180.703894	4.208063943
 	180.7316044	4.2341388
 	180.7370698	1.393795242
 	180.7393587	2.135334378
 	180.7407197	4.845976874
 	180.7539255	2.836488338
 	180.7583347	4.11868815
 	180.7713498	1.478243743
 	180.8050698	1.950931229
 	180.8445114	4.229839593
 	180.8466403	2.834545021
 	180.8696881	1.976502321
 	180.872888	1.229423493
 	180.8809153	4.167601925
 	180.8820054	2.008583426
 	180.8839423	3.39777321
 	180.8867429	1.80290284
 	180.893199	2.179015939
 	180.9000681	2.049975955
 	180.9009915	3.75653631
 	180.9039529	2.630509219
 	180.9066777	2.046997948
 	180.9126707	3.645907348
 	180.9127213	4.440439129
 	180.9258684	1.457552144
 	180.9341984	4.215463851
 	180.934792	1.836094936
 	180.9360066	1.695186758
 	180.9483346	2.017222734
 	180.9530796	4.222014293
 	180.9542265	3.548295694
 	180.9663254	1.836128919
 	180.9758771	1.891541258
 	180.9775614	2.181079815
 	180.9897103	1.96095167
 	180.9924373	1.482702717
 	180.9977287	1.410781046
 	181.0203712	1.971834509
 	181.0248549	1.847082006
 	181.0309321	1.58354111
 	181.0405103	1.826179822
 	181.0463108	2.321375221
 	181.0544998	1.900209175
 	181.0620891	1.866735728
 	181.0693161	1.546287037
 	181.0695953	2.002359865
 	181.072121	1.917518729
 	181.0720661	3.873180373
 	181.0760514	1.699974425
 	181.0790888	1.848433271
 	181.0832359	1.567490421
 	181.1026335	2.459341971
 	181.104885	1.64734956
 	181.1126056	1.896124257
 	181.1151162	1.748539887
 	181.1203311	1.894354032
 	181.1227227	1.940031348
 	181.1244085	2.448575683
 	181.1262273	1.684024522
 	181.1284762	2.343366314
 	181.1340671	2.453185063
 	181.1417365	1.801905155
 	181.1418677	1.738241328
 	181.1449765	1.842409467
 	181.1522419	2.047537274
 	181.1530031	1.892698693
 	181.1531012	1.919050757
 	181.1575644	2.072627968
 	181.1584499	1.787844929
 	181.1686939	2.138854984
 	181.1716828	1.996924113
 	181.1744028	1.602770322
 	181.1914896	1.803993236
 	181.1933159	2.005280509
 	181.2219359	1.9423236
 	181.2257592	1.821361342
 	181.227525	1.215505206
 	181.2328797	1.900897214
 	181.2369983	1.508310696
 	181.2391146	1.635293781
 	181.2657642	2.567160596
 	181.2852658	2.345735557
 	181.2878396	1.846044229
 	181.2893602	1.559337193
 	181.2990173	2.415823582
 	181.3248227	2.289620968
 	181.3284161	1.637642148
 	181.3338948	1.778730102
 	181.3369831	2.534341279
 	181.3397798	2.086331846
 	181.3529479	2.208586123
 	181.3646366	1.948171769
 	181.3662956	1.861491679
 	181.383178	0.039396611
 	181.4070465	1.828325583
 	181.4144066	0.408665485
 	181.4193319	1.593571763
 	181.4196328	1.575117277
 	181.4501856	1.971759469
 	181.4976163	2.498389872
 	181.4992215	1.886073272
 	181.5130436	1.555185064
 	181.5265419	2.192260781
 	181.6314449	1.616602121
 	181.6640353	1.284274485
 	181.6673589	1.334354688
 	181.8833988	1.637633887
 	181.9086173	1.574257198
 	181.9170772	0.246650694
 	182.0023044	1.362015091
 	182.0164816	0.69775762
 	182.1291956	0.752722232
 	182.1300478	1.909446694
 	182.1780164	1.456590175
 	182.2205848	0.705578349
 	182.2783412	0.473257966
 	182.2995674	1.73151719
 	182.3046584	1.836631129
 	182.3218378	1.15161295
 	182.3555498	0.308272876
 	182.3693546	0.533374937
 	182.4044482	0.53618418
 	182.4109949	0.957026377
 	182.4210479	0.657734949
 	182.4742712	0.928471218
 	182.4799639	2.068660858
 	182.5513102	0.754059808
 	182.5692752	0.626660733
 	182.6297068	0.672845608
 	182.6358901	0.677618534
 	182.64703	1.02874751
 	182.6551828	1.064907231
 	182.6818235	0.95191825
 	182.6846362	0.625964245
 	182.7095473	0.595957745
 	182.764065	0.624142719
 	182.7668698	0.972413746
 	182.7830221	0.956912066
 	182.7905871	0.785710654
 	182.7951011	2.255654062
 	182.795176	1.441804716
 	182.8325555	0.804958888
 	182.8690265	0.378623059
 	182.9042525	0.322523797
 	182.9206428	0.252672583
 	182.9445644	0.989483795
 	182.989939	1.48914757
 	182.9978143	1.349827848
 	183.03839	1.311481586
 	183.0907747	0.296517726
 	183.128552	0.894276021
 	183.1436684	0.186059035
 	183.1582038	0.893445036
 	183.1932811	0.409118008
 	183.2512417	0.043855233
 	183.2912658	1.192337018
 	183.509212	2.992726318
 	183.5331539	2.082564187
 	183.6215753	0.83016325
 	183.6371973	0.984383362
 	183.689313	0.743629102
 	183.89462	1.286448134
 	183.9686066	0.400782578
 	183.9905267	3.305955415
 	183.9940841	2.039714845
 	184.1391268	3.521544622
 	184.1772261	1.405037439
 	184.3387992	2.579734504
 	184.3722367	1.198613082
 	184.4462452	4.783080598
 	184.5694664	0.55200971
 	184.6070296	2.003872885
 	184.62521	4.306946852
 	184.6273875	0.013344986
 	184.66696	3.026993683
 	184.6986232	2.09958133
 	184.7224908	3.014398393
 	184.723018	2.99233246
 	184.7395799	2.990647872
 	184.8173618	0.648210033
 	184.8550694	0.630984999
 	184.89878	1.216695895
 	185.1116975	4.591688718
 	185.1679475	2.758132692
 	185.4785631	4.875417258
 	185.5027493	2.899361783
 	185.5372347	1.112760694
 	185.6763944	3.141904082
 	185.7066577	3.103965277
 	185.7302779	3.131643791
 	185.7324003	3.679865322
 	185.7681599	3.66590761
 	185.7963549	3.111617264
 	185.818783	4.836073422
 	185.8345196	4.895169629
 	185.8368746	4.810728967
 	185.8505173	2.679128422
 	185.8577592	4.525129813
 	185.8869605	4.483433104
 	185.8925902	4.10705002
 	185.8984343	3.768265592
 	185.911438	4.816264792
 	185.9273388	0.962249225
 	185.9611565	4.087293772
 	185.9771162	0.830597849
 	186.020446	1.189681561
 	186.0583636	3.726175948
 	186.1461662	1.892526587
 	186.2618203	1.794021739
 	186.2782969	3.791516208
 	186.430119	4.418227294
 	186.4441624	4.510365679
 	186.4609725	1.443216272
 	186.4940058	4.473975934
 	186.5600453	0.267302957
 	186.5821543	1.724365517
 	186.9818428	1.116289028
 	187.1131182	0.142543168
 	187.1187001	0.060355097
 	187.2788795	0.581199229
 	187.3400454	1.057204061
 	187.4209708	0.253477301
 	187.5028376	0.605473111
 	187.5504811	3.577400392
 	187.6530114	0.846346029
 	187.6575485	0.343984155
 	187.6978681	0.635841354
 	187.7057842	0.74515784
 	187.7167404	0.527291889
 	187.729379	3.492073943
 	187.7438192	0.651366486
 	187.7480236	0.542127238
 	187.7808491	0.46323063
 	187.7848876	0.613984586
 	187.7959032	0.606337675
 	187.8358273	3.124833485
 	187.8400678	0.239909883
 	187.8416954	0.609948835
 	187.8552702	4.020116128
 	187.874704	3.132666792
 	187.9029429	1.348447277
 	187.9194623	3.927117973
 	187.921789	0.959324155
 	187.9224297	1.306035881
 	187.9374543	0.511941979
 	187.9397935	0.452637269
 	187.9871186	3.889124541
 	188.0195531	4.127121864
 	188.1069861	0.457167441
 	188.2073435	3.300029314
 	188.3108307	3.233092507
 	188.6701526	3.323795098
 	188.6874252	0.366674344
 	188.6949961	3.010331149
 	188.7164635	1.883204923
 	188.7590108	0.037743559
 	189.3799497	3.384422492
 	189.38952	4.367893463
 	189.3965953	0.476878507
 	189.4020478	1.588947051
 	189.5120719	2.059655221
 	189.5922168	1.679215131
 	189.6197667	1.754443407
 	189.6497024	1.40242558
 	189.6531707	0.624537966
 	189.6935086	0.322619151
 	189.7005403	0.270118768
 	189.7545596	0.365738882
 	189.7591947	0.257130229
 	189.7733476	0.282971751
 	189.797371	0.717980292
 	189.8142297	0.291908007
 	189.8434177	0.460290602
 	189.9233377	0.544166449
 	189.94056	0.898340225
 	189.9687065	0.125537699
 	190.0840267	1.273449397
 	190.1552079	4.344581591
 	190.1816415	0.797960719
 	190.223405	1.008421776
 	190.2390459	0.987323616
 	190.2787757	3.610563136
 	190.284065	3.755754253
 	190.3095173	3.657479119
 	190.3398234	0.221023849
 	190.6695806	1.34589225
 	190.7172588	0.898891662
 	191.1203182	4.172364124
 	191.3181163	2.449106017
 	191.4045721	2.721963301
 	191.4905179	1.298067792
 	191.534442	4.443552827
 	191.7840051	4.136074832
 	191.8483057	0.64419064
 	191.8671104	3.038647965
 	191.8726658	0.72637268
 	191.9013681	1.665556992
 	191.9413068	3.147647318
 	192.1177887	3.440476297
 	192.1371532	3.484575028
 	192.1706575	0.832554525
 	192.2490893	1.988053606
 	192.3837281	3.632081611
 	192.3975763	3.604388345
 	192.8774808	1.1951226
 	192.9110241	1.670969109
 	193.096404	2.289090131
 	193.3820834	2.701685831
 	193.5223154	0.175297935
 	193.8855849	2.93997815
 	193.986853	1.985485249
 	194.3434726	2.370285511
 	194.3904033	3.922801931
 	194.4033321	3.445275613
 	194.4710077	3.722870673
 	194.6644778	4.393562368
 	194.7420073	1.824412015
 	194.822604	1.499423531
 	194.8235815	1.311111253
 	194.908466	4.975729371
 	194.9520297	4.999550009
 	194.955943	4.966933923
 	194.9859035	4.154850743
 	195.0196139	0.452985549
 	195.0683219	1.557640771
 	195.213868	2.924730421
 	195.2498987	2.832637229
 	195.3542695	4.469544166
 	195.4934223	3.100789827
 	195.6006633	3.375928771
 	195.717059	0.406994414
 	195.7190245	3.549035526
 	196.1172619	4.531891527
 	196.1744736	2.963755391
 	196.3064414	4.899763593
 	196.4921489	1.792582074
 	196.4943679	3.956535568
 	196.5839999	4.150140794
 	196.6399804	1.531773051
 	196.6475079	4.461600769
 	196.8286683	2.003491609
 	196.8787751	2.327043515
 	197.0491949	4.751613241
 	197.0568631	4.367612015
 	197.1141335	4.370299098
 	197.1233572	4.368009831
 	197.1385974	4.375298589
 	197.2086508	1.002288282
 	197.2121891	0.794740045
 	197.2282572	4.099190585
 	197.3321394	0.883733327
 	197.382683	0.857191059
 	197.3879061	1.673315482
 	197.3931765	1.62326391
 	197.3950401	4.950653042
 	197.4217037	2.284945077
 	197.5194865	0.949153573
 	197.5805503	2.025762283
 	197.7517364	0.875349921
 	197.8710679	3.687489343
 	197.887106	1.525730826
 	197.9060982	0.665953768
 	197.9561297	2.111196083
 	197.991705	1.957252429
 	198.0080553	0.592328828
 	198.0472207	4.77821744
 	198.0536554	2.121015797
 	198.0675503	3.783358449
 	198.176475	4.729931682
 	198.3769684	3.362056797
 	198.5881305	4.456154665
 	198.6355923	2.56471349
 	198.6373294	0.592044186
 	198.6420269	3.041329831
 	198.6675992	3.019687506
 	198.6891716	2.973683184
 	198.74805	0.962710087
 	198.7591513	3.01688133
 	198.7746629	3.04527292
 	198.8572267	0.973525259
 	198.8608142	3.01680012
 	198.8862328	3.500838341
 	198.9238137	2.879007149
 	198.9489597	2.913799985
 	198.9862688	1.018844926
 	198.9941854	2.951406171
 	199.13107	3.060211796
 	199.1489094	3.064123398
 	199.2505771	0.639626792
 	199.2920794	2.067665349
 	199.294812	0.527627043
 	199.3911757	4.856911309
 	199.4057923	4.485555437
 	199.4265868	3.603690077
 	199.4637373	4.363388941
 	199.4711866	0.718474606
 	199.4851026	4.521963846
 	199.4896033	3.802392821
 	199.4943898	4.403643441
 	199.4989156	2.813986755
 	199.5677243	4.464301153
 	199.5972509	0.655464863
 	199.6050129	3.976789296
 	199.6439337	4.48639432
 	199.671726	4.431940754
 	199.6893904	1.38631073
 	199.7534743	0.763045815
 	199.8179481	3.925923969
 	199.8671088	1.829404162
 	199.9034556	3.032603567
 	199.9198938	3.409506488
 	199.9287005	0.743089369
 	199.9385466	1.514176969
 	200.0234035	3.071909325
 	200.123698	4.439219072
 	200.1762759	4.424084976
 	200.2338153	1.503794066
 	200.3044596	1.639100353
 	200.3461753	0.342556142
 	200.3765296	2.227763036
 	200.3795239	0.966179238
 	200.4002269	0.573065033
 	200.5813714	2.420859993
 	200.7018151	3.117620756
 	200.7201762	4.497888312
 	200.8341588	3.720155886
 	200.8885894	4.461153966
 	200.9179248	4.514991844
 	200.9640643	2.143969164
 	201.1176332	4.774975236
 	201.119491	0.989500919
 	201.1485182	1.576874245
 	201.1542214	4.879663512
 	201.1996854	3.531400563
 	201.2311058	3.548472376
 	201.2793451	0.517414134
 	201.3026982	2.418362297
 	201.3101767	0.060038672
 	201.423372	4.463943001
 	201.6001071	4.465621887
 	201.6402114	2.175054342
 	201.6403167	4.452531175
 	201.6613961	2.314038895
 	201.6920449	2.243697869
 	201.751453	2.035861036
 	201.7609901	2.847774299
 	201.8157334	4.208765769
 	201.9181137	0.688012493
 	201.9521309	3.090643663
 	201.9981883	2.994387328
 	202.0672364	2.982939053
 	202.2623733	4.844082184
 	202.3072173	0.727874097
 	202.3342317	4.199800011
 	202.4000775	4.478199493
 	202.4374455	1.182956941
 	202.4482757	0.510623858
 	202.4574337	1.023933833
 	202.4613583	2.405956437
 	202.499521	0.305189321
 	202.5090287	0.317209251
 	202.5161593	0.29995722
 	202.6289684	0.271143637
 	202.7241067	0.938073071
 	202.7866034	0.692565044
 	202.8536893	1.981126703
 	202.9871566	3.117793267
 	203.0708761	4.280285624
 	203.1045467	3.061237205
 	203.1299711	4.802425449
 	203.1362811	0.060957345
 	203.1517872	2.767845769
 	203.1860484	0.768913286
 	203.2336092	4.947137775
 	203.2424121	3.532536342
 	203.2675421	4.981815605
 	203.2741597	3.883524463
 	203.3875733	1.306645564
 	203.4459108	2.045588462
 	203.4573929	4.44498106
 	203.4577644	3.315904822
 	203.4593372	2.35857298
 	203.4723482	3.293156697
 	203.4768923	3.283648461
 	203.5067033	1.096110911
 	203.515087	4.753870831
 	203.5196397	3.347128454
 	203.5238126	4.78052517
 	203.5386017	4.988079709
 	203.5416771	1.987695399
 	203.5424689	4.868591549
 	203.5966215	4.928623791
 	203.6398258	4.946219291
 	203.6406351	4.918843799
 	203.6534012	0.596054349
 	203.6634754	4.130397341
 	203.7124503	4.236924245
 	203.7304776	4.965175548
 	203.7689895	3.660743408
 	203.8519422	1.410678927
 	203.9107246	1.555388793
 	203.9178041	3.293336891
 	203.9180371	1.508208085
 	203.9283004	3.001770495
 	203.9508232	2.999082414
 	203.9940519	1.73010145
 	203.9994315	3.638816002
 	204.0329418	3.509424313
 	204.0426763	3.312159212
 	204.0881463	3.330953848
 	204.156229	1.259675923
 	204.1558957	4.188673138
 	204.18315	3.276345061
 	204.2006872	3.280407558
 	204.2083858	3.525350496
 	204.23881	3.493259969
 	204.2439811	0.225751734
 	204.2612966	4.930059831
 	204.2808323	4.692443177
 	204.3133383	2.429790486
 	204.3279003	3.938635263
 	204.3407583	4.689085462
 	204.3468489	3.897507411
 	204.3670078	2.220622432
 	204.3722376	4.104691461
 	204.3751829	1.083147499
 	204.3962558	0.782153361
 	204.4254438	3.472564047
 	204.4691304	3.795579224
 	204.5200721	4.141410118
 	204.5268468	0.020438577
 	204.5472784	4.514671686
 	204.5659403	4.542513609
 	204.5840719	1.89065384
 	204.6026817	1.04490891
 	204.618655	0.5101716
 	204.6209633	2.528471025
 	204.6341439	0.540302318
 	204.6655538	0.54590869
 	204.6835433	4.459230018
 	204.7144049	4.431712698
 	204.7257652	4.130666328
 	204.733867	4.229086951
 	204.7357516	2.150823014
 	204.7690537	2.163795134
 	204.7960655	4.979769351
 	204.8050546	4.623349398
 	204.8223694	0.336558928
 	204.8639395	4.51068409
 	204.8706383	1.073253993
 	204.8738038	4.511401403
 	204.8838719	2.981404716
 	204.9447359	2.626508918
 	204.9702981	0.840047104
 	204.9771506	2.12204462
 	204.989939	0.830832314
 	204.9929742	0.846614033
 	205.0521509	2.480199137
 	205.0703862	2.444153566
 	205.070963	3.839917625
 	205.0748567	1.292793301
 	205.0892441	1.542462276
 	205.1132288	4.773872054
 	205.1133811	2.002140343
 	205.1181776	3.758648462
 	205.1293293	4.754767647
 	205.1300012	4.619144039
 	205.1409899	4.820280915
 	205.1440989	4.699699001
 	205.1481368	4.816821687
 	205.150066	2.084265694
 	205.1773051	4.813640971
 	205.2396729	0.926150945
 	205.2458295	3.069713015
 	205.3333819	4.95638748
 	205.3854099	4.194204688
 	205.4037554	4.846042237
 	205.4256659	4.449963588
 	205.4280959	4.274146057
 	205.4663064	4.933705024
 	205.4951679	2.312394849
 	205.4953933	4.763597068
 	205.5208641	0.718328525
 	205.5424281	3.696243739
 	205.5454095	4.262828409
 	205.5717334	4.619836312
 	205.6076724	3.856058661
 	205.6403944	3.198696169
 	205.6441193	4.528997083
 	205.6785256	3.302048578
 	205.7166413	0.946297714
 	205.7421824	3.25414622
 	205.8309069	1.322424933
 	205.9174796	3.896570823
 	205.9374081	3.889066233
 	205.9901971	0.79736995
 	206.0022685	4.734517236
 	206.007547	4.047487095
 	206.0198601	3.905706003
 	206.0211732	3.050639931
 	206.1410361	4.775767396
 	206.1723043	4.942170622
 	206.210308	4.023899195
 	206.552797	3.505912571
 	206.6002838	1.578781213
 	206.6232734	3.878439475
 	206.6757299	3.459727887
 	206.7163605	3.74789692
 	206.7254596	3.660842618
 	206.7796149	3.622400423
 	206.7884288	3.643954734
 	206.8107951	3.138546211
 	206.8271938	3.767536523
 	206.8814296	0.36699425
 	206.9101705	3.334142243
 	206.9247037	3.366276314
 	206.9295808	3.411624244
 	206.9904395	3.449738378
 	207.0007965	4.98824753
 	207.0255493	3.78049984
 	207.0659601	4.370466537
 	207.2437857	3.522549446
 	207.3173258	4.175629854
 	207.3460112	4.259141095
 	207.3723127	4.214815182
 	207.4114235	4.238399342
 	207.4199936	4.235186052
 	207.471571	4.177998779
 	207.4834474	4.139957438
 	207.6450163	4.253985521
 	207.793856	4.361607602
 	207.9778399	2.437857443
 	207.9889363	2.003431243
 	207.9986176	2.470038513
 	208.0167662	3.369002394
 	208.0407872	3.636822268
 	208.0419619	2.325282281
 	208.0481704	2.315268666
 	208.0505448	2.404045435
 	208.0520814	3.655186045
 	208.0606742	2.359692894
 	208.0950556	2.345836807
 	208.1011845	0.088864206
 	208.1437969	1.77813902
 	208.1494943	0.818474965
 	208.1535996	0.022461654
 	208.1607304	3.464080852
 	208.1837249	0.802808724
 	208.1856171	0.130316041
 	208.1999422	1.963493206
 	208.2019836	0.800017582
 	208.2088394	2.263826276
 	208.2144151	1.677462939
 	208.2355816	2.814607828
 	208.2537212	2.262098978
 	208.2576279	1.436656789
 	208.2896713	4.960822307
 	208.3097636	3.898365185
 	208.3515558	0.909814505
 	208.381922	2.609032488
 	208.3848459	2.25927781
 	208.4251087	3.377700723
 	208.4246757	0.121654757
 	208.4350019	1.188067285
 	208.4371842	0.055720444
 	208.5163219	3.951641505
 	208.5422676	3.772980118
 	208.5873919	4.035628499
 	208.7360367	2.09581676
 	208.7711245	3.296035211
 	208.810164	1.907590635
 	208.9234781	2.871063887
 	208.9260923	4.394894658
 	208.9910406	3.046124093
 	208.9963401	0.75412576
 	209.0433153	1.797738249
 	209.4567265	2.453642492
 	209.6860951	2.456740018
 	209.6899781	2.844331707
 	209.7067789	2.03624446
 	209.9659341	2.091734597
 	209.9810232	4.561907949
 	209.9833415	1.994413228
 	210.345123	1.991328948
 	210.3646033	1.973199982
 	210.4435593	1.156894492
 	210.508502	0.993308836
 	210.555151	4.095171689
 	210.6746507	1.889816598
 	210.7473335	0.516197052
 	211.3599238	3.033343358
 	212.1364626	3.02459725
 	212.194822	4.909856661
 	212.5937568	4.015616868
 	212.8886544	4.48264442
 	212.9411167	1.947263543
 	213.1666278	1.754996492
 	213.2052276	1.489259027
 	213.783047	3.112882834
 	213.8002549	4.871945036
 	213.8013014	4.824343151
 	213.8489114	4.408622154
 	213.8551907	4.934087584
 	213.9482873	4.160070164
 	216.0729311	4.699676097
 	216.8521898	3.072240446
 	216.8581845	2.945544176
 	216.8984175	2.95453383
 	216.9869793	0.02256137
 	218.3893699	3.274771196
 	218.610341	0.830821636
 	219.1750225	2.386016012
 	219.7877273	4.55179425
 	219.8941363	2.651006033
 	220.0273482	3.873382028
 	220.1539944	3.464769721
 	220.1592952	3.35647644
 	220.3727824	3.195273667
 	220.5885935	3.270942769
 	221.8368794	0.010956889
 	222.348276	4.23118148
 	222.8474711	0.007130968
 	223.2881521	4.851334175
 	223.5792037	4.936503382
 	223.6302348	4.937857969
 	223.8019323	2.816877629
 	223.806549	3.612039091
 	223.8873927	3.037208999
 	224.0283311	1.924992196
 	224.1100067	2.347716537
 	224.2297406	4.205135636
 	224.3770528	3.77584041
 	224.5345833	3.424013415
 	224.6416558	3.518534367
 	225.9595937	0.565607047
 	227.6531052	3.309032943
 	230.9414783	2.670354972
 	230.9459386	4.261439868
 	231.2452626	4.789677778
 	231.2682696	4.829915629
 	231.2711957	4.906467702
 	231.7160508	3.597536159
 	231.7359533	4.073686428
 	232.170622	1.377444125
 	233.398645	3.875301629
 	233.8943755	4.784838403
 	233.9136067	2.427896811
 	234.5442684	4.780500353
 	234.7282538	4.583055148
 	235.0844181	3.634317692
 	235.8744916	4.794467994
 	235.9975985	4.02639769
 	142.8538654	4.343217722
 	155.6602436	0.620368032
 	158.7728484	0.281422707
 	159.3827548	0.521480602
 	189.6056256	1.7844396
 	190.6622055	0.685987822
 	206.0438509	4.147038021
 	206.8838901	4.096561844
 	180.8631793	4.867066381
 	203.9971124	3.764057378
 	211.1573059	0.10923836
 	149.917391	0.044279277
 	163.0289005	4.474085298
 	169.7484707	3.312542806
 	203.5203089	3.330823537
 	151.4852432	3.770092324
 	142.4405202	2.206485115
 	134.4838099	1.516837541
 	139.5030103	0.529128139
 	141.3355875	3.115133724
 	142.3618977	1.875934521
 	143.8405576	2.985921681
 	144.4216438	2.778680107
 	144.5536156	2.943943236
 	146.4588741	3.669827877
 	146.5745432	3.416237371
 	146.8863885	3.982135834
 	147.9993836	4.240171316
 	148.5590978	2.480267031
 	151.4294664	1.615282502
 	152.7584237	3.574575329
 	156.4960639	0.512869361
 	156.9588516	2.504130895
 	159.6330233	0.096847631
 	159.6845774	3.8992781
 	168.2578477	4.038490615
 	168.9721072	4.378655139
 	169.0427504	3.534400766
 	170.0689163	0.70445005
 	173.4203313	2.250788621
 	173.4827652	1.03305902
 	174.2541013	3.438849467
 	177.8847787	2.410198135
 	180.6956126	2.400792576
 	183.8728457	2.761308275
 	185.3295066	3.787590331
 	186.1097788	1.772534876
 	187.7509443	0.265358991
 	188.8258909	1.38316754
 	192.0318348	3.633336635
 	194.5696164	4.130793216
 	200.6988075	3.779381186
 	204.549749	4.240858124
 	204.5764996	3.925609545
 	205.2074124	2.817855908
 	205.3331776	2.965572714
 	206.1743489	3.047261433
 	206.3765015	1.255809112
 	208.49954	3.232342705
 	208.7396544	3.368964213
 	209.7851498	3.51143101
 	210.894088	1.858396863
 	215.1406158	4.685145821
 	132.0035867	0.816535324
 	133.5799386	1.993146233
 	134.5431326	1.343248808
 	135.5889898	0.682168518
 	136.4167353	1.857547197
 	136.5226415	0.213489686
 	137.1464398	2.902229601
 	139.63097	1.334402096
 	139.7081919	1.023085565
 	139.7124032	0.777569654
 	140.0523092	1.152304645
 	140.2569212	0.924348645
 	140.4377991	1.241299192
 	140.7932952	1.453152422
 	140.9681206	0.815815084
 	174.1955337	0.398559774
 	174.7018628	0.301174006
 	175.8209424	0.480602843
 	177.0393952	0.112006485
 	180.0131933	0.342997717
 	180.3924082	1.473809774
 	180.4510348	1.772386017
 	180.9799673	0.551804561
 	180.9962677	1.832340655
 	181.0467716	1.769846847
 	181.0545997	1.690983138
 	181.094179	1.867311226
 	181.1160034	1.884497641
 	181.1720845	0.013388362
 	181.1859727	1.712611755
 	181.1889473	1.920262856
 	181.1929267	1.501177234
 	181.2029823	1.646604183
 	181.2425923	1.751290154
 	181.3419267	1.834647994
 	181.526468	1.60024704
 	181.6247594	1.828004694
 	181.7834957	1.07732149
 	181.8656966	1.297589033
 	182.1417933	1.201691894
 	182.524974	0.309800725
 	182.5307181	0.426243692
 	182.6414471	0.67155209
 	182.798675	1.120765896
 	182.8978763	0.591067538
 	182.9272492	1.352080898
 	183.0483354	0.126266684
 	185.2601521	0.006217461
 	185.9638717	0.514712047
 	216.9573601	1.469949414
 	217.2388906	1.068410978
 	218.9125278	1.152017741
 	222.8072758	0.028153116
 	139.9899583	0.845531465
 	0.013432752	-1.112888633
 	0.018611309	-0.083353019
 	0.032668989	-0.040437764
 	0.708987967	-0.588727686
 	1.146786991	0.848664854
 	1.90903883	-0.367716877
 	2.210539281	-1.170201854
 	2.315459184	0.812645763
 	3.02546117	-0.415119565
 	3.48261293	0.016018409
 	4.191891922	-1.108172031
 	4.286732606	-0.958039502
 	4.357779328	-0.97832513
 	4.416513633	0.506245712
 	4.4761793	0.329565816
 	4.48089116	0.335329528
 	4.535899116	0.478086473
 	4.753573521	0.661813554
 	4.812886175	0.91559609
 	4.891075129	1.049072194
 	4.947273246	0.590817035
 	4.9970127	0.72944314
 	5.007256559	0.653967697
 	5.074780493	1.114613341
 	5.107740729	0.826609177
 	5.114721006	0.833616057
 	5.119584707	0.541220653
 	5.141133958	0.85660048
 	5.257265035	0.99258607
 	5.262129304	0.833539572
 	5.282471887	0.831743051
 	5.397087912	1.165649196
 	5.440905905	0.557605599
 	5.586809847	1.126337022
 	5.948672638	-0.661449695
 	6.121428542	-0.829377687
 	6.268011383	-1.05081468
 	6.325126976	-1.231094321
 	6.333112333	0.525463149
 	6.39343595	0.846897758
 	6.604356468	1.020053876
 	6.636913856	1.094463132
 	6.974433376	-0.966719618
 	7.139569024	-1.179963314
 	7.201147711	-0.167710071
 	7.410049124	0.410366282
 	7.682566013	-0.299549724
 	7.717457915	0.528893699
 	7.720193514	0.542032065
 	7.752697047	0.435596492
 	7.800475567	-0.407282329
 	7.930626305	0.90061022
 	7.948119071	0.558726017
 	7.958349011	-0.991013514
 	8.312234957	0.201377386
 	8.872633099	0.531976995
 	9.126343833	-0.287334365
 	9.37026201	0.277703564
 	9.421508311	0.555584922
 	9.499316094	0.710051196
 	9.668480725	1.140725224
 	9.805950831	0.864281411
 	9.814491254	0.942662972
 	9.824425419	0.912873095
 	9.895471022	0.860098947
 	9.930632668	0.96071864
 	9.944275274	0.081373393
 	10.01902334	0.048237071
 	10.11219619	-0.045310598
 	10.11332141	0.32853565
 	10.14646404	-0.293514569
 	10.14955586	-0.271353275
 	10.15793722	-0.330447329
 	10.21882654	-0.525104689
 	10.24767079	0.771700629
 	10.26805707	0.908046048
 	10.37221115	-1.195973392
 	10.40004677	1.073768345
 	10.40832897	0.258029497
 	10.41736498	0.208965894
 	10.44241892	1.177409433
 	10.45585728	-1.028261206
 	10.45998635	-1.023815291
 	10.51568833	0.719054987
 	10.53852871	-0.087803967
 	10.5471897	0.904742243
 	10.56624122	0.845527928
 	10.6294601	1.077197154
 	10.71074986	-0.815254428
 	10.866253	-0.124956438
 	10.88584141	-0.050512512
 	10.96624009	0.801811041
 	11.12297311	1.108553702
 	11.16213572	-0.362277049
 	11.390782	-1.104134294
 	11.39615135	-1.20608591
 	11.69636797	-0.701297194
 	11.81975243	-1.148584994
 	12.25478346	0.669707518
 	12.39893745	1.115894041
 	12.46778871	0.962905894
 	12.55088394	-0.582991219
 	12.62107355	-0.530611599
 	12.71497269	0.851470197
 	12.95599714	0.564930671
 	13.56487573	-1.082182134
 	13.66630964	0.75545443
 	13.92220573	-0.941855923
 	13.93737983	0.588350755
 	14.52349709	-0.899624433
 	14.66687199	0.581803568
 	14.70361497	0.587494313
 	14.73143276	1.005699658
 	14.76717437	1.001183474
 	14.91803611	-0.776978097
 	14.9258155	0.916754457
 	14.98552101	-1.221924821
 	15.20905116	-0.731312339
 	15.45717017	0.473489633
 	15.50403078	0.512193899
 	15.67678283	-0.749546973
 	15.7245602	-0.319660612
 	15.74787557	-0.678195447
 	15.75727543	-1.110845195
 	15.80798127	-0.712258039
 	15.8220648	-0.341039369
 	15.83137466	-0.589595149
 	15.89003644	-0.607004947
 	15.91185999	-0.490816851
 	15.96511333	-0.358645107
 	15.97510234	-0.440703471
 	15.98354029	-0.673125705
 	15.99053334	-0.898152077
 	16.03046745	-0.969991733
 	16.0371184	-0.095498496
 	16.0594792	-0.116647668
 	16.06053082	-0.780390393
 	16.06160806	-0.844722618
 	16.06320372	-1.114110341
 	16.06997321	-1.07492619
 	16.07080984	-0.764795163
 	16.10927155	-0.65961046
 	16.12175518	-0.440744674
 	16.14961249	-0.918296357
 	16.16135967	-0.890988771
 	16.17028026	-0.802631005
 	16.17312903	-0.955732162
 	16.20546763	-0.288051733
 	16.21627629	-0.647813191
 	16.23662767	-0.906001328
 	16.2794844	-0.819484535
 	16.32839175	-0.460931599
 	16.3727076	-0.344431311
 	16.47550789	-0.985962952
 	16.49837119	0.269057667
 	16.52967249	0.776302998
 	16.59780917	0.34547736
 	16.61656067	0.650148543
 	16.63973922	-0.133630248
 	16.64493902	-0.766766069
 	16.65854663	0.697866529
 	16.69547856	0.243683163
 	16.71248344	-0.570378644
 	16.73577308	-0.756458037
 	16.74755868	-0.596009712
 	16.76644683	-0.036118554
 	16.78835808	-0.621582382
 	16.78901476	-0.649964901
 	16.82763298	0.934246421
 	16.84414705	0.926000346
 	16.84762811	0.89276861
 	16.84833333	1.000314623
 	16.86128529	0.890829006
 	16.8814436	0.889803069
 	16.9199803	-0.804944683
 	17.00923067	-0.075376699
 	17.01447239	1.145462416
 	17.02192199	-0.794872407
 	17.05550051	-0.343284929
 	17.0928513	0.020142496
 	17.38504476	-0.343922206
 	17.42779101	-0.953701945
 	17.50499263	0.411853938
 	17.65950034	-0.277932231
 	17.70709471	0.550219526
 	17.7118889	0.198241371
 	17.74723615	0.433701902
 	17.81569985	-0.455694853
 	17.89810733	0.46234413
 	17.93557088	1.15832528
 	17.94402103	-0.664252811
 	17.95961246	-0.61966621
 	17.9638163	-0.630292175
 	18.03606319	-0.410120417
 	18.14126151	0.293690102
 	18.14881003	-0.414615447
 	18.16902079	-0.528220926
 	18.17756156	-0.245428594
 	18.17841717	-0.402489424
 	18.20249024	-0.290107698
 	18.23930162	-0.344890382
 	18.2498125	-0.252408662
 	18.26188359	0.678050538
 	18.31064245	-0.341650888
 	18.33415513	-0.395477256
 	18.35353867	0.220526193
 	18.42439532	-0.102614578
 	18.44162057	0.945633285
 	18.55562783	-0.283924484
 	18.63183791	-0.067249121
 	18.65586775	1.181733875
 	18.66111551	-1.020443617
 	18.69294329	-0.001015152
 	18.69710925	1.121284289
 	18.79703548	-1.150225926
 	18.8171692	-1.100034474
 	18.84268877	-0.158422071
 	18.90388828	-0.952941033
 	19.1499253	1.202272649
 	19.22360832	0.153208991
 	19.36223172	-0.783271241
 	19.55187631	0.476814732
 	19.6157066	-1.025306283
 	19.68700429	-0.906197118
 	19.7689068	-0.138442533
 	19.8209561	-0.113676307
 	19.93269549	-0.382618831
 	19.9722512	-0.087626481
 	19.99469951	0.722289132
 	20.03256814	0.077055555
 	20.24362131	-1.158594919
 	20.31946552	-0.544325768
 	20.36546079	0.710441773
 	20.45219321	0.943216155
 	20.49083941	0.573945036
 	20.58786047	-0.486117534
 	20.64341509	0.866567202
 	20.66375654	-0.096502265
 	20.66761741	0.721247059
 	20.69184406	-0.426391887
 	20.75375789	1.208934181
 	20.85495899	0.75534605
 	20.87231787	1.21816243
 	20.88036294	1.180040851
 	20.95718718	0.272552104
 	20.97347162	-0.084992502
 	20.97824018	0.282366151
 	20.97836434	-0.311394742
 	20.98945136	1.105698713
 	21.06201115	1.048939211
 	21.07998455	-0.051225223
 	21.12360059	-0.369436838
 	21.126318	-0.888571922
 	21.12809287	0.834581154
 	21.13202149	-1.176483673
 	21.13420919	-1.198724786
 	21.15527072	-0.779805301
 	21.20254573	1.036824873
 	21.20409025	1.174261212
 	21.21892195	-1.240090118
 	21.22885416	-1.108347286
 	21.27545104	-0.408592667
 	21.27801194	-0.135252089
 	21.31243246	-1.124034908
 	21.31999879	1.164249169
 	21.34006428	0.160536075
 	21.34286344	-0.644155173
 	21.34871004	-1.194692365
 	21.34938167	-1.081583278
 	21.37142428	-0.057265138
 	21.37406734	-0.703700696
 	21.39222171	-1.207593149
 	21.41456494	0.130037222
 	21.41560914	1.178232951
 	21.44832349	-1.179504698
 	21.47805457	-0.987811007
 	21.49010032	0.966697857
 	21.51045308	-1.225462054
 	21.52307266	-0.420230486
 	21.55697603	0.358586733
 	21.59900555	-0.938666057
 	21.62220549	0.548910361
 	21.64592843	-1.112886319
 	21.64978155	-0.870672294
 	21.65424493	-0.089944418
 	21.67615021	-1.087765671
 	21.69029168	-0.546434814
 	21.69056443	-0.197773533
 	21.70725271	-0.974750559
 	21.71568618	-0.222477962
 	21.72198129	-1.189253912
 	21.73251714	-0.015115671
 	21.73381186	-1.239485275
 	21.73803545	-0.893560944
 	21.74529793	-1.113156553
 	21.7648379	-0.256603331
 	21.77746523	-1.12226132
 	21.81119596	1.028071101
 	21.81237221	-0.5774092
 	21.83780568	-0.269060535
 	21.8448253	-0.865810212
 	21.86316096	-1.117472723
 	21.89828472	-0.988641568
 	21.89958391	-1.104928496
 	21.90328463	-0.546120078
 	21.92923685	-1.139394738
 	21.93303228	-0.904681876
 	21.94523892	0.500967436
 	21.96879619	-0.504200759
 	22.00784447	-0.669129438
 	22.00898745	-0.738280082
 	22.15606718	-0.069265018
 	22.23559118	0.633273023
 	22.24454765	-0.948815068
 	22.24824558	-0.561843954
 	22.36075376	-1.199714338
 	22.43337766	-1.2413582
 	22.47192032	-1.17192516
 	22.51510336	0.743157395
 	22.5257853	0.74522841
 	22.53693862	-0.778875281
 	22.61700793	-0.730177632
 	22.71048867	-0.749755205
 	22.8019211	-0.610754713
 	22.84558181	-0.674087681
 	22.85486822	-0.886115957
 	22.86000945	-0.454062403
 	22.86667468	-0.934153948
 	22.91841953	-1.182362468
 	22.92564457	-0.932826048
 	22.9777035	-0.814615089
 	23.02243738	-0.726034303
 	23.17732999	-1.100372172
 	23.25825316	-0.689873331
 	23.28052692	0.175992918
 	23.3946389	-1.09088753
 	23.42262727	-1.158313575
 	23.4360545	0.953192627
 	23.51038325	-1.075685492
 	23.5315736	-1.048317517
 	23.53319552	-1.032059631
 	23.57074077	-1.127375279
 	23.65635416	-1.052193778
 	23.71681349	-0.64866663
 	23.78668009	0.717824
 	23.80712253	-1.177143405
 	23.90269536	0.014879905
 	23.93366409	-0.388013705
 	24.0007909	0.663565025
 	24.05552264	-0.610398794
 	24.2964724	0.882486568
 	24.40502549	0.040311732
 	24.63460304	-0.516256983
 	24.64574297	0.334976764
 	24.67880796	-0.348026711
 	24.69762656	1.071858748
 	24.82146563	0.339472283
 	24.97922876	-0.254776631
 	25.06037276	-0.515089408
 	25.22058091	-0.213735267
 	25.31465963	-0.704705492
 	25.62891194	-0.819318538
 	26.26402191	-0.301074126
 	26.7278672	-0.613913317
 	26.95776309	-0.304108944
 	27.12572062	-0.212696299
 	27.1274829	-0.062862285
 	27.52964402	-0.739920567
 	27.76353499	0.310580975
 	27.91860285	-0.071240248
 	28.10125658	-0.285463944
 	28.2243019	-0.90206277
 	28.35831951	-1.189248442
 	28.40940887	1.161905138
 	28.49702432	-0.75037178
 	28.50697574	-0.04653364
 	28.53349419	-0.742193957
 	28.56520988	0.087098341
 	28.59331221	-0.628383756
 	28.60986234	-0.211859852
 	28.62392345	-0.526175819
 	28.62367378	1.192258917
 	28.63643996	-0.770071742
 	28.65018447	-0.156275978
 	28.65177676	-0.071428255
 	28.67107369	-0.143227587
 	28.67447427	0.611756775
 	28.68089006	-0.27861907
 	28.69391216	-0.738931204
 	28.72135373	-0.597023059
 	28.74326904	-0.474932548
 	28.75781778	-0.626360918
 	28.76498979	0.012855826
 	28.86205005	0.104413868
 	28.8678461	0.950486903
 	28.89962934	-0.391175995
 	28.90775048	-0.584041703
 	29.04406061	0.254481894
 	29.14502695	-1.182681136
 	29.17828363	-0.766125107
 	29.22860316	-0.640215316
 	29.23366962	-0.815353006
 	29.27224041	-0.468548201
 	29.30098587	-0.49275155
 	29.62740225	-0.505527888
 	29.64602218	-0.485476215
 	29.64911435	0.149179702
 	29.6587346	0.485483911
 	29.68243768	0.761297684
 	29.71791205	0.568391548
 	29.79746376	0.110018426
 	29.79749984	0.377959592
 	29.91928182	0.720970201
 	30.03630427	0.464095874
 	30.06544654	0.19926978
 	30.28936373	0.086199693
 	30.47305788	-0.255848714
 	30.54933955	-0.130328882
 	30.55171056	-0.100878344
 	30.85772479	-0.820521238
 	30.85777097	0.960310528
 	30.92241314	-1.12651313
 	30.92263141	1.197552647
 	31.12730785	0.43122562
 	31.19668666	0.835104537
 	31.2001857	1.207826141
 	31.22964752	0.770476404
 	31.32623968	0.055692716
 	31.44328679	0.626112477
 	31.62574909	0.973591219
 	31.67732866	-0.860216303
 	31.74956322	1.013720862
 	31.76341491	1.042323118
 	31.86923636	0.685644879
 	31.94498982	0.035556368
 	32.19047604	0.484839354
 	32.2009779	0.800704779
 	32.2752807	1.183804364
 	32.33333958	1.045317518
 	32.34650697	0.890968729
 	32.37358947	1.168463899
 	32.40044109	1.091216693
 	32.48745938	0.876554583
 	32.67558301	-0.638324925
 	32.74217041	1.20584444
 	32.77672894	-0.655191663
 	32.78464095	-0.654667893
 	32.81781896	-0.650025616
 	32.99952987	1.218350963
 	33.00179434	1.225947768
 	33.028024	1.209289659
 	33.23143314	-0.467147255
 	33.41002109	-0.717246377
 	33.50762643	-0.97743831
 	34.01581039	0.917738102
 	34.16507725	-0.654668479
 	34.18656396	1.069640809
 	34.19863773	-0.652493509
 	34.26133474	0.612482881
 	34.27001339	1.244309356
 	34.46499574	1.224519521
 	34.58709552	0.378530343
 	34.74936752	-0.601433978
 	35.28183852	1.218227
 	35.44256099	0.564657084
 	35.4632573	-0.962496709
 	35.78204878	0.990369077
 	36.16341826	0.804475881
 	36.50527885	1.018087448
 	36.52816783	-0.33172171
 	36.59657943	-0.491883165
 	36.83050091	1.02557982
 	36.8873488	-0.244386771
 	36.90242561	-0.385989578
 	37.04331534	0.014698616
 	37.06058323	0.652768535
 	37.15254729	-0.24656214
 	37.21733231	0.883354536
 	37.22803643	0.37042599
 	37.37353706	0.780835615
 	37.38751332	0.893896815
 	37.3912736	0.373642808
 	37.39517673	-0.312556281
 	37.4136984	0.123389427
 	37.44388875	1.110768281
 	37.45640896	0.813170064
 	37.48510874	1.179174088
 	37.58256533	0.913143715
 	37.61980308	1.087835855
 	37.62505404	0.790397984
 	37.6253596	0.380055526
 	37.69930999	0.604163671
 	37.70530521	-1.015233203
 	37.72295484	0.966565796
 	37.77386262	1.216320417
 	37.80434576	0.367129981
 	37.80533252	1.244870746
 	37.80731706	1.193958697
 	37.8347372	0.06376056
 	37.85893046	1.247504315
 	37.89021912	0.756625171
 	37.90716952	-0.139791309
 	37.92699444	1.196928859
 	37.93005888	0.904493459
 	37.93082754	0.293589736
 	37.93563071	-0.945223047
 	37.95762618	1.248085604
 	37.97671387	1.115726809
 	37.99080634	1.246484854
 	37.99755178	0.748024953
 	37.99831091	0.910065414
 	38.02228804	1.210000098
 	38.04291943	1.247454652
 	38.04653532	0.913731359
 	38.0767849	0.99274786
 	38.07835229	0.900259546
 	38.08129704	0.671889492
 	38.09015522	1.175013835
 	38.10407431	0.964197199
 	38.10834144	0.340244176
 	38.11889297	0.889498092
 	38.12220909	0.775962555
 	38.12515093	0.233825329
 	38.13260978	0.057965901
 	38.14625242	1.094242617
 	38.15247546	0.976440842
 	38.15339266	1.093582735
 	38.1592397	0.594466324
 	38.16372891	0.617667542
 	38.16526293	-0.701711296
 	38.16734449	0.260130184
 	38.17738422	0.970562868
 	38.19782545	0.678065646
 	38.20417855	1.163937841
 	38.20900772	-0.353249867
 	38.20930515	0.661065886
 	38.21170339	1.149212945
 	38.23281718	0.683440161
 	38.23317072	1.230790333
 	38.24532155	1.153348281
 	38.24752191	0.446801418
 	38.25369696	0.674192508
 	38.25523822	0.42092388
 	38.26447774	0.682627976
 	38.26644452	0.645103162
 	38.26821206	0.693821745
 	38.26906304	0.931239694
 	38.31301243	0.389314865
 	38.38161397	1.140020886
 	38.38583208	-0.075916825
 	38.42392751	1.114421493
 	38.46347989	1.080907558
 	38.46521475	1.137192608
 	38.48449492	0.924080387
 	38.55057891	-0.204830451
 	38.67098423	0.811510861
 	38.8937726	0.664711778
 	38.90498851	0.683005017
 	39.09852125	0.708676762
 	39.37921961	-1.124481367
 	39.66770081	0.56044347
 	39.67111233	-0.756343271
 	39.6993181	1.222552286
 	39.7940732	1.143424591
 	40.20038166	1.10484426
 	40.28518059	1.12548558
 	40.29147929	1.118159365
 	40.34088355	0.05816217
 	40.39573463	1.234880326
 	40.5570417	0.382817845
 	40.56017461	0.877858703
 	40.91593553	0.667391613
 	41.00631219	0.176367655
 	41.0683596	0.341644634
 	41.3185798	-0.134466559
 	41.44842974	-0.240807032
 	41.51956353	-0.012947108
 	41.5948938	-1.171482414
 	41.72053811	-0.454258411
 	41.72728682	-0.436309031
 	41.80853343	-0.849926804
 	41.86614734	-0.285063028
 	41.86868154	-0.268138526
 	41.87323706	-0.537394085
 	41.88338925	-1.246356252
 	41.90954507	-0.854302915
 	42.07031837	-0.286256432
 	42.14355817	-0.993079842
 	42.16117714	-0.271300192
 	42.20033896	-0.983050316
 	42.21178941	-0.767336829
 	42.22803906	-0.966673551
 	42.31184039	-1.207976648
 	42.36649249	-0.873045741
 	42.38738134	-0.784381037
 	42.39762202	-0.723411334
 	42.40285201	-1.175005811
 	42.40374464	-0.859093908
 	42.40727407	-0.842498902
 	42.42065003	-0.523268983
 	42.47343368	-1.003402695
 	42.50320835	-1.248552876
 	42.54208027	-0.867064607
 	42.54774111	-0.998998096
 	42.58260471	-0.726272505
 	42.60782661	-1.249815597
 	42.69916398	-0.611723378
 	42.80313215	-0.96543479
 	42.80545074	-0.844904196
 	42.81264868	-0.973150921
 	42.89634773	-0.733735926
 	42.94260892	-1.152775974
 	42.97762392	-0.979997504
 	42.98389096	-0.836278217
 	42.99903278	-1.174644455
 	43.07978611	-0.848123381
 	43.14883233	-1.232267237
 	43.15619724	-1.169047659
 	43.1975675	-1.200390931
 	43.20096926	-1.219271927
 	43.22274355	-0.86382908
 	43.25107715	-1.142790786
 	43.29879098	-0.856420664
 	43.33266654	-1.13332995
 	43.46700154	-0.288526562
 	43.52223642	0.00679677
 	43.59307456	-0.422488213
 	43.59494422	-0.410747919
 	43.60896397	-0.689620848
 	43.73122898	0.110685719
 	43.76346667	-1.189326895
 	43.85088872	-1.027098694
 	43.95385209	1.079404723
 	43.96593676	1.219544776
 	44.11333976	0.87577078
 	44.29923597	-0.222984386
 	44.32805458	-1.192168427
 	330.4587135	-0.707296015
 	330.5340477	-0.636526469
 	331.0366222	-0.925584805
 	331.2331135	-0.597589961
 	331.2445871	-0.464427676
 	331.2508245	-1.035342689
 	331.3095198	-0.648189102
 	331.4257946	-0.561178721
 	331.5381948	-0.118511963
 	332.1436835	0.511794446
 	332.3192521	-0.994024526
 	332.997148	-0.253164161
 	333.1577472	0.511404103
 	333.1704509	0.501248731
 	334.1083019	-0.668303228
 	334.1452367	-0.722083257
 	334.720486	-1.058710691
 	336.2828956	-0.768266187
 	336.3205353	-0.909430326
 	336.9758273	-1.148971382
 	337.1224395	0.277248194
 	337.1261697	0.692433094
 	337.2772669	-0.179695503
 	337.9039605	0.214807641
 	338.052659	0.557575651
 	338.3633229	0.738782918
 	338.4278389	-0.673699909
 	338.4574348	0.482955388
 	338.6531369	0.173629825
 	339.346976	-1.02519825
 	340.2011797	-1.153566052
 	341.1018508	-0.162040871
 	341.195241	-0.087118876
 	341.5177009	0.937303366
 	341.7681486	-0.073803798
 	341.9143794	0.321130774
 	342.0138614	0.114661429
 	342.3948341	0.174714822
 	342.4477028	1.025020428
 	343.0944465	1.092538347
 	343.182092	1.079221425
 	343.194643	1.132848065
 	343.2053488	1.201266584
 	343.2438167	1.143110766
 	343.2633403	0.044519535
 	343.2687507	1.14456192
 	343.6207413	0.899243489
 	344.3385956	1.197071815
 	344.5188149	-0.461898408
 	344.7633833	-0.329398286
 	346.0172776	0.780780376
 	346.4815558	-0.539761751
 	346.6160956	-0.017017252
 	346.6497844	0.611879432
 	346.6630593	0.578256862
 	347.3241341	0.064215838
 	347.3457391	1.001318314
 	347.7664035	0.904953104
 	348.5811086	0.182621356
 	348.6382833	0.236084749
 	350.1468437	-0.880746671
 	351.0871006	0.996726688
 	351.1861726	1.030218009
 	351.35191	0.770118186
 	351.8773046	-0.853957226
 	352.4665288	0.146674009
 	352.4732578	0.251344925
 	352.6071371	0.15678606
 	352.6335997	0.081219079
 	352.6389057	0.143954905
 	352.6427404	0.135684074
 	352.6963253	0.086596689
 	352.8469379	-0.030648112
 	352.9991583	-0.80517944
 	353.0250162	1.118733964
 	353.0715547	-0.797762775
 	353.1054672	-0.84693846
 	353.1493399	-0.737188396
 	353.1715051	-0.757144908
 	353.2472642	0.722023215
 	353.8080792	0.041743122
 	353.8313598	1.191466031
 	353.9855054	0.704255657
 	354.7734335	0.554219371
 	354.7861107	0.463519403
 	354.8147638	-0.054882937
 	354.9219626	-0.034385684
 	354.9270919	0.832383737
 	355.0220073	-0.627800087
 	355.1362279	-0.550924577
 	355.1602018	-0.891812449
 	355.1851773	-0.887743557
 	355.2685676	1.134207878
 	355.326472	-0.612378598
 	355.5383942	0.285016494
 	355.5485201	0.357942972
 	355.6084304	0.256126176
 	355.7882036	0.363557017
 	355.983206	0.218114043
 	356.0085049	0.516989587
 	356.0729841	0.441820444
 	356.0925062	0.096475219
 	356.1254571	0.32059157
 	356.1576454	0.178015236
 	356.2628165	0.320669296
 	356.2703371	-0.270779928
 	356.7570082	0.552679139
 	357.0150575	1.056739961
 	357.0985299	0.17054571
 	357.2415361	0.514931103
 	357.3205383	0.399733807
 	357.441466	-0.657967349
 	357.4572075	-0.026945639
 	357.4906716	-0.648486376
 	357.5433426	-1.016817127
 	357.6904532	-1.079468409
 	358.0449095	-0.428229823
 	358.0561294	0.085400087
 	358.0661115	0.103039451
 	358.094491	-0.62866731
 	358.2474141	-0.366133127
 	358.2699259	-0.596899892
 	358.3571767	-0.506622753
 	358.379242	-0.740118052
 	358.4552658	-0.974297513
 	358.4688415	-0.098670617
 	358.469016	-0.729950799
 	358.551405	-0.010449714
 	358.6168155	-0.057993758
 	358.6349918	-0.046906637
 	358.7614807	-0.475443105
 	358.7836281	0.256896974
 	358.7974044	0.085604073
 	358.9037014	0.024346552
 	358.9666672	0.558145572
 	359.0163729	-0.988522021
 	359.0323479	0.549763715
 	359.0365073	0.482270822
 	359.0470131	-0.029171117
 	359.0564443	-0.540456144
 	359.0622696	0.508584916
 	359.1137583	-0.844480247
 	359.1440669	0.55035271
 	359.4323871	0.655221312
 	359.7748585	0.550201131
 	2.956088914	-1.087075933
 	13.96334522	-1.073583383
 	29.67025551	0.528889653
 	35.4876646	0.220657818
 	37.96005458	-1.043208702
 	22.50802869	0.736619021
 	30.75005275	0.027363419
 	34.09863497	0.904796153
 	14.76894623	-0.202582408
 	22.32016066	-0.030451903
 	343.0526878	1.062019076
